Time; Heat_flow
1838.14164327099; 3.03298107464970e-06
1893.80080293908; 1.93803355852990e-06
1949.45996260717; 1.45021744688310e-06
2005.11912227526; 5.94704523589988e-08
2284.58568141742; -5.05636124347300e-06
2340.24484108551; -4.60611580665400e-06
2395.90400075361; -4.44382134031590e-06
2451.56316042170; -4.37617817647860e-06
2731.02971956385; -5.41438419048650e-06
2786.68887923194; -4.99208953026040e-06
2842.34803890004; -4.48734260176590e-06
2898.00719856813; -3.73147921300320e-06
3177.47375771029; -3.85433300178990e-06
3233.13291737838; -3.53202905718140e-06
3288.79207704647; -3.82172848723590e-06
3344.45123671456; -3.87001753576670e-06
3623.91779585672; -4.15477937966220e-06
3679.57695552481; -3.77515027941730e-06
3735.23611519290; -3.74976729216570e-06
3790.89527486099; -3.50704672242910e-06
4070.36183400315; -3.83374343675200e-06
4126.02099367124; -3.85125974982800e-06
4181.68015333933; -3.88364743573520e-06
4237.33931300743; -3.97018208422670e-06
4516.80587214957; -3.83381936613990e-06
4572.46503181767; -4.14498101136240e-06
4628.12419148576; -4.07631380000270e-06
4683.78335115385; -4.05930383769530e-06
4963.24991029601; -4.31717414075610e-06
5018.90906996411; -4.03765131767380e-06
5074.56822963220; -3.97032475225610e-06
5130.22738930029; -3.82992146945020e-06
5409.69394844244; -4.10874066161200e-06
5465.35310811053; -4.00100059712230e-06
5521.01226777862; -3.97013357025110e-06
5576.67142744671; -3.81487110367820e-06
5856.13798658887; -2.84736121417880e-06
5911.79714625696; -2.70319608696640e-06
5967.45630592506; -2.93666540670450e-06
6023.11546559315; -2.83950434747860e-06
6302.58202473530; -2.99044857698380e-06
6358.24118440339; -2.75909210662780e-06
6413.90034407149; -2.90500118812430e-06
6469.55950373958; -2.77151340457330e-06
6749.02606288174; -2.73023168154160e-06
6804.68522254982; -2.62994129304150e-06
6860.34438221792; -2.49084451981720e-06
6916.00354188601; -2.38038245695350e-06
7195.47010102817; -2.34876787906630e-06
7251.12926069626; -2.28822129425010e-06
7306.78842036435; -2.11903140061820e-06
7362.44758003245; -2.03102497445190e-06
7641.91413917459; -1.78107910432320e-06
7697.57329884269; -1.72003253260250e-06
7753.23245851078; -1.57840675122190e-06
7808.89161817888; -1.59170149116230e-06
8088.35817732103; -1.39318669632490e-06
8144.01733698913; -1.37135495425170e-06
8199.67649665722; -2.37994422628060e-06
8255.33565632531; -4.29786602350770e-06
8534.80221546746; -4.45272285962160e-06
8590.46137513555; -5.13836342952880e-06
8646.12053480365; -4.14637906682370e-06
8701.77969447173; -3.52520559671790e-06
8981.24625361390; -2.87488776034540e-06
9036.90541328198; -2.22687763905740e-06
9092.56457295008; -1.85377369869190e-06
9148.22373261817; -1.69866605425390e-06
9427.69029176033; -1.28345925971980e-06
9483.34945142841; -1.09970068053870e-06
9539.00861109651; -9.93256553497900e-07
9594.66777076460; -8.90936241621200e-07
9874.13432990676; -8.00443340558501e-07
9929.79348957485; -7.54040544413099e-07
9985.45264924294; -7.77960130803600e-07
10041.11180891104; -6.09680203897101e-07
10320.57836805319; -5.15842328984901e-07
10376.23752772128; -5.12551391376400e-07
10431.89668738937; -4.80331247265700e-07
10487.55584705747; -4.34151916882800e-07
10767.02240619962; -5.42763276891303e-07
10822.68156586772; -4.34635948537703e-07
10878.34072553581; -3.68222049054701e-07
10933.99988520390; -3.92981033122802e-07
11213.46644434605; -2.69651420413200e-07
11269.12560401415; -2.55086343765000e-07
11324.78476368224; -3.05354200212900e-07
11380.44392335033; -3.50500238408302e-07
11659.91048249248; -3.06631697595000e-07
11715.56964216057; -3.26610364301002e-07
11771.22880182866; -3.18182021742103e-07
11826.88796149676; -2.82947257573302e-07
12106.35452063892; -2.32233462685999e-07
12162.01368030701; -2.85777542395102e-07
12217.67283997510; -1.73569461516099e-07
12273.33199964319; -1.89248826133002e-07
12552.79855878535; -2.46469720729801e-07
12608.45771845344; -1.99231809501200e-07
12664.11687812153; -2.29617197583999e-07
12719.77603778963; -2.97977557515500e-07
12999.24259693177; -1.02919211242198e-07
13054.90175659987; -1.51307631583299e-07
13110.56091626796; -1.65989159939500e-07
13166.22007593605; -1.47186938634400e-07
13445.68663507820; -2.42483860609303e-07
13501.34579474630; -2.91868827022203e-07
13557.00495441439; -2.65949353572200e-07
13612.66411408248; -2.49558269932101e-07
13892.13067322464; -1.95277211593101e-07
13947.78983289273; -1.80996149954000e-07
14003.44899256082; -2.20482026459300e-07
14059.10815222892; -2.41186481174899e-07
14338.57471137107; -2.47260372093900e-07
14394.23387103916; -2.48658489723599e-07
14449.89303070726; -2.37722490561198e-07
14505.55219037535; -2.29475781988200e-07
14785.01874951751; -1.94897626172900e-07
14840.67790918560; -2.07374326755898e-07
14896.33706885369; -2.22471003576099e-07
14951.99622852178; -2.25023847514799e-07
15231.46278766394; -2.05375851035000e-07
15287.12194733203; -1.87028214619900e-07
15342.78110700012; -2.30199248994700e-07
15398.44026666821; -2.45843132600800e-07
15454.09942633631; -2.17361350819900e-07
15733.56598547846; -2.22804408661899e-07
15789.22514514655; -1.92984085431298e-07
15844.88430481464; -3.23229899291800e-07
15900.54346448274; -3.52602716134298e-07
16180.01002362489; -3.26607477545697e-07
16235.66918329298; -2.74272994852897e-07
16291.32834296107; -3.49363170714597e-07
16346.98750262917; -3.37996744024798e-07
16626.45406177132; -1.12249418609201e-07
16682.11322143942; -1.66489350965001e-07
16737.77238110751; -1.94947630341302e-07
16793.43154077560; -1.93166408990903e-07
17072.89809991775; -2.50122076495298e-07
17128.55725958585; -2.50323633766598e-07
17184.21641925393; -2.53125147547299e-07
17239.87557892203; -3.28620862615599e-07
17519.34213806419; -2.22796196654999e-07
17575.00129773228; -2.29258578969798e-07
17630.66045740037; -2.89746945882100e-07
17686.31961706847; -3.29558978651797e-07
17965.78617621061; -1.85521435501500e-07
18021.44533587871; -2.73947856524398e-07
18077.10449554680; -3.03014792412399e-07
18132.76365521489; -3.15025873951300e-07
18412.23021435705; -1.49294783537500e-07
18467.88937402514; -2.06308647768199e-07
18523.54853369324; -1.80556660112999e-07
18579.20769336133; -2.66121176211701e-07
18858.67425250348; -2.25377947398999e-07
18914.33341217157; -2.60437573594001e-07
18969.99257183966; -3.16812384112199e-07
19025.65173150776; -3.50082880428799e-07
19305.11829064992; -1.45149208004902e-07
19360.77745031800; -1.88955047375201e-07
19416.43660998610; -2.25616678188300e-07
19472.09576965420; -2.35826670806401e-07
19751.56232879635; -1.45916099822899e-07
19807.22148846443; -2.09402901165102e-07
19862.88064813253; -2.32303593342002e-07
19918.53980780062; -2.63030380991001e-07
20198.00636694278; -7.54219940037008e-08
20253.66552661087; -1.00377601328202e-07
20309.32468627897; -1.53904668683001e-07
20364.98384594706; -2.11689988411901e-07
20644.45040508921; -9.95546873432986e-08
20700.10956475730; -1.33209710552801e-07
20755.76872442539; -1.80370163364799e-07
20811.42788409349; -2.13463304706099e-07
21090.89444323564; -4.27905815350998e-08
21146.55360290373; -8.82238760633988e-08
21202.21276257182; -1.22228478531501e-07
21257.87192223992; -1.96354804917200e-07
21537.33848138207; -2.62111511963975e-08
21592.99764105016; -9.06255603723972e-08
21648.65680071825; -1.31843734115699e-07
21704.31596038635; -1.71805342635297e-07
21983.78251952850; 8.02248440552016e-08
22039.44167919660; -1.61624370110004e-09
22095.10083886469; -2.50704694145992e-08
22150.75999853278; -6.55651988355997e-08
22430.22655767493; 4.72301624502981e-08
22485.88571734303; -6.87541387760105e-09
22541.54487701112; -2.50191058082006e-08
22597.20403667921; -9.29922933042014e-08
22876.67059582137; 1.16221283717299e-07
22932.32975548946; 7.97391170461995e-08
22987.98891515756; 4.03756804425988e-08
23043.64807482564; -3.44281829464018e-08
23323.11463396780; 1.37109403724601e-07
23378.77379363589; 7.06395490768013e-08
23434.43295330399; 1.79113877099027e-08
23490.09211297207; -2.96793384508995e-08
23769.55867211423; 2.44319887666198e-07
23825.21783178232; 1.82809837902399e-07
23880.87699145042; 1.39527125615099e-07
23936.53615111851; 7.82483896190994e-08
24216.00271026066; 2.48592428272700e-07
24271.66186992876; 1.82962043723100e-07
24327.32102959685; 1.41684659459099e-07
24382.98018926494; 5.85811437958006e-08
24662.44674840709; 2.55322674964900e-07
24718.10590807519; 2.07649057670000e-07
24773.76506774328; 1.87823965125899e-07
24829.42422741137; 1.14464496530102e-07
25108.89078655353; 3.17214794369899e-07
25164.54994622162; 2.49886479048700e-07
25220.20910588971; 2.17528959665801e-07
25275.86826555780; 1.49566182697502e-07
25555.33482469995; 4.11889378135100e-07
25610.99398436804; 3.49527887842298e-07
25666.65314403614; 2.77176602107298e-07
25722.31230370423; 2.57625136148899e-07
26001.77886284639; 3.62580675185799e-07
26057.43802251448; 3.32604631348698e-07
26113.09718218257; 2.45984316238098e-07
26168.75634185067; 2.37995767542500e-07
26448.22290099282; 4.56649527195599e-07
26503.88206066091; 4.37376765377099e-07
26559.54122032900; 3.55064058820100e-07
26615.20037999709; 3.36722931613300e-07
26894.66693913926; 4.75298729167001e-07
26950.32609880735; 4.43181803501801e-07
27005.98525847543; 3.99200791953899e-07
27061.64441814353; 3.68241383544599e-07
27341.11097728568; 5.67436886481300e-07
27396.77013695378; 5.50938947761799e-07
27452.42929662186; 4.75159349060102e-07
27508.08845628996; 4.51287529642500e-07
27787.55501543212; 6.30860449146300e-07
27843.21417510021; 6.12636747791901e-07
27898.87333476830; 5.34908070883799e-07
27954.53249443639; 5.45395614788100e-07
28233.99905357854; 7.47969321361201e-07
28289.65821324664; 6.89276919539899e-07
28345.31737291473; 6.52778046807999e-07
28400.97653258282; 6.27328730791900e-07
28680.44309172498; 7.36233416732500e-07
28736.10225139307; 7.27589783883100e-07
28791.76141106116; 6.78727864887200e-07
28847.42057072925; 6.47208879881700e-07
29126.88712987141; 9.26480912807299e-07
29182.54628953950; 9.74212037403101e-07
29238.20544920759; 8.69892951616700e-07
29293.86460887569; 8.95385738640300e-07
29573.33116801784; 1.04136761243700e-06
29628.99032768593; 1.01061909356130e-06
29684.64948735403; 9.82731196708601e-07
29740.30864702212; 9.91089953421501e-07
30019.77520616427; 1.15739818536440e-06
30075.43436583236; 1.17074454651130e-06
30131.09352550046; 1.09835088905470e-06
30186.75268516855; 1.08285308091040e-06
30466.21924431070; 1.33316989917060e-06
30521.87840397879; 1.29342983252810e-06
30577.53756364689; 1.18990891710220e-06
30633.19672331498; 1.19865779904970e-06
30912.66328245714; 1.52872418736460e-06
30968.32244212522; 1.37088889459670e-06
31023.98160179332; 1.44269787655030e-06
31079.64076146141; 1.37689169160530e-06
31359.10732060357; 1.47990676641730e-06
31414.76648027165; 1.45554148954590e-06
31470.42563993975; 1.43262396674750e-06
31526.08479960784; 1.29690302879940e-06
31805.55135875000; 1.60690579910580e-06
31861.21051841809; 1.57147601128530e-06
31916.86967808619; 1.52819961068420e-06
31972.52883775427; 1.44190242634310e-06
32251.99539689643; 1.70499254090660e-06
32307.65455656452; 1.53998107073570e-06
32363.31371623261; 1.55362839159820e-06
32418.97287590070; 1.51332329309690e-06
32698.43943504286; 1.76663203484510e-06
32754.09859471095; 1.75566205394620e-06
32809.75775437904; 1.67292996590980e-06
32865.41691404713; 1.57205465542830e-06
33144.88347318929; 1.83426079329310e-06
33200.54263285738; 1.68760451685690e-06
33256.20179252548; 1.62232063567270e-06
33311.86095219357; 1.66208582741320e-06
33591.32751133572; 1.87191390961940e-06
33646.98667100382; 1.76697956976080e-06
33702.64583067191; 1.79693185663740e-06
33758.30499034000; 1.69078170124660e-06
34037.77154948216; 1.82957954648930e-06
34093.43070915025; 1.91452685303590e-06
34149.08986881834; 1.81725618028240e-06
34204.74902848643; 1.57612334335690e-06
34484.21558762858; 2.01819889866960e-06
34539.87474729668; 1.91193661517860e-06
34595.53390696477; 1.73272097674970e-06
34651.19306663287; 1.77036524118740e-06
34930.65962577502; 2.03392397426930e-06
34986.31878544312; 1.82426569091030e-06
35041.97794511120; 1.85980386325610e-06
35097.63710477929; 1.82175517770710e-06
35377.10366392145; 1.96424747805700e-06
35432.76282358954; 1.94514435272790e-06
35488.42198325763; 1.94446809810960e-06
35544.08114292573; 1.74739369731100e-06
35823.54770206788; 2.02216884850190e-06
35879.20686173598; 2.01484811141500e-06
35934.86602140407; 1.83123752310920e-06
35990.52518107216; 1.81051004131810e-06
36269.99174021432; 2.03428831852816e-06
36325.65089988241; 1.89850249676466e-06
36381.31005955049; 1.92495030166176e-06
36436.96921921859; 1.83363132410386e-06
36492.62837888669; 1.69225406295976e-06
36772.09493802884; 2.09368230941695e-06
36827.75409769693; 1.96581879865755e-06
36883.41325736503; 1.92055509709205e-06
36939.07241703312; 1.84530824195475e-06
37218.53897617527; 2.11114765585996e-06
37274.19813584335; 1.97914584567456e-06
37329.85729551145; 2.00119590158676e-06
37385.51645517955; 1.84351032041296e-06
37664.98301432170; 2.16087262198913e-06
37720.64217398979; 2.12745025647743e-06
37776.30133365789; 2.07751004960783e-06
37831.96049332598; 1.88170963825723e-06
38111.42705246813; 2.27708147595615e-06
38167.08621213622; 2.21182037385525e-06
38222.74537180431; 2.12076823119585e-06
38278.40453147241; 2.07869756269385e-06
38557.87109061457; 2.34114541098930e-06
38613.53025028266; 2.19232432709660e-06
38669.18940995075; 2.19221239230920e-06
38724.84856961884; 2.08577957035690e-06
39004.31512876099; 2.31408140088601e-06
39059.97428842909; 2.37622053884980e-06
39115.63344809718; 2.25387427134482e-06
39171.29260776527; 2.09577804449534e-06
39450.75916690742; 2.41491373221090e-06
39506.41832657552; 2.38814753264568e-06
39562.07748624361; 2.25383582405934e-06
39617.73664591170; 2.35674873195258e-06
39897.20320505385; 2.46463279060551e-06
39952.86236472195; 2.34351453351755e-06
40008.52152439005; 2.35149372737861e-06
40064.18068405813; 2.19904490799961e-06
40343.64724320029; 2.42066617650857e-06
40399.30640286839; 2.42581693711635e-06
40454.96556253648; 2.41503411416924e-06
40510.62472220456; 2.20509674221473e-06
40790.09128134672; 2.44811893761878e-06
40845.75044101481; 2.37992165920528e-06
40901.40960068291; 2.22488800137637e-06
40957.06876035100; 2.24919278690150e-06
41236.53531949315; 2.53167484005629e-06
41292.19447916125; 2.27821254807039e-06
41347.85363882934; 2.29469728107220e-06
41403.51279849743; 2.17973038196274e-06
41682.97935763958; 2.31332525350207e-06
41738.63851730768; 2.33801150627138e-06
41794.29767697577; 2.37777558158269e-06
41849.95683664386; 2.14775877883605e-06
42129.42339578601; 2.37268841043066e-06
42185.08255545411; 2.33039727248634e-06
42240.74171512220; 2.20569598529316e-06
42296.40087479030; 2.19529071620983e-06
42575.86743393245; 2.33933145763749e-06
42631.52659360055; 2.30740195914732e-06
42687.18575326863; 2.21076285169977e-06
42742.84491293672; 2.10583874492704e-06
43022.31147207888; 2.26439701752715e-06
43077.97063174697; 2.26785997028488e-06
43133.62979141506; 2.20128525389873e-06
43189.28895108316; 2.14895759081131e-06
43468.75551022531; 2.24242147854956e-06
43524.41466989341; 2.18303829468872e-06
43580.07382956150; 2.09390669882849e-06
43635.73298922959; 2.10096878850452e-06
43915.19954837174; 2.20506859616359e-06
43970.85870803984; 2.19071521927645e-06
44026.51786770793; 2.10883491973666e-06
44082.17702737602; 2.01281758348911e-06
44361.64358651818; 2.10109561835925e-06
44417.30274618627; 2.10276876922905e-06
44472.96190585436; 2.04793281974626e-06
44528.62106552246; 1.94165338182123e-06
44808.08762466461; 2.19329783795523e-06
44863.74678433270; 2.06081096678863e-06
44919.40594400079; 1.95757127072848e-06
44975.06510366889; 1.95756907275619e-06
45254.53166281104; 2.04112261342227e-06
45310.19082247913; 1.94397671487704e-06
45365.84998214722; 1.98028836902763e-06
45421.50914181532; 1.89180037306442e-06
45700.97570095747; 1.95804239757252e-06
45756.63486062556; 1.95318730321919e-06
45812.29402029366; 1.89651604109562e-06
45867.95317996175; 1.81657572266878e-06
46147.41973910391; 1.94146474595435e-06
46203.07889877200; 1.97827429425882e-06
46258.73805844009; 1.81258246273475e-06
46314.39721810818; 1.81332426139627e-06
46593.86377725034; 1.89494088206767e-06
46649.52293691842; 1.81884905640540e-06
46705.18209658652; 1.78239230998071e-06
46760.84125625461; 1.86168439889263e-06
47040.30781539677; 1.82416904318435e-06
47095.96697506486; 1.82451406695908e-06
47151.62613473295; 1.78433135438679e-06
47207.28529440104; 1.70436159940331e-06
47486.75185354319; 1.81196524082402e-06
47542.41101321128; 1.85204268912816e-06
47598.07017287938; 1.69553451717243e-06
47653.72933254747; 1.69651163626886e-06
47933.19589168963; 1.75836268022050e-06
47988.85505135772; 1.68551086073439e-06
48044.51421102581; 1.63924019117660e-06
48100.17337069390; 1.63645684940651e-06
48379.63992983606; 1.75183110542197e-06
48435.29908950416; 1.67296652022505e-06
48490.95824917224; 1.63993016717838e-06
48546.61740884033; 1.57099667906235e-06
48826.08396798249; 1.66133226937368e-06
48881.74312765058; 1.62905210184085e-06
48937.40228731868; 1.62690330040472e-06
48993.06144698677; 1.56334153168631e-06
49272.52800612892; 1.62505881766029e-06
49328.18716579702; 1.55673167695379e-06
49383.84632546511; 1.52646685453614e-06
49439.50548513320; 1.51977257555323e-06
49718.97204427535; 1.61252698960270e-06
49774.63120394346; 1.55206579558382e-06
49830.29036361154; 1.50884226173282e-06
49885.94952327963; 1.45401446388319e-06
50165.41608242178; 1.54153052616028e-06
50221.07524208988; 1.51049530753283e-06
50276.73440175797; 1.45375190253561e-06
50332.39356142606; 1.50691708950544e-06
50611.86012056822; 1.51676676243010e-06
50667.51928023632; 1.45546537408023e-06
50723.17843990440; 1.41549771497038e-06
50778.83759957249; 1.42878048567561e-06
51058.30415871464; 1.45161311317802e-06
51113.96331838274; 1.50158806089332e-06
51169.62247805083; 1.41604962113092e-06
51225.28163771893; 1.37751839500622e-06
51504.74819686108; 1.44723197640553e-06
51560.40735652918; 1.41986567837696e-06
51616.06651619726; 1.37580769865452e-06
51671.72567586536; 1.42669047626204e-06
51951.19223500752; 1.45760864168635e-06
52006.85139467561; 1.42015316967568e-06
52062.51055434369; 1.37685595732698e-06
52118.16971401179; 1.37305883401698e-06
52397.63627315394; 1.39169187258929e-06
52453.29543282204; 1.39362232465011e-06
52508.95459249012; 1.40851373997813e-06
52564.61375215823; 1.33812549874600e-06
52844.08031130038; 1.42003246610685e-06
52899.73947096847; 1.38920172240284e-06
52955.39863063656; 1.34337403225703e-06
53011.05779030465; 1.34142524853606e-06
53290.52434944680; 1.42321236869267e-06
53346.18350911490; 1.34390868093773e-06
53401.84266878299; 1.31676146582855e-06
53457.50182845109; 1.32530151914116e-06
53736.96838759324; 1.33581564837080e-06
53792.62754726133; 1.33146802824557e-06
53848.28670692942; 1.31756567408922e-06
53903.94586659752; 1.31838234847889e-06
54183.41242573968; 1.31781992509650e-06
54239.07158540777; 1.30205582529479e-06
54294.73074507585; 1.25199259375658e-06
54350.38990474395; 1.23554080046276e-06
54629.85646388610; 1.29606532664835e-06
54685.51562355419; 1.30965010862302e-06
54741.17478322229; 1.23344539977708e-06
54796.83394289039; 1.22242303150825e-06
55076.30050203254; 1.18711452446364e-06
55131.95966170063; 1.14490196707909e-06
55187.61882136872; 1.18666544399490e-06
55243.27798103681; 1.23236725494795e-06
55522.74454017896; 1.24398768960662e-06
55578.40369984706; 1.23608842146204e-06
55634.06285951515; 1.20815934288384e-06
55689.72201918325; 1.21532019233516e-06
55969.18857832540; 1.23140069619612e-06
56024.84773799349; 1.18567848427626e-06
56080.50689766158; 1.23414185817920e-06
56136.16605732968; 1.17062953132175e-06
56415.63261647183; 1.20893121107440e-06
56471.29177613992; 1.20882994830443e-06
56526.95093580801; 1.18201414243742e-06
56582.61009547611; 1.14725736836323e-06
56862.07665461826; 1.22289197981625e-06
56917.73581428635; 1.18227411512416e-06
56973.39497395445; 1.16605741696607e-06
57029.05413362254; 1.15431953243625e-06
57308.52069276469; 1.20651982442488e-06
57364.17985243278; 1.15270302959352e-06
57419.83901210087; 1.18838646655852e-06
57475.49817176897; 1.15053035289367e-06
57754.96473091112; 1.15873976590570e-06
57810.62389057922; 1.15664667412728e-06
57866.28305024731; 1.14055157904188e-06
57921.94220991540; 1.12863794902421e-06
57977.60136958349; 1.10695056809361e-06
58257.06792872565; 1.18156987673780e-06
58312.72708839375; 1.13868464711478e-06
58368.38624806184; 1.05773621301706e-06
58424.04540772992; 1.06957527914038e-06
58703.51196687208; 1.08819750782071e-06
58759.17112654017; 1.08541887981770e-06
58814.83028620826; 1.09668937254960e-06
58870.48944587635; 1.04724156497920e-06
59149.95600501851; 1.10848229616484e-06
59205.61516468661; 1.07662749796199e-06
59261.27432435470; 1.06477594925181e-06
59316.93348402279; 1.06364957896119e-06
59596.40004316495; 1.09750215154174e-06
59652.05920283303; 1.05049378516566e-06
59707.71836250112; 1.05522833532027e-06
59763.37752216922; 1.02896945887166e-06
60042.84408131138; 1.05499144592191e-06
60098.50324097947; 1.07247223476508e-06
60154.16240064756; 1.04181309917838e-06
60209.82156031565; 1.04751660597584e-06
60489.28811945781; 1.04256739872170e-06
60544.94727912590; 1.04078450227661e-06
60600.60643879400; 1.01385981909313e-06
60656.26559846208; 9.98432402489430e-07
60935.73215760424; 1.04751992074773e-06
60991.39131727233; 1.03501948191164e-06
61047.05047694042; 9.99779495582470e-07
61102.70963660852; 9.97225398499340e-07
61382.17619575068; 9.93882090057770e-07
61437.83535541876; 9.93084025416430e-07
61493.49451508686; 9.79656242367480e-07
61549.15367475495; 9.79055779770240e-07
61828.62023389711; 1.01649027042452e-06
61884.27939356519; 9.78714057720930e-07
61939.93855323328; 9.85851313609450e-07
61995.59771290138; 9.57794602602910e-07
62275.06427204354; 9.67576161987790e-07
62330.72343171162; 9.72779621903960e-07
62386.38259137972; 9.72395878155790e-07
62442.04175104781; 9.32659916793840e-07
62721.50831018997; 9.58787268753280e-07
62777.16746985806; 9.71131825452350e-07
62832.82662952616; 9.45408529512920e-07
62888.48578919424; 9.33137752935420e-07
63167.95234833640; 9.97624898299100e-07
63223.61150800448; 9.46882426371050e-07
63279.27066767258; 9.38449639614480e-07
63334.92982734067; 9.41846448471370e-07
63614.39638648283; 9.43218900314660e-07
63670.05554615092; 9.34496547037960e-07
63725.71470581902; 9.21696595221820e-07
63781.37386548710; 9.49363398685210e-07
64060.84042462926; 9.20242634123100e-07
64116.49958429735; 9.20055950378560e-07
64172.15874396545; 9.25395614044870e-07
64227.81790363354; 9.00660541537130e-07
64507.28446277569; 9.20329309404270e-07
64562.94362244378; 9.52286948106390e-07
64618.60278211188; 9.01293234486310e-07
64674.26194177997; 8.92045550462910e-07
64953.72850092212; 8.98746971111050e-07
65009.38766059022; 9.09317521259140e-07
65065.04682025831; 8.76835579280410e-07
65120.70597992640; 8.90857955817130e-07
65400.17253906856; 8.95642813928830e-07
65455.83169873664; 8.84191790827870e-07
65511.49085840474; 8.68291623151280e-07
65567.15001807283; 8.81699743372960e-07
65846.61657721498; 8.73818236372960e-07
65902.27573688308; 8.61072455320460e-07
65957.93489655116; 8.76793714850700e-07
66013.59405621927; 8.61334202107640e-07
66293.06061536141; 8.67207754882570e-07
66348.71977502952; 8.63616579496520e-07
66404.37893469760; 8.62353446059530e-07
66460.03809436569; 8.31556804981910e-07
66739.50465350784; 8.71769475406420e-07
66795.16381317594; 8.61624099406810e-07
66850.82297284403; 8.36132825879350e-07
66906.48213251212; 8.34950391735320e-07
67185.94869165428; 8.42806883649950e-07
67241.60785132236; 8.49102151106460e-07
67297.26701099047; 8.31110798322860e-07
67352.92617065855; 8.36274088773100e-07
67632.39272980072; 8.40521768175340e-07
67688.05188946880; 8.26791912584040e-07
67743.71104913689; 8.04613190888050e-07
67799.37020880499; 8.10600441565790e-07
68078.83676794714; 8.33541839476790e-07
68134.49592761524; 8.36513080965870e-07
68190.15508728332; 8.10449244169600e-07
68245.81424695143; 8.16572868047320e-07
68525.28080609358; 8.11483099428770e-07
68580.93996576167; 8.08268686357130e-07
68636.59912542976; 8.19729920658560e-07
68692.25828509785; 8.06753859557760e-07
68971.72484424000; 8.05171592056870e-07
69027.38400390810; 8.10482599057350e-07
69083.04316357619; 7.87896743449110e-07
69138.70232324429; 7.66841763138960e-07
69418.16888238644; 8.06733193173400e-07
69473.82804205453; 8.04282246174890e-07
69529.48720172263; 7.98722977690700e-07
69585.14636139071; 7.84188484591400e-07
69864.61292053288; 7.95326241512000e-07
69920.27208020096; 7.72729484146890e-07
69975.93123986905; 7.80007841899130e-07
70031.59039953715; 7.75321319166190e-07
70311.05695867931; 7.89968097583960e-07
70366.71611834739; 7.76268955218300e-07
70422.37527801549; 7.60444837565020e-07
70478.03443768359; 7.58877787414680e-07
70757.50099682574; 7.74341751847810e-07
70813.16015649383; 7.58494449038250e-07
70868.81931616191; 7.81050129364260e-07
70924.47847583001; 7.50737708658120e-07
71203.94503497216; 7.52665719317440e-07
71259.60419464027; 7.57771280051700e-07
71315.26335430835; 7.45410128456210e-07
71370.92251397645; 7.30731994965760e-07
71650.38907311860; 7.42420284148630e-07
71706.04823278669; 7.19180002919180e-07
71761.70739245479; 6.84598964836580e-07
71817.36655212287; 6.90953072522040e-07
72096.83311126503; 7.50207207606910e-07
72152.49227093311; 7.25228121322420e-07
72208.15143060123; 7.22407828430220e-07
72263.81059026931; 7.54059039117890e-07
72543.27714941147; 7.38256312523250e-07
72598.93630907955; 7.29985420447330e-07
72654.59546874765; 7.41524421196600e-07
72710.25462841574; 7.38237213039250e-07
72989.72118755789; 7.28923759847930e-07
73045.38034722599; 7.46392093186040e-07
73101.03950689407; 7.29873919318870e-07
73156.69866656218; 7.08173105632240e-07
73436.16522570432; 7.48074579144950e-07
73491.82438537243; 7.45263295719540e-07
73547.48354504051; 7.28428635698270e-07
73603.14270470860; 6.93269038859370e-07
73882.60926385075; 7.08707165428720e-07
73938.26842351885; 7.26289045551680e-07
73993.92758318695; 7.20295504374750e-07
74049.58674285503; 7.09106725860610e-07
74329.05330199719; 7.36603361744240e-07
74384.71246166527; 7.25322382108140e-07
74440.37162133338; 7.21283342777610e-07
74496.03078100146; 7.18860821109330e-07
74775.49734014363; 7.14220044846470e-07
74831.15649981171; 7.00574905012050e-07
74886.81565947981; 6.92563122160230e-07
74942.47481914790; 7.15177320177360e-07
75221.94137829005; 7.02114632241660e-07
75277.60053795815; 7.10986473791140e-07
75333.25969762623; 7.22481434727190e-07
75388.91885729434; 6.94049374692070e-07
75668.38541643647; 6.80627913040020e-07
75724.04457610457; 6.89415548116440e-07
75779.70373577267; 6.64533651928800e-07
75835.36289544075; 6.66279091692540e-07
76114.82945458291; 6.85555113322350e-07
76170.48861425099; 6.83915291155330e-07
76226.14777391910; 6.66179066401660e-07
76281.80693358718; 6.71624089100940e-07
76561.27349272935; 6.74863960566350e-07
76616.93265239743; 6.63802411016460e-07
76672.59181206553; 6.57837751883120e-07
76728.25097173362; 6.56961312501430e-07
77007.71753087577; 6.57149420104150e-07
77063.37669054387; 6.64275479294350e-07
77119.03585021195; 6.56535317420380e-07
77174.69500988006; 6.39210373363320e-07
77454.16156902220; 6.64092366020510e-07
77509.82072869031; 6.38353062412270e-07
77565.47988835839; 6.02327031473510e-07
77621.13904802648; 5.98468017022160e-07
77900.60560716863; 6.19616368492400e-07
77956.26476683673; 6.38427851605570e-07
78011.92392650482; 6.45501352755650e-07
78067.58308617290; 6.19477692126370e-07
78347.04964531507; 6.38073205705690e-07
78402.70880498315; 6.33699702491890e-07
78458.36796465126; 6.12232543624630e-07
78514.02712431934; 6.15849933532310e-07
78793.49368346151; 6.62897885067090e-07
78849.15284312959; 6.22441991931220e-07
78904.81200279768; 6.22504078959510e-07
78960.47116246578; 6.40677373940360e-07
79016.13032213386; 6.15327288877330e-07
79295.59688127603; 6.19682099946720e-07
79351.25604094411; 6.38019163631070e-07
79406.91520061222; 6.09444150084930e-07
79462.57436028030; 6.02620983260500e-07
79742.04091942246; 6.25476079958530e-07
79797.70007909054; 6.17132034174080e-07
79853.35923875864; 6.03665917036930e-07
79909.01839842674; 6.12507375909720e-07
80188.48495756889; 6.23031515294930e-07
80244.14411723698; 5.92787389032230e-07
80299.80327690506; 6.01379629445390e-07
80355.46243657317; 5.99301927385080e-07
80634.92899571531; 6.01715822961857e-07
80690.58815538342; 6.10919661798687e-07
80746.24731505150; 5.94764697346577e-07
80801.90647471960; 6.15142818992787e-07
81081.37303386175; 5.88049080257582e-07
81137.03219352984; 5.71051453009262e-07
81192.69135319794; 5.81997576627142e-07
81248.35051286602; 5.80556117487932e-07
81527.81707200818; 5.41322035405688e-07
81583.47623167628; 5.63159801307398e-07
81639.13539134437; 5.63026604404428e-07
81694.79455101246; 5.58180391342458e-07
81974.26111015462; 5.66150224026911e-07
82029.92026982270; 5.91007227478091e-07
82085.57942949080; 5.64064510844831e-07
82141.23858915889; 5.69835149043041e-07
82420.70514830104; 5.97467769249035e-07
82476.36430796914; 5.64777989392285e-07
82532.02346763723; 5.66450197444135e-07
82587.68262730533; 5.87459947609065e-07
82867.14918644748; 5.60720051368882e-07
82922.80834611558; 5.57330018597692e-07
82978.46750578366; 5.74924953881352e-07
83034.12666545175; 5.64281849808972e-07
83313.59322459390; 5.57092954258548e-07
83369.25238426200; 5.58122515704828e-07
83424.91154393009; 5.52199273967208e-07
83480.57070359819; 5.38812278111148e-07
83760.03726274034; 5.76590069125296e-07
83815.69642240844; 5.58215983427846e-07
83871.35558207653; 5.50830253000226e-07
83927.01474174461; 5.61559031339196e-07
84206.48130088678; 5.74276584003862e-07
84262.14046055486; 5.78076099122422e-07
84317.79962022296; 5.92450903678282e-07
84373.45877989105; 5.72697055680622e-07
84652.92533903322; 5.81696271170454e-07
84708.58449870130; 5.80072768862644e-07
84764.24365836939; 5.64673082646304e-07
84819.90281803749; 5.72668320515774e-07
85099.36937717964; 5.81612577279568e-07
85155.02853684773; 5.70091126930808e-07
85210.68769651582; 5.63277338551318e-07
85266.34685618393; 5.58700799966688e-07
85545.81341532606; 5.13038072814429e-07
85601.47257499417; 5.28268821238969e-07
85657.13173466225; 5.62519569553839e-07
85712.79089433035; 5.41512350858359e-07
85992.25745347250; 5.47245836626601e-07
86047.91661314059; 5.73581347845451e-07
86103.57577280869; 5.40310960427521e-07
86159.23493247677; 5.34212607347551e-07
86438.70149161894; 5.51955943466360e-07
86494.36065128702; 5.51232838028740e-07
86550.01981095513; 5.31757456181050e-07
86605.67897062321; 5.41814717442270e-07
86885.14552976537; 5.56959917747641e-07
86940.80468943345; 5.40946348722261e-07
86996.46384910155; 5.46678169709981e-07
87052.12300876965; 5.29066583028251e-07
87331.58956791180; 5.23564291590418e-07
87387.24872757989; 5.21586040372748e-07
87442.90788724797; 5.08304282086108e-07
87498.56704691608; 5.22854317468448e-07
87778.03360605822; 5.36759989982683e-07
87833.69276572633; 5.15630955940103e-07
87889.35192539441; 5.33264626849753e-07
87945.01108506251; 5.29287068562153e-07
88224.47764420466; 5.15999856573394e-07
88280.13680387275; 5.23781439354454e-07
88335.79596354085; 5.18291712305044e-07
88391.45512320893; 5.04114576913574e-07
88670.92168235109; 5.17161163493175e-07
88726.58084201918; 5.44996135818805e-07
88782.24000168729; 5.04430990800485e-07
88837.89916135537; 5.05948656416205e-07
89117.36572049753; 5.31293881281435e-07
89173.02488016561; 5.00989517170055e-07
89228.68403983371; 4.77551095358635e-07
89284.34319950180; 4.91379894657075e-07
89563.80975864395; 4.75895747812719e-07
89619.46891831205; 4.86018547268839e-07
89675.12807798013; 4.95603408447269e-07
89730.78723764824; 4.94140201106459e-07
90010.25379679038; 4.81680885955691e-07
90065.91295645849; 4.83252741293341e-07
90121.57211612657; 4.81125227747051e-07
90177.23127579466; 4.70559064179571e-07
90456.69783493681; 5.02276202372725e-07
90512.35699460491; 5.01404379002285e-07
90568.01615427301; 4.81116473707765e-07
90623.67531394109; 4.95682246694085e-07
90903.14187308325; 4.90715208488198e-07
90958.80103275133; 4.95318378844728e-07
91014.46019241944; 4.90768266160538e-07
91070.11935208752; 4.75829245770558e-07
91349.58591122969; 4.84797433786924e-07
91405.24507089777; 4.93052585986324e-07
91460.90423056587; 4.78729550991414e-07
91516.56339023396; 4.84705107948874e-07
91796.02994937611; 4.95750961280662e-07
91851.68910904421; 4.81907216452742e-07
91907.34826871229; 4.78079431251022e-07
91963.00742838040; 5.01020763050052e-07
92242.47398752254; 4.83632928933236e-07
92298.13314719063; 4.75546342443806e-07
92353.79230685873; 5.00273719408806e-07
92409.45146652681; 4.66086233068806e-07
92688.91802566897; 4.69740914876199e-07
92744.57718533705; 4.95974884093689e-07
92800.23634500516; 4.66383991677079e-07
92855.89550467324; 4.60579260733829e-07
93135.36206381541; 4.57836485535274e-07
93191.02122348349; 4.62665974537694e-07
93246.68038315159; 4.09885488677964e-07
93302.33954281968; 4.36603448496464e-07
93581.80610196183; 4.57369679840528e-07
93637.46526162993; 4.56508550471548e-07
93693.12442129801; 4.81283235414678e-07
93748.78358096612; 4.94423905547688e-07
94028.25014010827; 4.80060393563966e-07
94083.90929977637; 4.98056618001976e-07
94139.56845944445; 4.81593105143446e-07
94195.22761911254; 4.89272952667526e-07
94474.69417825469; 4.96301198900167e-07
94530.35333792279; 4.81399339779977e-07
94586.01249759088; 4.88586523320367e-07
94641.67165725896; 4.86105679427367e-07
94921.13821640113; 4.85760080480919e-07
94976.79737606923; 5.01392206202459e-07
95032.45653573732; 5.04087889397849e-07
95088.11569540540; 4.70107663721729e-07
95367.58225454757; 4.75211603108478e-07
95423.24141421565; 5.03077751917318e-07
95478.90057388374; 4.72678248391498e-07
95534.55973355184; 4.68249332707468e-07
95814.02629269399; 5.00185201285877e-07
95869.68545236209; 4.70808403441977e-07
95925.34461203018; 4.62008142867207e-07
95981.00377169828; 4.71113017524847e-07
96260.47033084043; 4.51734980483657e-07
96316.12949050852; 4.47432549040097e-07
96371.78865017660; 4.61363841639427e-07
96427.44780984470; 4.66802444530877e-07
96706.91436898685; 4.60688689663758e-07
96762.57352865495; 4.70753951777508e-07
96818.23268832304; 4.70274205505318e-07
96873.89184799114; 4.55173950439488e-07
97153.35840713329; 4.74153121540933e-07
97209.01756680138; 4.45450318234203e-07
97264.67672646948; 4.35773522750983e-07
97320.33588613756; 4.60518948832223e-07
97599.80244527973; 4.63286791640707e-07
97655.46160494781; 4.79429664233917e-07
97711.12076461592; 4.82180525804447e-07
97766.77992428400; 4.66289555283587e-07
98046.24648342616; 4.83829277525788e-07
98101.90564309424; 4.82711031191758e-07
98157.56480276234; 4.65123655789918e-07
98213.22396243043; 4.73020946701388e-07
98492.69052157259; 4.80994398159585e-07
98548.34968124068; 4.66354469762225e-07
98604.00884090876; 4.69475139877395e-07
98659.66800057687; 4.88247036794245e-07
98939.13455971901; 4.62206718801643e-07
98994.79371938712; 4.59822267394313e-07
99050.45287905520; 4.68622189331933e-07
99106.11203872329; 4.38325226769453e-07
99385.57859786545; 4.53091497649093e-07
99441.23775753354; 4.75570372521673e-07
99496.89691720164; 4.44933468763363e-07
99552.55607686972; 4.36683035029773e-07
99832.02263601188; 4.75715786901601e-07
99887.68179567996; 4.44529780145921e-07
99943.34095534807; 4.42864894330971e-07
99999.00011501616; 4.55097971774121e-07
100278.46667415832; 4.56982776727739e-07
100334.12583382640; 4.43574825021419e-07
100389.78499349450; 4.54136169889529e-07
100445.44415316259; 4.50390587759099e-07
100501.10331283067; 4.36876963778239e-07
100780.56987197284; 4.51187879374477e-07
100836.22903164092; 4.47682105265767e-07
100891.88819130903; 4.28284783470477e-07
100947.54735097711; 4.04924830657117e-07
101227.01391011928; 4.06805389549748e-07
101282.67306978736; 4.36523815622688e-07
101338.33222945545; 4.65718837331048e-07
101393.99138912355; 4.51213017551688e-07
101673.45794826570; 4.79477110764213e-07
101729.11710793379; 4.79669361669543e-07
101784.77626760188; 4.63148226058873e-07
101840.43542726999; 4.72733582340403e-07
102119.90198641212; 4.80343344743393e-07
102175.56114608023; 4.53847254755163e-07
102231.22030574831; 4.42558409968163e-07
102286.87946541641; 4.75691835297073e-07
102566.34602455856; 4.46352929485709e-07
102622.00518422665; 4.34262299381539e-07
102677.66434389475; 4.61437576364579e-07
102733.32350356283; 4.38969299102169e-07
103012.79006270500; 4.42453772755781e-07
103068.44922237308; 4.67693939595761e-07
103124.10838204119; 4.45776781914421e-07
103179.76754170927; 4.45031252465351e-07
103459.23410085143; 4.61923069226391e-07
103514.89326051952; 4.55898612662491e-07
103570.55242018761; 4.40850777560971e-07
103626.21157985571; 4.57128149248941e-07
103905.67813899786; 4.51761823275966e-07
103961.33729866595; 4.36326967728676e-07
104016.99645833403; 4.51490240140616e-07
104072.65561800214; 4.46595738843126e-07
104352.12217714428; 4.18913570993129e-07
104407.78133681239; 4.30056544702129e-07
104463.44049648047; 4.13561960010839e-07
104519.09965614857; 4.21876654397819e-07
104798.56621529072; 4.37281914398340e-07
104854.22537495881; 4.18467186022120e-07
104909.88453462691; 4.02753857541470e-07
104965.54369429499; 3.98342325210350e-07
105245.01025343715; 3.94559925160890e-07
105300.66941310524; 3.97173100751130e-07
105356.32857277335; 4.14350945112040e-07
105411.98773244143; 3.93170873902700e-07
105691.45429158359; 4.11474808333627e-07
105747.11345125167; 4.36218864927277e-07
105802.77261091977; 4.03527008591847e-07
105858.43177058786; 3.97928702801082e-07
106137.89832973001; 4.34277163123605e-07
106193.55748939811; 4.02593336808546e-07
106249.21664906621; 3.93248540950092e-07
106304.87580873430; 4.27907920013535e-07
106584.34236787645; 3.92786311683443e-07
106640.00152754455; 3.94017234742478e-07
106695.66068721263; 4.04155190216725e-07
106751.31984688072; 3.96892048287841e-07
107030.78640602287; 3.83202222201036e-07
107086.44556569097; 4.06107123401615e-07
107142.10472535907; 3.97607676666269e-07
107197.76388502716; 3.87748678122871e-07
107477.23044416931; 4.09389138404266e-07
107532.88960383741; 4.06649670663731e-07
107588.54876350550; 3.88323371628885e-07
107644.20792317358; 4.09664026486244e-07
107923.67448231575; 3.86593359978896e-07
107979.33364198383; 3.95951970025989e-07
108034.99280165193; 4.00319426012379e-07
108090.65196132002; 3.85259809872360e-07
108370.11852046217; 3.98118113667871e-07
108425.77768013027; 3.98583890846091e-07
108481.43683979835; 3.76281512269455e-07
108537.09599946644; 3.90317009043706e-07
108816.56255860860; 3.70070430707860e-07
108872.22171827669; 3.30221456299211e-07
108927.88087794479; 3.30301150259506e-07
108983.54003761287; 3.78263093285140e-07
109263.00659675503; 3.62060930209456e-07
109318.66575642313; 3.63494170217259e-07
109374.32491609122; 3.95240729456573e-07
109429.98407575930; 3.69975060823844e-07
109709.45063490147; 3.67427558908717e-07
109765.10979456955; 3.94999771539141e-07
109820.76895423765; 3.65974629104849e-07
109876.42811390574; 3.65166182175386e-07
110155.89467304791; 3.87157510636412e-07
110211.55383271599; 3.79292752512071e-07
110267.21299238408; 3.68483223579101e-07
110322.87215205218; 3.88649245500836e-07
110602.33871119433; 3.88003886967020e-07
110657.99787086243; 3.71077462472780e-07
110713.65703053051; 3.83540947789598e-07
110769.31619019860; 3.82377603215792e-07
111048.78274934075; 3.72630146138181e-07
111104.44190900886; 3.49606834574947e-07
111160.10106867694; 3.33742726152327e-07
111215.76022834504; 3.40046945737418e-07
111495.22678748719; 3.45135533478760e-07
111550.88594715529; 3.19772557745037e-07
111606.54510682338; 3.39248582316691e-07
111662.20426649146; 3.46722094799942e-07
111941.67082563363; 3.57024296192727e-07
111997.32998530171; 3.68109560054726e-07
112052.98914496982; 3.81633915644959e-07
112108.64830463790; 3.42713902544773e-07
112388.11486378007; 3.56100420168689e-07
112443.77402344815; 3.83703353604379e-07
112499.43318311624; 3.44447111104525e-07
112555.09234278434; 3.43992518715066e-07
112834.55890192649; 3.84044311148748e-07
112890.21806159458; 3.27186342557477e-07
112945.87722126266; 3.37565496822113e-07
113001.53638093077; 3.75062688990495e-07
113281.00294007291; 3.48885843159791e-07
113336.66209974102; 3.44123813945864e-07
113392.32125940910; 3.66460376220643e-07
113447.98041907720; 3.60044136412659e-07
113727.44697821935; 3.51760449057546e-07
113783.10613788744; 3.72553482477955e-07
113838.76529755554; 3.63259615020402e-07
113894.42445722362; 3.53178270633277e-07
114173.89101636579; 3.74384901874018e-07
114229.55017603387; 3.61321342873853e-07
114285.20933570198; 3.47663131633725e-07
114340.86849537006; 3.56100475204834e-07
114620.33505451222; 3.51128704452626e-07
114675.99421418030; 3.62082675245902e-07
114731.65337384840; 3.65493485953444e-07
114787.31253351650; 3.46949780891491e-07
115066.77909265865; 3.61140274792055e-07
115122.43825232674; 3.64343608948342e-07
115178.09741199482; 3.39973595376651e-07
115233.75657166293; 3.54014334477707e-07
115513.22313080507; 3.71541502873520e-07
115568.88229047318; 3.47152376009062e-07
115624.54145014126; 3.31491113118735e-07
115680.20060980936; 3.71194337952333e-07
115959.66716895151; 3.32523292277786e-07
116015.32632861960; 3.28520988293564e-07
116070.98548828770; 3.60580920202991e-07
116126.64464795578; 3.29390031048683e-07
116406.11120709794; 3.28600209373554e-07
116461.77036676602; 3.61156850047432e-07
116517.42952643413; 3.28564111837327e-07
116573.08868610222; 3.25103688478391e-07
116852.55524524438; 3.20508804558562e-07
116908.21440491246; 3.17183550448365e-07
116963.87356458056; 3.14612810135082e-07
117019.53272424865; 3.34435963891306e-07
117298.99928339080; 3.41970889809735e-07
117354.65844305890; 3.30651843941579e-07
117410.31760272698; 3.43510664434424e-07
117465.97676239509; 2.91085521398852e-07
117745.44332153723; 2.78662361443700e-07
117801.10248120534; 2.98555784072706e-07
117856.76164087342; 2.77176348727086e-07
117912.42080054151; 2.86196735629832e-07
118191.88735968366; 3.00735042004827e-07
118247.54651935176; 2.84733824099171e-07
118303.20567901985; 2.88130488074242e-07
118358.86483868794; 3.02354104532694e-07
118638.33139783010; 2.78321135627029e-07
118693.99055749820; 2.94298023268254e-07
118749.64971716629; 3.02196300949880e-07
118805.30887683437; 2.79722912960280e-07
119084.77543597654; 2.84582004729179e-07
119140.43459564462; 3.14189466601702e-07
119196.09375531272; 2.57335613661459e-07
119251.75291498081; 2.61798294526724e-07
119531.21947412296; 2.97609568523451e-07
119586.87863379106; 2.69498082141040e-07
119642.53779345915; 2.71804173590947e-07
119698.19695312725; 3.06116665962102e-07
119977.66351226940; 2.72964071850469e-07
120033.32267193749; 2.74447893775624e-07
120088.98183160558; 2.96335677769238e-07
120144.64099127367; 2.86055367169078e-07
120424.10755041582; 2.82508585370249e-07
120479.76671008392; 3.01196068249304e-07
120535.42586975201; 2.93822183255637e-07
120591.08502942011; 2.67011366403182e-07
120870.55158856226; 2.84505510399319e-07
120926.21074823035; 2.90174922297707e-07
120981.86990789845; 2.77485173290563e-07
121037.52906756653; 3.00076084770228e-07
121316.99562670870; 2.84189175551896e-07
121372.65478637678; 2.88930513882860e-07
121428.31394604487; 3.00534733232301e-07
121483.97310571297; 2.81486726595124e-07
121539.63226538106; 2.84347052738667e-07
121819.09882452321; 3.03386694910162e-07
121874.75798419131; 2.77772479478946e-07
121930.41714385941; 2.91618166357592e-07
121986.07630352749; 3.01035990563259e-07
122265.54286266965; 2.82267995641272e-07
122321.20202233773; 2.79235212635463e-07
122376.86118200584; 3.03456632042367e-07
122432.52034167392; 2.81180923760485e-07
122711.98690081609; 2.80358546846333e-07
122767.64606048417; 3.07182975086083e-07
122823.30522015227; 2.55610969178734e-07
122878.96437982036; 2.73701585757776e-07
123158.43093896251; 3.08294790267036e-07
123214.09009863061; 2.77015407658623e-07
123269.74925829869; 2.66042295351573e-07
123325.40841796680; 3.05035399987444e-07
123604.87497710894; 2.80985695197678e-07
123660.53413677705; 2.80915986676668e-07
123716.19329644513; 2.96358374909097e-07
123771.85245611322; 2.87093477046604e-07
124051.31901525537; 2.78163613837371e-07
124106.97817492347; 3.01364803527582e-07
124162.63733459156; 2.83025806880944e-07
124218.29649425964; 2.72108075342491e-07
124497.76305340181; 2.97116798755162e-07
124553.42221306989; 2.91079596622834e-07
124609.08137273800; 2.80598504810062e-07
124664.74053240608; 2.99234604353627e-07
124944.20709154823; 2.78059130985440e-07
124999.86625121633; 2.72300267380236e-07
125055.52541088441; 2.82195598839383e-07
125111.18457055250; 2.64714499912973e-07
125390.65112969466; 2.91586112086271e-07
125446.31028936277; 3.06087016958132e-07
125501.96944903085; 2.90294462581496e-07
125557.62860869894; 3.06480516947296e-07
125837.09516784109; 3.24790024926045e-07
125892.75432750919; 3.08858103905096e-07
125948.41348717728; 3.10040321744129e-07
126004.07264684536; 3.33815429077571e-07
126283.53920598753; 3.10843446579064e-07
126339.19836565561; 3.06243689677216e-07
126394.85752532372; 3.46371521372463e-07
126450.51668499180; 2.98826848149110e-07
126729.98324413397; 3.04027020616972e-07
126785.64240380205; 3.31861623736526e-07
126841.30156347014; 3.07211207372670e-07
126896.96072313824; 3.11697067867080e-07
127176.42728228039; 3.32321691284061e-07
127232.08644194849; 3.24891394690418e-07
127287.74560161657; 3.14653686294734e-07
127343.40476128468; 3.34868812577221e-07
127622.87132042681; 3.25399545975534e-07
127678.53048009492; 3.23237976469597e-07
127734.18963976300; 3.24744273030472e-07
127789.84879943110; 3.09977235331260e-07
128069.31535857325; 2.89046256576650e-07
128124.97451824135; 3.18570181761773e-07
128180.63367790944; 3.03765315642552e-07
128236.29283757752; 3.14871222244427e-07
128515.75939671969; 3.36911249498333e-07
128571.41855638777; 3.14236541321612e-07
128627.07771605588; 3.26622361761766e-07
128682.73687572396; 3.26421003550316e-07
128962.20343486613; 3.11341588096551e-07
129017.86259453421; 3.23064962007163e-07
129073.52175420230; 3.36874277320092e-07
129129.18091387040; 3.11740503440590e-07
129408.64747301255; 3.07339031603813e-07
129464.30663268064; 3.31459777928888e-07
129519.96579234872; 2.97204509986360e-07
129575.62495201683; 2.87617975424062e-07
129855.09151115897; 3.33307785700605e-07
129910.75067082708; 3.02906527024479e-07
129966.40983049516; 3.03000869635946e-07
130022.06899016326; 3.35158784385772e-07
130301.53554930541; 2.83917571881373e-07
130357.19470897350; 2.97042390317313e-07
130412.85386864160; 3.08521457919283e-07
130468.51302830968; 3.09901789121843e-07
130747.97958745185; 2.93187803770319e-07
130803.63874711993; 3.17125523040121e-07
130859.29790678804; 3.04121773338873e-07
130914.95706645612; 2.98332740159176e-07
131194.42362559828; 3.20248934284823e-07
131250.08278526636; 2.86221570496405e-07
131305.74194493447; 2.69779858911754e-07
131361.40110460256; 3.01612070409863e-07
131640.86766374469; 2.91587547596120e-07
131696.52682341280; 3.03460545197364e-07
131752.18598308088; 3.15208178480320e-07
131807.84514274896; 2.96721579143006e-07
132087.31170189113; 3.05648748746916e-07
132142.97086155921; 3.46754790025942e-07
132198.63002122729; 3.34677100084564e-07
132254.28918089540; 3.50441434997361e-07
132533.75574003757; 3.64028310885389e-07
132589.41489970565; 3.45563541962550e-07
132645.07405937376; 3.38119527899646e-07
132700.73321904184; 3.67483794509091e-07
132980.19977818400; 3.24358739404494e-07
133035.85893785208; 3.28856875246183e-07
133091.51809752017; 3.59714985068446e-07
133147.17725718825; 3.31504707778961e-07
133426.64381633041; 3.35645418093492e-07
133482.30297599852; 3.71837272021829e-07
133537.96213566663; 3.37942093570443e-07
133593.62129533471; 3.32734941468565e-07
133873.08785447685; 3.44002677176622e-07
133928.74701414496; 3.38380359755159e-07
133984.40617381304; 3.00600760581185e-07
134040.06533348112; 3.42277921838007e-07
134319.53189262329; 3.30223260516274e-07
134375.19105229137; 3.16341904372829e-07
134430.85021195948; 3.29859890488582e-07
134486.50937162759; 3.29505090292878e-07
134765.97593076969; 3.18884035964905e-07
134821.63509043781; 3.39739801700796e-07
134877.29425010592; 3.22057975522674e-07
134932.95340977400; 3.29502953494184e-07
135212.41996891616; 3.41049052372335e-07
135268.07912858424; 3.03541570953160e-07
135323.73828825232; 3.20183059144157e-07
135379.39744792043; 3.30582095287927e-07
135658.86400706257; 3.13416557880308e-07
135714.52316673065; 3.25445252362119e-07
135770.18232639876; 3.34017815645350e-07
135825.84148606687; 3.03431246926956e-07
136105.30804520904; 3.08552108592481e-07
136160.96720487712; 3.38706947164012e-07
136216.62636454520; 3.12995076838044e-07
136272.28552421328; 3.04335879129402e-07
136551.75208335544; 3.37956166687156e-07
136607.41124302353; 2.99696750751818e-07
136663.07040269164; 3.05561260156923e-07
136718.72956235972; 3.29933494172109e-07
136998.19612150188; 3.08933885986786e-07
137053.85528116999; 3.08429919231972e-07
137109.51444083807; 3.29915627165935e-07
137165.17360050615; 3.10608385877192e-07
137444.64015964832; 2.99007016324476e-07
137500.29931931640; 3.11724509451077e-07
137555.95847898448; 2.89890568910519e-07
137611.61763865259; 2.92264382963739e-07
137891.08419779473; 3.12293505351886e-07
137946.74335746284; 2.94899829143518e-07
138002.40251713095; 2.82608118836848e-07
138058.06167679903; 3.08345743781456e-07
138337.52823594116; 2.84805436932845e-07
138393.18739560927; 2.85682833081154e-07
138448.84655527736; 2.97406528390213e-07
138504.50571494544; 2.77206205867637e-07
138783.97227408760; 2.88407986330733e-07
138839.63143375568; 3.02081914273249e-07
138895.29059342379; 2.83344264315591e-07
138950.94975309190; 2.90508550044917e-07
139230.41631223404; 2.90112953377819e-07
139286.07547190212; 2.55614352567498e-07
139341.73463157023; 2.59301241065028e-07
139397.39379123831; 3.05035430232708e-07
139676.86035038048; 2.85649068064887e-07
139732.51951004856; 2.76185498166317e-07
139788.17866971664; 3.10668804440154e-07
139843.83782938475; 2.85203478708730e-07
140123.30438852689; 2.65287952966579e-07
140178.96354819500; 2.99928444502694e-07
140234.62270786308; 2.71104178160441e-07
140290.28186753119; 2.71804819652585e-07
140569.74842667335; 3.01397091663100e-07
140625.40758634143; 2.91429843343299e-07
140681.06674600951; 2.72521740123132e-07
140736.72590567759; 2.97341336166091e-07
141016.19246481976; 2.82768033403558e-07
141071.85162448784; 2.70968071768070e-07
141127.51078415595; 3.01179853416158e-07
141183.16994382403; 3.21116789579393e-07
141462.63650296620; 3.14455485403487e-07
141518.29566263431; 3.44261012925512e-07
141573.95482230239; 3.21178643149118e-07
141629.61398197047; 3.24336343095102e-07
141909.08054111263; 3.30373417040405e-07
141964.73970078072; 3.22110180487864e-07
142020.39886044880; 3.23121714674686e-07
142076.05802011691; 3.37875134205494e-07
142355.52457925904; 3.28480058630369e-07
142411.18373892715; 3.41491405478618e-07
142466.84289859526; 3.24346989199408e-07
142522.50205826334; 3.08201491697647e-07
142801.96861740551; 3.11160347855872e-07
142857.62777707359; 3.50682104807565e-07
142913.28693674167; 3.12740438132595e-07
142968.94609640975; 3.14209429212749e-07
143024.60525607786; 3.43436298126447e-07
143304.07181522000; 3.19157606599936e-07
143359.73097488811; 3.10983944526925e-07
143415.39013455622; 3.53396670503135e-07
143471.04929422430; 3.20249125207888e-07
143750.51585336647; 4.03203437055495e-07
143806.17501303455; 4.65455828819441e-07
143861.83417270263; 4.28880965549041e-07
143917.49333237071; 4.32098017908001e-07
144196.95989151287; 4.54956571315852e-07
144252.61905118098; 4.45833070886440e-07
144308.27821084906; 4.37307820577183e-07
144363.93737051717; 4.64436924499749e-07
144643.40392965931; 4.27498575897028e-07
144699.06308932742; 4.36055883674205e-07
144754.72224899550; 4.59333921084415e-07
144810.38140866358; 4.44221646326535e-07
145089.84796780575; 4.37706356011266e-07
145145.50712747383; 4.60871355905580e-07
145201.16628714194; 4.29853793358178e-07
145256.82544681002; 4.30072140723879e-07
145536.29200595216; 4.05467193689147e-07
145591.95116562027; 3.87840692523790e-07
145647.61032528838; 3.74700626902212e-07
145703.26948495646; 4.01606191447491e-07
145982.73604409862; 3.69525936622011e-07
146038.39520376670; 3.67695255780324e-07
146094.05436343479; 3.99447804115062e-07
146149.71352310290; 3.82981635573583e-07
146429.18008224503; 3.67239352411481e-07
146484.83924191311; 3.94867173077045e-07
146540.49840158122; 3.74090036878805e-07
146596.15756124933; 3.63683565185725e-07
146875.62412039147; 3.85353512951424e-07
146931.28328005958; 3.75251167997446e-07
146986.94243972766; 3.69481082664182e-07
147042.60159939574; 4.01826139912485e-07
147322.06815853791; 3.52500914091814e-07
147377.72731820599; 3.39009917579728e-07
147433.38647787407; 3.68736452738477e-07
147489.04563754218; 3.63173844634535e-07
147768.51219668434; 3.51393482510172e-07
147824.17135635242; 3.81394732130437e-07
147879.83051602053; 3.40208090651696e-07
147935.48967568862; 3.51656078498450e-07
148214.95623483078; 3.72372007622854e-07
148270.61539449886; 3.64357951218141e-07
148326.27455416694; 3.56724761312774e-07
148381.93371383502; 3.88279086036339e-07
148661.40027297719; 3.46453838150595e-07
148717.05943264530; 3.56075781300549e-07
148772.71859231338; 3.88869629713854e-07
148828.37775198149; 3.46610218681324e-07
149107.84431112363; 3.61266080649046e-07
149163.50347079174; 3.74846271330026e-07
149219.16263045982; 3.51188382177387e-07
149274.82179012790; 3.45113024353117e-07
149554.28834927006; 4.37788941513417e-07
149609.94750893814; 3.98811018922678e-07
149665.60666860623; 3.90947057229772e-07
149721.26582827431; 4.07525509941285e-07
150000.73238741647; 3.77260588678584e-07
150056.39154708458; 3.84474408599960e-07
150112.05070675269; 4.20237092142416e-07
150167.70986642077; 3.87661081017084e-07
150447.17642556291; 3.81415017363443e-07
150502.83558523102; 3.98265115689111e-07
150558.49474489910; 3.70430544219275e-07
150614.15390456718; 3.50746973647699e-07
150893.62046370935; 3.98572492009088e-07
150949.27962337743; 3.65848626848805e-07
151004.93878304554; 3.65523432903746e-07
151060.59794271365; 3.89510251345228e-07
151340.06450185578; 3.62420893530445e-07
151395.72366152387; 3.64733400832367e-07
151451.38282119198; 4.01507284960374e-07
151507.04198086006; 3.69510523709590e-07
151786.50854000222; 3.80601722839764e-07
151842.16769967030; 3.90528785918907e-07
151897.82685933838; 3.76406618476602e-07
151953.48601900649; 3.61711683641907e-07
152232.95257814863; 4.01288989069761e-07
152288.61173781674; 3.69687849012471e-07
152344.27089748482; 3.74319049349677e-07
152399.93005715293; 3.83842797242629e-07
152679.39661629510; 3.71813530823480e-07
152735.05577596318; 3.59650057871776e-07
152790.71493563126; 3.98493638168292e-07
152846.37409529934; 3.67047453466284e-07
153125.84065444150; 3.74788164225127e-07
153181.49981410959; 3.85707317883276e-07
153237.15897377770; 3.62926663680906e-07
153292.81813344578; 3.60273093954400e-07
153572.28469258794; 3.87258631199485e-07
153627.94385225605; 3.67974192274417e-07
153683.60301192413; 3.61469728514589e-07
153739.26217159221; 9.35352871723660e-08
154018.72873073438; 8.61423078265760e-08
154074.38789040246; 7.03954414078220e-08
154130.04705007054; 8.46794477335860e-08
154185.70620973865; 8.54714269360250e-08
154465.17276888079; 5.98349209634160e-08
154520.83192854890; 7.45859002629760e-08
154576.49108821701; 7.97075781279190e-08
154632.15024788509; 6.57983350533650e-08
154911.61680702725; 6.71899623406670e-08
154967.27596669534; 7.44494467194590e-08
155022.93512636342; 7.88959889702320e-08
155078.59428603150; 7.64098549164970e-08
155358.06084517366; 4.93113779515740e-08
155413.72000484174; 4.47243695254730e-08
155469.37916450985; 3.62186801344750e-08
155525.03832417796; 3.82706434950920e-08
155804.50488332010; 1.71875247823530e-08
155860.16404298821; 2.06368551821260e-08
155915.82320265629; 2.81734585158380e-08
155971.48236232437; 2.35395753424730e-08
156250.94892146654; 2.30412308649260e-08
156306.60808113462; 2.28599502757630e-08
156362.26724080270; 2.94037307434800e-08
156417.92640047081; 2.98902534963270e-08
156697.39295961295; 3.90098527839620e-08
156753.05211928106; 3.33748333510060e-08
156808.71127894917; 3.28430708299410e-08
156864.37043861725; 2.46374779631290e-08
157143.83699775941; 3.44247121625140e-08
157199.49615742749; 3.25882782458470e-08
157255.15531709557; 3.49705957669240e-08
157310.81447676365; 3.12895147754300e-08
157590.28103590582; 4.37084057877110e-08
157645.94019557390; 3.84041676281300e-08
157701.59935524201; 3.98091158758160e-08
157757.25851491012; 3.78571405127940e-08
158036.72507405226; 4.80437700236680e-08
158092.38423372037; 5.28192463345790e-08
158148.04339338845; 4.30354082244370e-08
158203.70255305653; 4.20412239867960e-08
158483.16911219870; 5.06481773940650e-08
158538.82827186678; 5.60354307116440e-08
158594.48743153486; 4.92450957964240e-08
158650.14659120297; 5.24534157597980e-08
158929.61315034513; 5.78736965105470e-08
158985.27231001321; 5.23169459465640e-08
159040.93146968132; 4.33333862552850e-08
159096.59062934940; 6.00751948410270e-08
159376.05718849157; 6.05267154565470e-08
159431.71634815965; 6.36972569575420e-08
159487.37550782773; 6.25329611208340e-08
159543.03466749581; 6.30427945509340e-08
159822.50122663798; 5.80561101043890e-08
159878.16038630609; 5.31835362520520e-08
159933.81954597417; 5.77371045543780e-08
159989.47870564228; 6.11321404523550e-08
160268.94526478442; 6.31170196202560e-08
160324.60442445253; 6.94563440069380e-08
160380.26358412061; 6.72077968516590e-08
160435.92274378869; 6.03327057166800e-08
160715.38930293085; 6.53198626371050e-08
160771.04846259893; 6.87440321733010e-08
160826.70762226704; 6.78040800126830e-08
160882.36678193512; 7.12850580462050e-08
161161.83334107726; 7.12702502609990e-08
161217.49250074537; 6.44825244935140e-08
161273.15166041348; 6.04492990909240e-08
161328.81082008156; 6.56097759897640e-08
161608.27737922373; 4.70050001647070e-08
161663.93653889181; 6.31445490735370e-08
161719.59569855989; 5.92902966839620e-08
161775.25485822800; 6.72351582321670e-08
162054.72141737014; 5.46337220336280e-08
162110.38057703822; 7.94645492690930e-08
162166.03973670633; 6.91339978726550e-08
162221.69889637444; 7.46182515120270e-08
162501.16545551660; 8.08955520066390e-08
162556.82461518468; 7.51768663943570e-08
162612.48377485276; 6.79339176569810e-08
162668.14293452085; 6.82889581969160e-08
162947.60949366301; 8.24754183189790e-08
163003.26865333109; 7.44040949620590e-08
163058.92781299917; 8.17888931793470e-08
163114.58697266728; 8.26725256435900e-08
163394.05353180945; 7.62808014915120e-08
163449.71269147756; 7.16613227790610e-08
163505.37185114564; 8.31253186688930e-08
163561.03101081372; 8.24885081501220e-08
163840.49756995589; 8.94932144128140e-08
163896.15672962397; 9.07396739290610e-08
163951.81588929205; 8.83018912819690e-08
164007.47504896013; 7.48164863569060e-08
164063.13420862824; 9.82444151951160e-08
164342.60076777040; 1.84604115240025e-07
164398.25992743851; 1.88903928664436e-07
164453.91908710659; 1.79781249610537e-07
164509.57824677468; 1.78244357626443e-07
164789.04480591684; 1.74201728071966e-07
164844.70396558492; 1.64844001793639e-07
164900.36312525300; 1.69691718936976e-07
164956.02228492108; 1.81890761935303e-07
165235.48884406325; 1.86600755731459e-07
165291.14800373136; 1.89069925572932e-07
165346.80716339947; 1.89061576028537e-07
165402.46632306755; 1.61333506188969e-07
165681.93288220969; 1.36611448800154e-07
165737.59204187780; 1.60991657589802e-07
165793.25120154588; 1.67530718537214e-07
165848.91036121396; 1.66162093674009e-07
166128.37692035612; 1.69386791352793e-07
166184.03608002421; 1.69287499044676e-07
166239.69523969229; 1.70755099072513e-07
166295.35439936040; 1.45543907732946e-07
166574.82095850253; 1.72402870776115e-07
166630.48011817064; 1.73302994431769e-07
166686.13927783875; 1.79534470981737e-07
166741.79843750683; 1.79565318087191e-07
167021.26499664897; 1.40891455656629e-07
167076.92415631708; 1.32636387804060e-07
167132.58331598516; 1.28445213508733e-07
167188.24247565324; 1.35239103732259e-07
167467.70903479541; 1.42156404497569e-07
167523.36819446349; 1.40468673087855e-07
167579.02735413160; 1.36587554372856e-07
167634.68651379971; 1.32780159269306e-07
167914.15307294184; 1.14371779821405e-07
167969.81223260993; 1.25655753408226e-07
168025.47139227804; 1.27773211302406e-07
168081.13055194612; 1.33260031794418e-07
168360.59711108828; 1.35594750579670e-07
168416.25627075636; 1.42586596806504e-07
168471.91543042444; 1.29430262570218e-07
168527.57459009255; 1.22026298487172e-07
168807.04114923469; 1.34671454574312e-07
168862.70030890280; 1.38857759643946e-07
168918.35946857091; 1.37307618922342e-07
168974.01862823899; 1.38941554327868e-07
169253.48518738116; 1.36867884880064e-07
169309.14434704924; 1.21326744352079e-07
169364.80350671732; 1.26927914016931e-07
169420.46266638540; 1.33602224592577e-07
169699.92922552756; 9.07464142499140e-08
169755.58838519565; 1.25733705516850e-07
169811.24754486376; 1.27336843673581e-07
169866.90670453187; 1.18033070540425e-07
170146.37326367400; 1.18582247572830e-07
170202.03242334211; 1.29882665464041e-07
170257.69158301019; 1.31213125503220e-07
170313.35074267827; 1.34351467388024e-07
170592.81730182044; 1.34642971347891e-07
170648.47646148852; 1.35016884137416e-07
170704.13562115660; 1.17463283891438e-07
170759.79478082471; 1.16473674218862e-07
171039.26133996688; 1.30794774588003e-07
171094.92049963496; 1.33103323644342e-07
171150.57965930307; 1.29133668244410e-07
171206.23881897115; 1.32237816844133e-07
171485.70537811331; 1.38079420363313e-07
171541.36453778140; 1.24955716981581e-07
171597.02369744948; 1.33133578604305e-07
171652.68285711756; 1.38405620085726e-07
171932.14941625972; 1.37873359841578e-07
171987.80857592783; 1.36435638231084e-07
172043.46773559591; 1.36182496902521e-07
172099.12689526402; 1.29602886088108e-07
172378.59345440616; 1.11217182685278e-07
172434.25261407427; 1.29854653536791e-07
172489.91177374235; 1.33327912079554e-07
172545.57093341043; 1.28998211692374e-07
172825.03749255260; 1.30096667219416e-07
172880.69665222068; 1.32443060843964e-07
172936.35581188879; 1.18299448951348e-07
172992.01497155687; 1.21162767773030e-07
173271.48153069901; 1.35825456590745e-07
173327.14069036712; 1.35362871301546e-07
173382.79985003523; 1.34971954703961e-07
173438.45900970331; 1.34884786524913e-07
173717.92556884547; 1.25176286312540e-07
173773.58472851355; 7.67787551015760e-08
173829.24388818163; 1.07698317922493e-07
173884.90304784974; 1.15484944605730e-07
174164.36960699188; 1.25739041487585e-07
174220.02876665996; 1.24180164947048e-07
174275.68792632807; 1.23906541277544e-07
174331.34708599618; 1.14704440958325e-07
174610.81364513832; 1.10686885201357e-07
174666.47280480643; 1.23544224187595e-07
174722.13196447451; 1.28411549247797e-07
174777.79112414259; 1.28420232390663e-07
175057.25768328476; 1.31805919403042e-07
175112.91684295284; 1.33776110756890e-07
175168.57600262092; 1.19177383790242e-07
175224.23516228903; 1.19385730656954e-07
175503.70172143119; 1.30346048760403e-07
175559.36088109927; 1.27765218602884e-07
175615.02004076738; 1.31819673310945e-07
175670.67920043546; 1.28850171059266e-07
175950.14575957763; 1.27654549555728e-07
176005.80491924571; 1.20516638390454e-07
176061.46407891379; 1.22116197424261e-07
176117.12323858187; 1.34705016198459e-07
176396.58979772404; 1.63906531934568e-07
176452.24895739215; 1.59033665647918e-07
176507.90811706023; 1.54622713815736e-07
176563.56727672834; 1.54384415350497e-07
176843.03383587048; 1.38489122068701e-07
176898.69299553859; 1.49747612647457e-07
176954.35215520667; 1.50706018527455e-07
177010.01131487475; 1.46187608068537e-07
177289.47787401691; 1.51016131159282e-07
177345.13703368499; 1.49275345599830e-07
177400.79619335310; 1.38118668306325e-07
177456.45535302121; 1.33982706490640e-07
177735.92191216332; 1.53079070180273e-07
177791.58107183143; 1.06108622094040e-07
177847.24023149954; 1.35408429071775e-07
177902.89939116762; 1.35037544936748e-07
178182.36595030979; 1.42891105989066e-07
178238.02510997787; 1.32813411387148e-07
178293.68426964595; 1.32618825279665e-07
178349.34342931406; 1.44181750644711e-07
178628.80998845620; 1.44586727846663e-07
178684.46914812428; 1.35369107476358e-07
178740.12830779239; 1.43520862869263e-07
178795.78746746050; 1.43146056868571e-07
179075.25402660266; 1.26535463903226e-07
179130.91318627074; 1.33055207153469e-07
179186.57234593882; 1.41444476563060e-07
179242.23150560691; 1.44658479253281e-07
179521.69806474907; 1.44879829088387e-07
179577.35722441715; 1.87721290250606e-07
179633.01638408523; 1.73711401364507e-07
179688.67554375334; 1.58225009929795e-07
179968.14210289551; 1.75330053070473e-07
180023.80126256362; 1.87725244137897e-07
180079.46042223170; 1.84495882339065e-07
180135.11958189978; 1.77101348134705e-07
180414.58614104195; 1.79922303327420e-07
180470.24530071003; 1.62499028313095e-07
180525.90446037811; 1.46830221065877e-07
180581.56362004619; 1.75944444539890e-07
180861.03017918835; 1.82498936665016e-07
180916.68933885646; 1.85067452016417e-07
180972.34849852457; 1.87506095422096e-07
181028.00765819266; 1.81901761091713e-07
181307.47421733479; 1.63141070967183e-07
181363.13337700290; 1.58980991269514e-07
181418.79253667098; 1.80997826514766e-07
181474.45169633906; 1.82271725305516e-07
181753.91825548123; 1.62296840101744e-07
181809.57741514931; 1.54769701758198e-07
181865.23657481742; 1.49294131951412e-07
181920.89573448553; 1.24731561441875e-07
182200.36229362764; 1.41027932458529e-07
182256.02145329575; 1.49154450875915e-07
182311.68061296386; 1.55680059438713e-07
182367.33977263194; 1.51561607962759e-07
182646.80633177410; 1.54766245613456e-07
182702.46549144218; 1.42571555796903e-07
182758.12465111027; 1.18543623583717e-07
182813.78381077835; 1.34875890907553e-07
183093.25036992051; 1.54976319156042e-07
183148.90952958859; 1.52284135579528e-07
183204.56868925670; 1.52847856003454e-07
183260.22784892481; 1.41720360910195e-07
183539.69440806695; 1.53801401199017e-07
183595.35356773506; 1.24803908623220e-07
183651.01272740314; 1.33682647563782e-07
183706.67188707122; 1.44231305624921e-07
183986.13844621339; 1.49846871786272e-07
184041.79760588147; 1.49782467225152e-07
184097.45676554955; 1.54147664037627e-07
184153.11592521766; 1.53920835658723e-07
184432.58248435979; 1.23236806248719e-07
184488.24164402790; 1.31879871346533e-07
184543.90080369601; 1.48691288490799e-07
184599.55996336410; 1.49532818737826e-07
184879.02652250626; 1.55493152994172e-07
184934.68568217434; 1.50139053462982e-07
184990.34484184242; 1.57115101338870e-07
185046.00400151053; 1.13992458289622e-07
185325.47056065267; 1.36562592604560e-07
185381.12972032075; 1.46152688241756e-07
185436.78887998886; 1.53758516144790e-07
185492.44803965697; 1.49785813994925e-07
185548.10719932505; 1.51375878998726e-07
185827.57375846722; 1.54168799245541e-07
185883.23291813530; 1.16306210993715e-07
185938.89207780338; 1.49180969862061e-07
185994.55123747149; 1.53344703254461e-07
186274.01779661363; 1.56900726367194e-07
186329.67695628171; 1.56086155138217e-07
186385.33611594982; 1.59472507219746e-07
186440.99527561793; 1.50369803277021e-07
186720.46183476006; 1.13245767618720e-07
186776.12099442817; 1.39318606172325e-07
186831.78015409625; 1.56677370222698e-07
186887.43931376433; 1.50134718206026e-07
187166.90587290650; 1.53892909323717e-07
187222.56503257458; 1.51086084732451e-07
187278.22419224266; 1.44803883298155e-07
187333.88335191077; 1.15888318347536e-07
187613.34991105294; 1.40199327201965e-07
187669.00907072102; 1.41938539194022e-07
187724.66823038913; 1.47443686865460e-07
187780.32739005721; 1.46833654960838e-07
188059.79394919937; 1.52555912555500e-07
188115.45310886746; 1.37639008644532e-07
188171.11226853554; 1.18454403702598e-07
188226.77142820362; 1.33532892236957e-07
188506.23798734578; 1.44026111199355e-07
188561.89714701389; 1.44190951744312e-07
188617.55630668197; 1.47424775830203e-07
188673.21546635008; 1.43375703039628e-07
188952.68202549222; 1.32468396817017e-07
189008.34118516033; 1.15053617994096e-07
189064.00034482841; 1.39308445893614e-07
189119.65950449649; 1.44568591596800e-07
189399.12606363866; 1.51799702969555e-07
189454.78522330674; 1.46723734679064e-07
189510.44438297485; 1.56872999533671e-07
189566.10354264293; 1.17766195368229e-07
189845.57010178507; 1.25043712989891e-07
189901.22926145318; 1.36374159958912e-07
189956.88842112129; 1.48890505943014e-07
190012.54758078937; 1.44164182577476e-07
190292.01413993153; 1.53267007261436e-07
190347.67329959961; 1.57877412224883e-07
190403.33245926769; 1.18886624389313e-07
190458.99161893580; 1.32057308823135e-07
190738.45817807794; 1.37523387317850e-07
190794.11733774602; 1.46156908737982e-07
190849.77649741413; 1.47911177421478e-07
190905.43565708224; 1.49152402098852e-07
191184.90221622441; 1.39492275893655e-07
191240.56137589249; 1.00941538446529e-07
191296.22053556057; 1.20347679137732e-07
191351.87969522865; 1.35261921461783e-07
191631.34625437082; 1.36265598400213e-07
191687.00541403890; 1.42112680254209e-07
191742.66457370698; 1.37870964903981e-07
191798.32373337509; 1.39972039413916e-07
192077.79029251725; 9.92334685819139e-08
192133.44945218536; 1.24599590844753e-07
192189.10861185344; 1.35960882473634e-07
192244.76777152152; 1.41341951515827e-07
192524.23433066369; 1.37805569495797e-07
192579.89349033177; 1.44013286055847e-07
192635.55264999985; 1.38021870913644e-07
192691.21180966793; 1.00557831138864e-07
192970.67836881010; 1.24887218151957e-07
193026.33752847821; 1.35227505666972e-07
193081.99668814632; 1.36106804044988e-07
193137.65584781440; 1.40571740751118e-07
193417.12240695654; 1.34134122050468e-07
193472.78156662465; 1.34625426382890e-07
193528.44072629273; 9.76283094433228e-08
193584.09988596081; 1.27715913702378e-07
193863.56644510297; 1.31344017444105e-07
193919.22560477105; 1.40664322169299e-07
193974.88476443916; 1.34448440279825e-07
194030.54392410727; 1.40513213929314e-07
194310.01048324938; 1.22916055934019e-07
194365.66964291749; 9.86395587702155e-08
194421.32880258560; 1.22988016647853e-07
194476.98796225368; 1.35536703547627e-07
194756.45452139585; 1.34615590450545e-07
194812.11368106393; 1.35116757972645e-07
194867.77284073201; 1.44266435576814e-07
194923.43200040012; 1.15697991284168e-07
195202.89855954226; 1.11615736380205e-07
195258.55771921034; 1.28183640179335e-07
195314.21687887845; 1.38157768412556e-07
195369.87603854656; 1.35768693615667e-07
195649.34259768872; 1.47961912142082e-07
195705.00175735680; 1.44497760830240e-07
195760.66091702488; 1.26684739961547e-07
195816.32007669297; 1.10114033724023e-07
196095.78663583513; 1.29643018192855e-07
196151.44579550321; 1.28209432868471e-07
196207.10495517129; 1.37021275704768e-07
196262.76411483940; 1.31032181580540e-07
196542.23067398157; 1.33332734191545e-07
196597.88983364968; 1.02531647390437e-07
196653.54899331776; 1.06077385173320e-07
196709.20815298584; 1.19446804220344e-07
196988.67471212801; 1.23704013190591e-07
197044.33387179609; 1.22050443817615e-07
197099.99303146417; 1.26461576473847e-07
197155.65219113225; 1.26995892518786e-07
197435.11875027441; 1.04242391883459e-07
197490.77790994252; 1.07095649790828e-07
197546.43706961063; 1.26223892215545e-07
197602.09622927872; 1.26561260940127e-07
197881.56278842085; 1.33361827744056e-07
197937.22194808896; 1.28952875680676e-07
197992.88110775704; 1.32697964929914e-07
198048.54026742512; 9.13199746122845e-08
198328.00682656729; 1.09261172003499e-07
198383.66598623537; 1.19336439304942e-07
198439.32514590345; 1.26058922821645e-07
198494.98430557156; 1.22584883567241e-07
198774.45086471373; 1.26692516138751e-07
198830.11002438181; 1.24029162016900e-07
198885.76918404992; 9.10328005182779e-08
198941.42834371800; 1.05427403550047e-07
199220.89490286016; 1.22804886929652e-07
199276.55406252824; 1.21689794884468e-07
199332.21322219633; 1.21360755038896e-07
199387.87238186441; 1.18377665493425e-07
199667.33894100657; 9.92859808139445e-08
199722.99810067468; 8.29824647764585e-08
199778.65726034276; 9.15655879474455e-08
199834.31642001087; 1.10271213545872e-07
200113.78297915301; 1.17527757721932e-07
200169.44213882112; 1.28571830468415e-07
200225.10129848920; 1.19873965359156e-07
200280.76045815728; 1.16741927247605e-07
200560.22701729945; 8.18054044516408e-08
200615.88617696753; 1.03540550688632e-07
200671.54533663564; 1.09018951989964e-07
200727.20449630372; 1.17286549216636e-07
201006.67105544586; 1.09986491750201e-07
201062.33021511397; 1.17531820525627e-07
201117.98937478208; 1.05280884580368e-07
201173.64853445016; 8.78721503305971e-08
201453.11509359232; 9.59921403534708e-08
201508.77425326040; 1.14504394885571e-07
201564.43341292848; 1.08754666264140e-07
201620.09257259659; 1.14698882663368e-07
201899.55913173873; 1.08336872789206e-07
201955.21829140681; 1.08383093885769e-07
202010.87745107492; 8.32191476760179e-08
202066.53661074303; 9.99098636099629e-08
202346.00316988520; 1.05537086923167e-07
202401.66232955328; 1.12146727450472e-07
202457.32148922136; 1.06540506018944e-07
202512.98064888944; 1.09521572963076e-07
202792.44720803160; 1.02568520895878e-07
202848.10636769969; 8.94813103656949e-08
202903.76552736777; 9.49645737498979e-08
202959.42468703588; 1.07794764866815e-07
203238.89124617804; 1.11362807821792e-07
203294.55040584615; 1.13389425339904e-07
203350.20956551423; 1.04484717317428e-07
203405.86872518231; 1.09386403180025e-07
203685.33528432448; 8.49507535611683e-08
203740.99444399256; 9.90693908945363e-08
203796.65360366064; 1.03905438810159e-07
203852.31276332872; 1.13503499488651e-07
204131.77932247089; 1.13480208693380e-07
204187.43848213900; 1.09798942252327e-07
204243.09764180711; 1.14107311665856e-07
204298.75680147519; 8.66278574310310e-08
204578.22336061732; 1.05346689664635e-07
204633.88252028544; 1.11324849381595e-07
204689.54167995352; 1.18555029063735e-07
204745.20083962160; 1.11821926695017e-07
205024.66739876376; 1.09371365961467e-07
205080.32655843184; 1.10881168538472e-07
205135.98571809995; 9.38394977067783e-08
205191.64487776806; 9.43197570716443e-08
205471.11143691017; 1.01955409354576e-07
205526.77059657828; 1.05455638154536e-07
205582.42975624639; 1.04475449072335e-07
205638.08891591447; 9.19363106521575e-08
205917.55547505664; 1.08708840964332e-07
205973.21463472472; 8.33580742660585e-08
206028.87379439280; 9.53848450200775e-08
206084.53295406091; 9.95540201422245e-08
206363.99951320305; 1.09519107238721e-07
206419.65867287113; 1.01782696480423e-07
206475.31783253924; 1.01023666051381e-07
206530.97699220735; 1.01468545090809e-07
206810.44355134951; 9.35494363245667e-08
206866.10271101759; 8.65754782731607e-08
206921.76187068567; 1.03802479789065e-07
206977.42103035375; 1.00079300022781e-07
207033.08019002186; 1.01902887437485e-07
207312.54674916400; 9.83716259098416e-08
207368.20590883208; 1.07986214879116e-07
207423.86506850019; 8.71470866867416e-08
207479.52422816830; 8.83122506362326e-08
207758.99078731047; 9.05249791583521e-08
207814.64994697855; 1.03532501975976e-07
207870.30910664663; 1.06094864915494e-07
207925.96826631471; 1.16950993009629e-07
208205.43482545688; 1.06648962860061e-07
208261.09398512496; 9.58581460669216e-08
208316.75314479304; 8.82805827967056e-08
208372.41230446115; 9.73030531952216e-08
208651.87886360331; 1.01097038119565e-07
208707.53802327142; 1.03465064349487e-07
208763.19718293950; 1.10137965576334e-07
208818.85634260759; 1.07993462156068e-07
209098.32290174975; 9.94515789794914e-08
209153.98206141783; 8.41246029537784e-08
209209.64122108591; 9.76495874457074e-08
209265.30038075399; 1.05425653947661e-07
209544.76693989616; 1.07475540941090e-07
209600.42609956427; 1.01867964386707e-07
209656.08525923238; 1.09057718632632e-07
209711.74441890046; 9.72074837009548e-08
209991.21097804260; 9.47490427535683e-08
210046.87013771071; 9.61255312685573e-08
210102.52929737879; 1.02377247226848e-07
210158.18845704687; 1.01130312233386e-07
210437.65501618903; 1.14332273252328e-07
210493.31417585711; 1.11461393393042e-07
210548.97333552522; 1.09639246231870e-07
210604.63249519333; 8.62570201403214e-08
210884.09905433547; 9.67420710263241e-08
210939.75821400355; 9.82942576465401e-08
210995.41737367166; 1.05798510337477e-07
211051.07653333974; 1.01888874950204e-07
211330.54309248191; 9.74565356757572e-08
211386.20225214999; 8.43700789560182e-08
211441.86141181807; 6.10794154078122e-08
211497.52057148618; 8.03956831781572e-08
211776.98713062832; 9.54015924291577e-08
211832.64629029643; 9.27973850510297e-08
211888.30544996451; 9.60026838779327e-08
211943.96460963262; 9.92703929402307e-08
212223.43116877478; 8.93897370952696e-08
212279.09032844286; 6.03508008616636e-08
212334.74948811095; 8.69158494066266e-08
212390.40864777903; 8.79049392550416e-08
212669.87520692119; 9.52295380740673e-08
212725.53436658927; 9.27739445794873e-08
212781.19352625738; 9.74735897790213e-08
212836.85268592546; 8.57701197803633e-08
213116.31924506763; 6.06852188500091e-08
213171.97840473574; 7.94372627240281e-08
213227.63756440382; 8.58209684218481e-08
213283.29672407190; 9.40503407068931e-08
213562.76328321407; 8.90922381215482e-08
213618.42244288215; 8.71857319449022e-08
213674.08160255023; 7.55636886608632e-08
213729.74076221834; 6.07196817641342e-08
214009.20732136047; 7.79790161841412e-08
214064.86648102858; 8.46148922675152e-08
214120.52564069669; 8.22982779132472e-08
214176.18480036478; 8.90580106200712e-08
214455.65135950691; 7.76750927125331e-08
214511.31051917502; 8.29551303768881e-08
214566.96967884310; 6.39618344505441e-08
214622.62883851118; 8.63422822347051e-08
214902.09539765335; 8.50675502971435e-08
214957.75455732143; 9.05042168791605e-08
215013.41371698951; 8.54579316994565e-08
215069.07287665762; 8.24371335269655e-08
215348.53943579979; 9.42233056715631e-08
215404.19859546787; 7.35412371353381e-08
215459.85775513598; 9.20258577601621e-08
215515.51691480406; 9.91453931313061e-08
215794.98347394622; 8.74647344828387e-08
215850.64263361430; 9.13546297149667e-08
215906.30179328239; 8.41734121638297e-08
215961.96095295047; 9.33164245405947e-08
216241.42751209263; 6.04612908568752e-08
216297.08667176074; 8.57833794488102e-08
216352.74583142882; 8.59856846638322e-08
216408.40499109693; 9.04586320324382e-08
216687.87155023907; 7.99609445636030e-08
216743.53070990718; 8.37539248253660e-08
216799.18986957526; 8.31666537647390e-08
216854.84902924334; 5.72418801559730e-08
217134.31558838551; 6.95141429248319e-08
217189.97474805359; 8.14128286434199e-08
217245.63390772170; 7.94999591078329e-08
217301.29306738978; 8.13863682450659e-08
217580.75962653192; 8.04957697998943e-08
217636.41878620003; 8.78260836997353e-08
217692.07794586814; 5.57237200041272e-08
217747.73710553622; 7.33803675660753e-08
218027.20366467838; 7.98780893206610e-08
218082.86282434646; 8.03484932827780e-08
218138.52198401454; 7.79518060781760e-08
218194.18114368265; 7.85047437062860e-08
218473.64770282479; 8.29452940114610e-08
218529.30686249287; 5.59454824932830e-08
218584.96602216098; 6.74698024990040e-08
218640.62518182909; 7.77917885468310e-08
218920.09174097126; 8.00668287064476e-08
218975.75090063934; 7.13425309121046e-08
219031.41006030742; 8.16502728390606e-08
219087.06921997550; 7.94690840219426e-08
219366.53577911766; 5.71585941823449e-08
219422.19493878575; 6.34943446578689e-08
219477.85409845383; 7.51936341480879e-08
219533.51325812194; 6.38334881415309e-08
219812.97981726410; 6.94931410275576e-08
219868.63897693221; 7.04348899216476e-08
219924.29813660029; 8.18272478295116e-08
219979.95729626837; 5.14662979399349e-08
220259.42385541054; 5.94737643735630e-08
220315.08301507862; 6.35674983114710e-08
220370.74217474670; 6.25193528454070e-08
220426.40133441478; 6.14266717736730e-08
220705.86789355695; 4.28203441305341e-08
220761.52705322506; 4.14199609435181e-08
220817.18621289317; 2.58466263428102e-08
220872.84537256125; 2.42512378120140e-08
221152.31193170339; 2.96241757766029e-08
221207.97109137150; 2.09768516866629e-08
221263.63025103958; 3.41754155578519e-08
221319.28941070766; 2.94251984674819e-08
221598.75596984982; 3.73494007495475e-08
221654.41512951790; 1.73804449032528e-08
221710.07428918601; 1.70326417190655e-08
221765.73344885412; 2.49045031280445e-08
222045.20000799623; 2.60975680687621e-08
222100.85916766434; 2.75912438394941e-08
222156.51832733245; 3.49980701356441e-08
222212.17748700053; 3.17901786214541e-08
222491.64404614270; 2.09837830192618e-08
222547.30320581078; 1.26564979352418e-08
222602.96236547886; 2.25115649866548e-08
222658.62152514697; 2.79502237005798e-08
222938.08808428911; 2.64151647065241e-08
222993.74724395719; 3.41902805137361e-08
223049.40640362530; 3.18794955909361e-08
223105.06556329341; 2.85844733505741e-08
223384.53212243557; 1.33269640237906e-08
223440.19128210365; 2.35968418656714e-08
223495.85044177173; 2.15593092611415e-08
223551.50960143982; 3.08904286388864e-08
223830.97616058198; 2.83967897655170e-08
223886.63532025006; 3.31181733428950e-08
223942.29447991814; 2.58141820346150e-08
223997.95363958625; 1.30647916284380e-08
224277.42019872842; 1.77850702494342e-08
224333.07935839653; 2.40644224246934e-08
224388.73851806461; 2.50592021088242e-08
224444.39767773269; 2.96425093448674e-08
224723.86423687486; 4.40649739847839e-08
224779.52339654294; 4.46865926752749e-08
224835.18255621102; 1.79233546975552e-08
224890.84171587910; 2.76048365333299e-08
225170.30827502126; 2.17357951813627e-08
225225.96743468937; 3.19638204101374e-08
225281.62659435748; 3.27350360083144e-08
225337.28575402556; 3.62024475575424e-08
225616.75231316770; 2.58369863490220e-08
225672.41147283581; 2.13815196326041e-09
225728.07063250389; 1.96753947336338e-08
225783.72979217197; 2.65464406992374e-08
226063.19635131414; 1.85684706038327e-08
226118.85551098222; 2.36359092602449e-08
226174.51467065033; 2.01477647941009e-08
226230.17383031844; 1.68978616733930e-08
226509.64038946058; -1.57152223861672e-08
226565.29954912866; 4.45941133898360e-09
226620.95870879677; 1.13437507093571e-08
226676.61786846485; 1.31411569355806e-08
226956.08442760701; 1.85677546139240e-09
227011.74358727509; 1.35060497386323e-08
227067.40274694317; 1.42876398086824e-08
227123.06190661128; -1.12108622738276e-08
227402.52846575342; 5.59498836484139e-09
227458.18762542153; 1.07155256817510e-08
227513.84678508961; 1.35555693794905e-08
227569.50594475772; 5.17484778562829e-09
227848.97250389989; 1.81265937916786e-08
227904.63166356797; 1.71286372661969e-08
227960.29082323605; 1.43139404603230e-09
228015.94998290413; 2.49940694127510e-09
228071.60914257224; 1.55551956305245e-08
228351.07570171438; 1.18210640049585e-08
228406.73486138249; 9.16241535172401e-09
228462.39402105057; 1.15220961575330e-08
228518.05318071868; 1.74285267943790e-08
228797.51973986084; 1.46961758747360e-09
228853.17889952892; -2.14430010607249e-09
228908.83805919701; 9.70291705079631e-09
228964.49721886509; 1.50732712998886e-08
229243.96377800725; 1.03453469034837e-08
229299.62293767533; 2.42055133938646e-08
229355.28209734344; 2.06655023927037e-08
229410.94125701152; 1.37533664509043e-08
229690.40781615369; 1.12642990670712e-08
229746.06697582180; 2.87043264147767e-08
229801.72613548988; 2.74737393010585e-08
229857.38529515796; 2.04279372711397e-08
230136.85185430013; 3.15005885871350e-09
230192.51101396821; 1.19607210347632e-08
230248.17017363629; 7.98120794712080e-09
230303.82933330440; -1.60299325514638e-08
230583.29589244653; 6.09956638716130e-09
230638.95505211464; 6.91024759767390e-09
230694.61421178275; -4.35723631903250e-09
230750.27337145084; 2.33956369931191e-09
231029.73993059300; 3.25754630988259e-09
231085.39909026108; 6.80240422809949e-09
231141.05824992916; -2.34803699248948e-08
231196.71740959724; -4.58240406029060e-09
231476.18396873941; 2.79800286986770e-09
231531.84312840749; 7.87447378655901e-10
231587.50228807557; -3.36382122712319e-09
231643.16144774368; 1.29280823590500e-09
231922.62800688585; 7.60923027033160e-09
231978.28716655396; -2.11800236636775e-08
232033.94632622204; -5.02722074399120e-09
232089.60548589012; -4.51698961131481e-09
232369.07204503228; -2.77209385620699e-09
232424.73120470037; -1.34271373765109e-08
232480.39036436845; -1.41618875914990e-10
232536.04952403653; -3.96829141175359e-09
232815.51608317869; -2.02592436917341e-08
232871.17524284680; -1.37835290396621e-08
232926.83440251491; -2.00918928698520e-09
232982.49356218299; -3.27433678066210e-09
233261.96012132513; 1.08761547556731e-08
233317.61928099324; 7.92074750628490e-10
233373.27844066132; 8.75311216099049e-09
233428.93760032940; -1.49246404001197e-08
233708.40415947157; -1.21550366046627e-08
233764.06331913965; -1.04729962246180e-08
233819.72247880776; -2.03732321486710e-10
233875.38163847587; 2.75948347073794e-10
234154.84819761798; 2.86786438443643e-08
234210.50735728609; 1.96188676004643e-08
234266.16651695420; 1.42784984562804e-08
234321.82567662228; -1.38448530242210e-09
234601.29223576444; 3.35291336321030e-09
234656.95139543252; 3.70172204236701e-10
234712.61055510060; 5.44743427210640e-09
234768.26971476871; 4.11592184741221e-09
235047.73627391085; -6.16712858620151e-09
235103.39543357893; -1.41069311881605e-08
235159.05459324704; -2.66751329861686e-08
235214.71375291515; -1.12700429196960e-08
235494.18031205732; -3.51413967270830e-09
235549.83947172540; -4.40182943977230e-09
235605.49863139348; 7.05051757889709e-10
235661.15779106156; -7.51204151775959e-09
235940.62435020373; -6.30885963133230e-09
235996.28350987181; -3.38586068348223e-08
236051.94266953989; -1.39506232911382e-08
236107.60182920800; -9.57867286388590e-09
236387.06838835016; -6.83359613228660e-09
236442.72754801827; -1.55339175845950e-09
236498.38670768635; -5.87705307073380e-09
236554.04586735443; -7.16825133146650e-09
236833.51242649660; -2.87804821837010e-08
236889.17158616468; -1.82746857008746e-08
236944.83074583276; -1.47682734440747e-08
237000.48990550084; -8.32300872087060e-09
237279.95646464301; -1.55452346207650e-09
237335.61562431112; -2.43135653851150e-09
237391.27478397923; -1.20434987057715e-08
237446.93394364731; -2.45011263004136e-08
237726.40050278945; -2.58728944251716e-08
237782.05966245756; -1.27016183800999e-08
237837.71882212564; -1.28117117357907e-08
237893.37798179372; -6.16774244691090e-09
238172.84454093588; -1.11226579916981e-08
238228.50370060396; -1.42737617351579e-08
238284.16286027207; -2.19321180074390e-08
238339.82201994018; -3.50487014209140e-08
238619.28857908232; -5.56032084969798e-10
238674.94773875040; 4.57811821872510e-09
238730.60689841851; 3.90870196934200e-09
238786.26605808659; 7.28545573702700e-09
239065.73261722876; 2.02799829728698e-08
239121.39177689684; 4.30005582033240e-08
239177.05093656492; -8.16825191772010e-09
239232.71009623303; 3.03295553495680e-08
239512.17665537517; 3.24788942267824e-08
239567.83581504328; 3.12151747448044e-08
239623.49497471136; 3.29328128056384e-08
239679.15413437947; 3.79990678048144e-08
239958.62069352163; 3.29851069812394e-08
240014.27985318971; -2.60967250092616e-08
240069.93901285779; 1.52031771129204e-08
240125.59817252588; 2.56563025797923e-08
240405.06473166804; 2.07929403270151e-08
240460.72389133612; 2.28692238429551e-08
240516.38305100423; 2.41567254339471e-08
240572.04221067231; 2.78032151098831e-08
240851.50876981448; -1.76025279420924e-08
240907.16792948259; -1.75977679338500e-10
240962.82708915067; 1.75964476102835e-08
241018.48624881875; 2.32913448354506e-08
241297.95280796092; 2.42870671374299e-08
241353.61196762900; 2.96411705178759e-08
241409.27112729708; 3.09252653800239e-08
241464.93028696519; -1.27419215747561e-08
241744.39684610732; -7.46862618557060e-09
241800.05600577543; 1.42849562484993e-08
241855.71516544354; 2.09511943041494e-08
241911.37432511162; 2.68809263817214e-08
242190.84088425379; 2.64013847444199e-08
242246.50004392187; 2.87163973270119e-08
242302.15920358995; 1.09854224288719e-08
242357.81836325803; -1.09460518717682e-08
242637.28492240020; 2.50094077926405e-08
242692.94408206828; 2.99031310369145e-08
242748.60324173639; 3.19489381981185e-08
242804.26240140450; 3.24405770095905e-08
243083.72896054664; 3.55823595811724e-08
243139.38812021475; 2.95893462280924e-08
243195.04727988283; -1.32320759307696e-08
243250.70643955091; 2.15714321422904e-08
243530.17299869307; 5.48537015577503e-08
243585.83215836115; 5.54802980946703e-08
243641.49131802924; 5.90517459918343e-08
243697.15047769735; 5.88738500209813e-08
243976.61703683948; 3.82519789565750e-08
244032.27619650759; -1.95616432182191e-08
244087.93535617570; 2.03115881133910e-08
244143.59451584378; 3.17658143608150e-08
244423.06107498595; 3.22409878855530e-08
244478.72023465403; 3.04918133413510e-08
244534.37939432211; 3.57347447786970e-08
244590.03855399019; 3.97278960054610e-08
244869.50511313236; 6.90846082356497e-10
244925.16427280044; 8.28258194333440e-09
244980.82343246855; 2.96615117378565e-08
245036.48259213666; 3.18553131499975e-08
245315.94915127879; 3.53724798008508e-08
245371.60831094690; 3.50098853117768e-08
245427.26747061498; 4.05429861864028e-08
245482.92663028307; 8.66581289952080e-09
245762.39318942523; -5.27355039383920e-09
245818.05234909331; 2.15197843315629e-08
245873.71150876139; 3.34621310702969e-08
245929.37066842950; 3.03556556520009e-08
246208.83722757167; 2.93861575335315e-08
246264.49638723975; 3.08038115128115e-08
246320.15554690786; 2.81844307689275e-08
246375.81470657594; -2.15871475677432e-08
246655.28126571811; 1.16279091479659e-08
246710.94042538619; 2.04383212256119e-08
246766.59958505427; 2.49863466378079e-08
246822.25874472235; 2.27377751132018e-08
247101.72530386451; 3.12437341447669e-08
247157.38446353262; 2.58168030911309e-08
247213.04362320071; -3.60618287063331e-08
247268.70278286882; 3.33771020424680e-09
247548.16934201095; 1.73861978913223e-08
247603.82850167906; 2.24972077141743e-08
247659.48766134714; 2.73688316469783e-08
247715.14682101522; 2.96287542409163e-08
247994.61338015739; 4.69075854174313e-08
248050.27253982547; 2.36178124939730e-09
248105.93169949355; 2.37739423151213e-08
248161.59085916163; 4.35101545265613e-08
248441.05741830380; 2.75502090319449e-08
248496.71657797191; 3.01301518040609e-08
248552.37573764002; 3.36299011747089e-08
248608.03489730810; 3.30918188603229e-08
248887.50145645023; 2.81024724348971e-09
248943.16061611834; -2.93113403139223e-08
248998.81977578643; 1.03905706067357e-08
249054.47893545451; 2.12723464813657e-08
249333.94549459667; 1.91482481293115e-08
249389.60465426475; 2.31386218373476e-08
249445.26381393286; 2.48459654220196e-08
249500.92297360097; 1.37630530169516e-08
249556.58213326905; -3.06678192619224e-08
249836.04869241119; 4.34149343535151e-09
249891.70785207930; 1.04969358935956e-08
249947.36701174738; 1.80855644657575e-08
250003.02617141546; 1.89734919445196e-08
250282.49273055763; 1.48632984127449e-08
250338.15189022571; 2.38294889741470e-08
250393.81104989382; -3.13136284385150e-08
250449.47020956193; 8.61620656309023e-11
250728.93676870406; 8.37333235566130e-09
250784.59592837215; 1.32381609576752e-08
250840.25508804026; 1.35809914780612e-08
250895.91424770834; 1.27136546456052e-08
251175.38080685050; 1.88732839083719e-08
251231.03996651858; -2.30046535381222e-08
251286.69912618666; -1.35621109464881e-08
251342.35828585477; 6.55773842542381e-09
251621.82484499691; 2.03459279541946e-08
251677.48400466502; 2.15883522067417e-08
251733.14316433310; 1.85635855677086e-08
251788.80232400121; 2.76486092916646e-08
252068.26888314338; -1.05886988993186e-08
252123.92804281146; -2.25013825024427e-08
252179.58720247954; 1.00003918659093e-08
252235.24636214762; 9.78111786617330e-09
252514.71292128979; 2.03334896228549e-08
252570.37208095787; 1.56986521143288e-08
252626.03124062598; 1.67590417002209e-08
252681.69040029406; 1.29751048377968e-08
252961.15695943622; -3.83353854618716e-08
253016.81611910433; 4.48724701799392e-10
253072.47527877241; 8.53503964827440e-09
253128.13443844049; 1.06985375638964e-08
253407.60099758266; 3.60916975499465e-08
253463.26015725074; 3.29922074869885e-08
253518.91931691882; 4.02677688495385e-08
253574.57847658693; -1.86702846443615e-08
253854.04503572907; 7.15470388234740e-09
253909.70419539718; 1.62475571434533e-08
253965.36335506529; 2.23853837947754e-08
254021.02251473337; 2.22659303260033e-08
254300.48907387551; 1.64106797766769e-08
254356.14823354362; 2.49488271569839e-08
254411.80739321170; -2.54086887475111e-08
254467.46655287978; -1.02095678036551e-08
254746.93311202194; 2.20655724275240e-09
254802.59227169002; 1.00563653107643e-08
254858.25143135813; 1.45424580531223e-08
254913.91059102624; 7.00278307481840e-09
255193.37715016838; 9.19814798079540e-09
255249.03630983646; -2.23026426653670e-09
255304.69546950457; -3.69524504953487e-08
255360.35462917265; -4.26985638611870e-09
255639.82118831482; 3.54967155488001e-09
255695.48034798290; 1.76132690169601e-09
255751.13950765098; 5.53916004220190e-09
255806.79866731909; 3.29069615567801e-09
256086.26522646123; 1.87005451182790e-09
256141.92438612934; -5.11529276556902e-08
256197.58354579742; -9.41623357091809e-09
256253.24270546553; 1.07993349133803e-10
256532.70926460769; 5.19420971282250e-09
256588.36842427577; 7.39688426137450e-09
256644.02758394385; 9.09983410646050e-09
