Time; Heat_flow
1817.86669807993; 1.42738482470343e-05
1923.46935625715; 4.67178407202640e-06
2252.87941390842; 3.01129068501490e-06
2358.48207208563; 3.41340382823600e-06
2464.08473026284; 3.51312017289380e-06
2793.49478791411; 2.21282955151520e-06
2899.09744609132; 2.28695333393760e-06
3228.50750374259; 2.29065758038750e-06
3334.11016191980; 2.79027318615880e-06
3663.52021957107; 2.83737253727930e-06
3769.12287774828; 3.50704925588390e-06
4098.53293539956; 3.77976280408740e-06
4204.13559357677; 4.34017130340790e-06
4533.54565122803; 4.48244840197500e-06
4639.14830940524; 4.67813344211720e-06
4968.55836705652; 4.69510475966610e-06
5074.16102523373; 4.64834581014640e-06
5403.57108288500; 4.45790861764630e-06
5509.17374106221; 4.16390864323180e-06
5838.58379871348; 4.88730939099360e-06
5944.18645689069; 4.78001662891660e-06
6049.78911506790; 4.69232983560110e-06
6379.19917271917; 4.35482639422690e-06
6484.80183089639; 4.32412198703830e-06
6814.21188854765; 4.20191547885810e-06
6919.81454672487; 4.18180212398750e-06
7249.22460437614; 4.14199864016550e-06
7354.82726255335; 4.06648547921190e-06
7684.23732020462; 4.21634360713640e-06
7789.83997838183; 4.13224954458960e-06
8119.25003603311; 4.19997663100580e-06
8224.85269421031; 4.11235999452770e-06
8554.26275186158; 4.06841344875940e-06
8659.86541003879; 4.03971865518420e-06
8989.27546769007; 3.98517921775230e-06
9094.87812586728; 3.92821819601880e-06
9424.28818351854; 3.85363106691260e-06
9529.89084169576; 3.88721202818720e-06
9635.49349987297; 3.83819427157090e-06
9964.90355752424; 3.69201576798860e-06
10070.50621570145; 3.64449266182720e-06
10399.91627335272; 3.68114042739110e-06
10505.51893152993; 3.69462268362230e-06
10834.92898918120; 3.55064359105150e-06
10940.53164735842; 3.45274776685680e-06
11269.94170500969; 3.50602801168040e-06
11375.54436318689; 3.50335270883290e-06
11704.95442083816; 3.38900283092560e-06
11810.55707901537; 3.35391473608220e-06
12139.96713666665; 3.35817282308760e-06
12245.56979484386; 3.25216405173160e-06
12574.97985249514; 3.19028139840630e-06
12680.58251067235; 3.20350503847230e-06
13009.99256832361; 3.23262571196280e-06
13115.59522650083; 3.14058171771600e-06
13445.00528415210; 3.00230079923000e-06
13550.60794232930; 3.00515103825800e-06
13656.21060050651; 2.94399252407390e-06
13985.62065815779; 2.92545308661470e-06
14091.22331633500; 2.91295150028580e-06
14420.63337398627; 2.87851440447130e-06
14526.23603216348; 2.86081655768170e-06
14855.64608981475; 2.87161915820680e-06
14961.24874799197; 2.78832694358920e-06
15290.65880564323; 2.78581709233260e-06
15396.26146382044; 2.72087380447050e-06
15725.67152147172; 2.68647166646900e-06
15831.27417964892; 2.73010884394850e-06
16160.68423730020; 2.62628991399610e-06
16266.28689547741; 2.58568046885010e-06
16595.69695312868; 2.75261800998820e-06
16701.29961130589; 2.70602358703140e-06
17030.70966895716; 2.70465263705300e-06
17136.31232713437; 2.61471769139100e-06
17241.91498531158; 2.54843048338490e-06
17571.32504296285; 2.57848660978570e-06
17676.92770114007; 2.52119936956160e-06
18006.33775879133; 2.59897929505170e-06
18111.94041696854; 2.47301002129720e-06
18441.35047461982; 2.67565078730070e-06
18546.95313279703; 2.59267968036330e-06
18876.36319044830; 2.58939654293710e-06
18981.96584862551; 2.57287940883080e-06
19311.37590627679; 2.70354800782690e-06
19416.97856445400; 2.64441536904680e-06
19746.38862210527; 2.65205389289870e-06
19851.99128028248; 2.54514668294860e-06
20181.40133793375; 2.83862972164840e-06
20287.00399611096; 2.73155204809450e-06
20616.41405376223; 2.80326808344780e-06
20722.01671193944; 2.76944799346340e-06
21051.42676959070; 2.90465113192530e-06
21157.02942776792; 2.87709514596430e-06
21262.63208594513; 2.75037761925840e-06
21592.04214359640; 2.88255028825880e-06
21697.64480177361; 2.80417549810530e-06
22027.05485942488; 3.01757935706260e-06
22132.65751760209; 2.91965862938600e-06
22462.06757525336; 3.04478596760710e-06
22567.67023343057; 2.95247404223300e-06
22897.08029108185; 3.12404284293470e-06
23002.68294925906; 2.98499649949210e-06
23332.09300691033; 3.13074363520490e-06
23437.69566508754; 3.05396871278520e-06
23767.10572273882; 3.18388248750950e-06
23872.70838091602; 3.15698111110860e-06
24202.11843856730; 3.27165117728270e-06
24307.72109674451; 3.16197259372640e-06
24637.13115439578; 3.36195471148810e-06
24742.73381257299; 3.21418709709300e-06
24848.33647075020; 3.15167352937270e-06
25177.74652840147; 3.26855246450740e-06
25283.34918657868; 3.17409217183970e-06
25612.75924422994; 3.39053334939580e-06
25718.36190240716; 3.24443626415770e-06
26047.77196005844; 3.36233917196910e-06
26153.37461823564; 3.26627766398160e-06
26482.78467588691; 3.45932573940240e-06
26588.38733406412; 3.39913594514240e-06
26917.79739171539; 3.47487933986150e-06
27023.40004989260; 3.36522954863410e-06
27352.81010754388; 3.50568289946860e-06
27458.41276572108; 3.47692670049700e-06
27787.82282337236; 3.66406103222370e-06
27893.42548154957; 3.51254625390170e-06
28222.83553920084; 3.65770089761300e-06
28328.43819737805; 3.54803537053990e-06
28434.04085555526; 3.44569472105150e-06
28763.45091320653; 3.54204801449390e-06
28869.05357138374; 3.44159050983380e-06
29198.46362903502; 3.67323886996640e-06
29304.06628721223; 3.55641544826680e-06
29633.47634486349; 3.66792271902170e-06
29739.07900304071; 3.58231555961410e-06
30068.48906069198; 3.64303848671620e-06
30174.09171886919; 3.53963426772570e-06
30503.50177652046; 3.71820354482290e-06
30609.10443469767; 3.61236798316740e-06
30938.51449234894; 3.86964279328190e-06
31044.11715052616; 3.76184356085650e-06
31373.52720817742; 3.77820582261870e-06
31479.12986635463; 3.67934803449470e-06
31808.53992400591; 3.91187822207470e-06
31914.14258218312; 3.84449120614170e-06
32243.55263983439; 3.93432270070770e-06
32349.15529801160; 3.86485369361230e-06
32454.75795618881; 3.78058014347900e-06
32784.16801384008; 3.99177191707860e-06
32889.77067201729; 3.89934774831170e-06
33219.18072966856; 3.96649645373270e-06
33324.78338784577; 3.87882280713900e-06
33654.19344549704; 4.06282383147610e-06
33759.79610367425; 3.91249773989870e-06
34089.20616132552; 4.13672536152950e-06
34194.80881950274; 4.04862218243760e-06
34524.21887715401; 4.26897716241100e-06
34629.82153533121; 4.16189806362650e-06
34959.23159298249; 4.35443094984930e-06
35064.83425115970; 4.23862513402450e-06
35394.24430881097; 4.42700466380680e-06
35499.84696698818; 4.30492401833540e-06
35829.25702463945; 4.57007500025980e-06
35934.85968281666; 4.40156526668290e-06
36040.46234099388; 4.23778907996600e-06
36369.87239864514; 4.51881472428896e-06
36475.47505682235; 4.36122454720386e-06
36804.88511447363; 4.61499820854145e-06
36910.48777265084; 4.51925714595825e-06
37239.89783030211; 4.79544572320346e-06
37345.50048847932; 4.67212611408046e-06
37674.91054613059; 4.88867211896843e-06
37780.51320430780; 4.75615456260183e-06
38109.92326195907; 5.00957583108355e-06
38215.52592013628; 4.81763130608245e-06
38544.93597778755; 4.97553383219690e-06
38650.53863596477; 4.90290707707470e-06
38979.94869361603; 5.11259553194790e-06
39085.55135179324; 4.94101834729790e-06
39414.96140944451; 5.19068452407229e-06
39520.56406762173; 5.03606528356239e-06
39626.16672579893; 4.84260462355319e-06
39955.57678345020; 5.00237429378263e-06
40061.17944162742; 4.85330093483743e-06
40390.58949927869; 4.89114247116700e-06
40496.19215745590; 4.79917675374990e-06
40825.60221510717; 4.87651386925852e-06
40931.20487328438; 4.69406060924912e-06
41260.61493093566; 4.88129407561221e-06
41366.21758911286; 4.58448610586491e-06
41695.62764676414; 4.67440262522528e-06
41801.23030494135; 4.54758487456668e-06
42130.64036259262; 4.58905201783317e-06
42236.24302076983; 4.43092587078817e-06
42565.65307842111; 4.39438884001599e-06
42671.25573659831; 4.31148210855154e-06
43000.66579424959; 4.40288469387988e-06
43106.26845242679; 4.34039011471399e-06
43435.67851007807; 4.26363309596184e-06
43541.28116825527; 4.17815972716915e-06
43646.88382643249; 3.98004982226694e-06
43976.29388408376; 3.98141254127954e-06
44081.89654226098; 3.94539212263538e-06
44411.30659991223; 3.95359159892157e-06
44516.90925808945; 3.85634704921322e-06
44846.31931574072; 3.99279630300089e-06
44951.92197391793; 4.04765620963384e-06
45281.33203156920; 3.94958745505556e-06
45386.93468974641; 3.87077766627644e-06
45716.34474739768; 3.93674659064787e-06
45821.94740557490; 3.79281720048320e-06
46151.35746322617; 3.88784910276675e-06
46256.96012140338; 3.76625470754501e-06
46586.37017905465; 3.87196719112797e-06
46691.97283723186; 3.88885780110992e-06
47021.38289488314; 4.02555492391475e-06
47126.98555306034; 4.14293083605146e-06
47232.58821123754; 4.20540789852904e-06
47561.99826888882; 4.28054492873505e-06
47667.60092706603; 4.24872916910235e-06
47997.01098471730; 4.22792247432429e-06
48102.61364289452; 4.04381343980527e-06
48432.02370054578; 4.10752687477159e-06
48537.62635872299; 4.08213981353518e-06
48867.03641637426; 4.08660621253488e-06
48972.63907455148; 3.92320027386914e-06
49302.04913220275; 4.02480173318133e-06
49407.65179037995; 3.89220646206378e-06
49737.06184803123; 3.90474551866923e-06
49842.66450620844; 3.85878696788825e-06
50172.07456385971; 3.82517670867937e-06
50277.67722203692; 3.80811615337366e-06
50607.08727968820; 3.78893427576972e-06
50712.68993786541; 3.67646380704776e-06
51042.09999551668; 3.73548312384043e-06
51147.70265369389; 3.60770775735667e-06
51253.30531187110; 3.50022049795269e-06
51582.71536952237; 3.56018452414090e-06
51688.31802769958; 3.49228504421131e-06
52017.72808535086; 3.45902471792928e-06
52123.33074352806; 3.39235844850891e-06
52452.74080117934; 3.50033046469968e-06
52558.34345935654; 3.31685984342081e-06
52887.75351700782; 3.29893317704404e-06
52993.35617518502; 3.21203868259047e-06
53322.76623283630; 3.23716711336990e-06
53428.36889101351; 3.22127454316589e-06
53757.77894866478; 3.13601782411237e-06
53863.38160684198; 3.14477830334542e-06
54192.79166449326; 3.13343813268604e-06
54298.39432267047; 3.01646025485351e-06
54627.80438032174; 3.08755413368876e-06
54733.40703849895; 3.00818573285863e-06
54839.00969667617; 2.90807054967421e-06
55168.41975432743; 2.89971206432828e-06
55274.02241250465; 2.80720268542130e-06
55603.43247015592; 2.85266904150926e-06
55709.03512833313; 2.80261342247139e-06
56038.44518598440; 2.77757829833408e-06
56144.04784416161; 2.76333901628388e-06
56473.45790181288; 2.72829678090071e-06
56579.06055999009; 2.66990148294890e-06
56908.47061764137; 2.67466370978241e-06
57014.07327581858; 2.60502148063071e-06
57343.48333346985; 2.55666734792171e-06
57449.08599164705; 2.47499200727300e-06
57778.49604929832; 2.54354622225902e-06
57884.09870747554; 2.49007290741424e-06
58213.50876512680; 2.51639485576730e-06
58319.11142330401; 2.42222854270080e-06
58424.71408148123; 2.34278182501062e-06
58754.12413913250; 2.37125624203187e-06
58859.72679730972; 2.30544476084649e-06
59189.13685496098; 2.32538625173122e-06
59294.73951313819; 2.28638587334492e-06
59624.14957078946; 2.25709462746679e-06
59729.75222896667; 2.16874465995499e-06
60059.16228661795; 2.23886101526740e-06
60164.76494479516; 2.17119634641081e-06
60494.17500244643; 2.17562511635690e-06
60599.77766062364; 2.08382712171618e-06
60929.18771827492; 2.11406559158951e-06
61034.79037645212; 2.02461543832035e-06
61364.20043410339; 2.03003178414513e-06
61469.80309228061; 2.01547375719859e-06
61799.21314993188; 2.00693056660190e-06
61904.81580810909; 1.94773657318690e-06
62234.22586576036; 1.92486522313752e-06
62339.82852393757; 1.85069701107941e-06
62445.43118211478; 1.83327494134510e-06
62774.84123976605; 1.85259389657852e-06
62880.44389794326; 1.83026951960274e-06
63209.85395559453; 1.84293969616447e-06
63315.45661377173; 1.78958517289421e-06
63644.86667142301; 1.79294428949674e-06
63750.46932960022; 1.73646158330544e-06
64079.87938725149; 1.73875013376455e-06
64185.48204542870; 1.70290299388733e-06
64514.89210307998; 1.69821889389271e-06
64620.49476125719; 1.67732552633839e-06
64949.90481890846; 1.64114209375745e-06
65055.50747708567; 1.58269246916863e-06
65384.91753473695; 1.62208627408218e-06
65490.52019291415; 1.59805656523538e-06
65819.93025056543; 1.55479856417608e-06
65925.53290874264; 1.52113384425774e-06
66031.13556691984; 1.48558835125005e-06
66360.54562457112; 1.49797766601116e-06
66466.14828274833; 1.47540484727046e-06
66795.55834039960; 1.44488973368589e-06
66901.16099857682; 1.45208222477708e-06
67230.57105622807; 1.59647695696874e-06
67336.17371440529; 1.58851466705029e-06
67665.58377205656; 1.50235324038126e-06
67771.18643023376; 1.53449726259364e-06
68100.59648788505; 1.53411031441509e-06
68206.19914606225; 1.46741508117375e-06
68535.60920371354; 1.48945346163356e-06
68641.21186189074; 1.45353890951261e-06
68970.62191954201; 1.44843223653961e-06
69076.22457771923; 1.42777527407935e-06
69405.63463537049; 1.43093616639985e-06
69511.23729354770; 1.41215640552342e-06
69840.64735119898; 1.39053501491808e-06
69946.25000937618; 1.34655726949167e-06
70051.85266755339; 1.30902134246112e-06
70381.26272520467; 1.29469665918054e-06
70486.86538338187; 1.28849720490923e-06
70816.27544103315; 1.30367189729725e-06
70921.87809921036; 1.26543444929842e-06
71251.28815686163; 1.26587314223861e-06
71356.89081503885; 1.22556066381177e-06
71686.30087269010; 1.21103219472465e-06
71791.90353086732; 1.19524561557354e-06
72121.31358851859; 1.19783478526976e-06
72226.91624669581; 1.16562979056578e-06
72556.32630434708; 1.16082676661517e-06
72661.92896252428; 1.14234429322448e-06
72991.33902017557; 1.05438850388165e-06
73096.94167835277; 1.07099209505704e-06
73426.35173600404; 1.10575661769869e-06
73531.95439418126; 1.07552145598475e-06
73637.55705235846; 1.06481534250692e-06
73966.96711000973; 1.06888064120463e-06
74072.56976818695; 1.00245253368332e-06
74401.97982583821; 1.01604961474331e-06
74507.58248401542; 1.01329410492638e-06
74836.99254166670; 1.00532531181754e-06
74942.59519984390; 9.95184894026380e-07
75272.00525749518; 9.89687298526680e-07
75377.60791567239; 9.69351581649960e-07
75707.01797332366; 9.33168829344260e-07
75812.62063150087; 9.22042559352580e-07
76142.03068915213; 9.26100989433480e-07
76247.63334732935; 9.12886031548730e-07
76577.04340498062; 8.86441892392940e-07
76682.64606315782; 8.74488754380360e-07
77012.05612080911; 8.62317097552280e-07
77117.65877898631; 8.38098933684310e-07
77223.26143716351; 8.44606124116390e-07
77552.67149481480; 8.44767820356580e-07
77658.27415299200; 8.13763935784210e-07
77987.68421064327; 7.87878580289950e-07
78093.28686882049; 7.86585278314210e-07
78422.69692647175; 7.54890611741920e-07
78528.29958464896; 7.71714249734120e-07
78857.70964230024; 7.84180061645790e-07
78963.31230047744; 7.61875443480450e-07
79292.72235812873; 7.53746732648820e-07
79398.32501630593; 7.38846255257900e-07
79727.73507395721; 7.01650169770020e-07
79833.33773213442; 7.12050965214060e-07
80162.74778978569; 7.27565287233990e-07
80268.35044796290; 7.07317304164520e-07
80597.76050561416; 6.98058854435197e-07
80703.36316379138; 6.82016635257947e-07
81032.77322144265; 6.54272549856282e-07
81138.37587961985; 6.59563089428322e-07
81243.97853779707; 6.36907905948682e-07
81573.38859544834; 6.46772717711298e-07
81678.99125362554; 6.35501523529608e-07
82008.40131127683; 6.19865827342821e-07
82114.00396945403; 5.80451257310781e-07
82443.41402710530; 6.18228150709535e-07
82549.01668528252; 6.15037811987165e-07
82878.42674293378; 5.73709134552492e-07
82984.02940111101; 5.68275710604702e-07
83313.43945876227; 5.72480012062308e-07
83419.04211693948; 5.39534537314948e-07
83748.45217459076; 5.61580319822266e-07
83854.05483276796; 5.58684738526176e-07
84183.46489041924; 5.67470341419682e-07
84289.06754859645; 5.66341971611382e-07
84618.47760624772; 5.45109971098584e-07
84724.08026442493; 5.22127776048954e-07
84829.68292260214; 5.11592476373344e-07
85159.09298025341; 4.99166622680068e-07
85264.69563843062; 5.10351160478628e-07
85594.10569608188; 5.10689475190899e-07
85699.70835425910; 4.92003325175309e-07
86029.11841191037; 4.92623455442391e-07
86134.72107008757; 4.84587647526091e-07
86464.13112773886; 4.39448232559820e-07
86569.73378591606; 4.55461910859440e-07
86899.14384356735; 4.67859247844691e-07
87004.74650174455; 4.64791399779721e-07
87334.15655939582; 4.39478009388908e-07
87439.75921757304; 3.97444546321628e-07
87769.16927522430; 4.20742779660673e-07
87874.77193340151; 4.41476795879843e-07
88204.18199105278; 4.38349745815434e-07
88309.78464922999; 4.24698312148714e-07
88415.38730740720; 4.17739734047304e-07
88744.79736505848; 4.26214553627085e-07
88850.40002323568; 4.15875946408665e-07
89179.81008088696; 4.12971430273255e-07
89285.41273906417; 3.98099653821935e-07
89614.82279671544; 3.99267467305549e-07
89720.42545489265; 3.83436693256849e-07
90049.83551254391; 3.48190560179571e-07
90155.43817072114; 3.57104877481321e-07
90484.84822837240; 3.90862608468935e-07
90590.45088654962; 3.75115899570565e-07
90919.86094420089; 3.75948488688158e-07
91025.46360237809; 3.69948053993148e-07
91354.87366002938; 3.59745047716354e-07
91460.47631820658; 3.38105634594474e-07
91789.88637585785; 3.59479394053272e-07
91895.48903403507; 3.51005181111402e-07
92224.89909168633; 3.52215070322396e-07
92330.50174986353; 3.48977157375996e-07
92436.10440804074; 3.39513052222716e-07
92765.51446569202; 3.33998950336239e-07
92871.11712386922; 3.23837908223659e-07
93200.52718152051; 3.23894350360594e-07
93306.12983969771; 3.25905546952054e-07
93635.53989734898; 3.40420190137488e-07
93741.14255552620; 3.31308613372768e-07
94070.55261317747; 2.98676389075166e-07
94176.15527135468; 2.96850106139846e-07
94505.56532900594; 3.13272404035997e-07
94611.16798718316; 3.17516452461627e-07
94940.57804483443; 3.23668427016589e-07
95046.18070301163; 3.14527384803189e-07
95375.59076066292; 2.91375192781108e-07
95481.19341884012; 2.82077611398848e-07
95810.60347649139; 2.95876939501787e-07
95916.20613466861; 2.95117963158747e-07
96021.80879284581; 2.93430404478687e-07
96351.21885049708; 2.89182008919607e-07
96456.82150867430; 2.62963595758881e-07
96786.23156632556; 2.53448699502290e-07
96891.83422450277; 2.72919519999077e-07
97221.24428215405; 2.88803650983355e-07
97326.84694033126; 2.82612061645653e-07
97656.25699798253; 3.01017587788671e-07
97761.85965615974; 2.90449193662231e-07
98091.26971381102; 2.78263976002250e-07
98196.87237198823; 2.79692268164562e-07
98526.28242963950; 2.47530772494238e-07
98631.88508781671; 2.55744681502754e-07
98961.29514546797; 2.56436174053024e-07
99066.89780364519; 2.57940895382676e-07
99396.30786129646; 2.39852805142484e-07
99501.91051947366; 2.38252511935146e-07
99831.32057712495; 2.56165851663405e-07
99936.92323530215; 2.62344518129903e-07
100042.52589347935; 2.56798912640239e-07
100371.93595113064; 2.52390748522589e-07
100477.53860930784; 2.33949573535839e-07
100806.94866695911; 2.11310138206868e-07
100912.55132513633; 2.25729418418570e-07
101241.96138278760; 2.22604772556566e-07
101347.56404096482; 2.29786082877567e-07
101676.97409861608; 2.30999740709296e-07
101782.57675679329; 2.25477313999002e-07
102111.98681444456; 1.96484777817375e-07
102217.58947262177; 2.00305708140734e-07
102546.99953027305; 2.03642576350499e-07
102652.60218845026; 2.04989921489384e-07
102982.01224610153; 2.17892809546309e-07
103087.61490427874; 2.10012854606206e-07
103417.02496193000; 1.96966384700115e-07
103522.62762010722; 1.84933426789894e-07
103628.23027828443; 1.92272754589870e-07
103957.64033593569; 1.90773162216819e-07
104063.24299411291; 1.87826311615403e-07
104392.65305176418; 1.69487693817580e-07
104498.25570994140; 1.50268263452726e-07
104827.66576759267; 1.44328201452973e-07
104933.26842576987; 1.66822215459744e-07
105262.67848342116; 1.60397076808852e-07
105368.28114159836; 1.50792082261716e-07
105697.69119924963; 1.59550067815363e-07
105803.29385742685; 1.57319673921568e-07
106132.70391507811; 1.45015789114897e-07
106238.30657325532; 1.52808512682015e-07
106567.71663090659; 1.55843224309359e-07
106673.31928908380; 1.53379129683502e-07
107002.72934673508; 1.52807068264411e-07
107108.33200491228; 1.43256738972028e-07
107213.93466308949; 1.22568829510919e-07
107543.34472074077; 1.27920704216494e-07
107648.94737891798; 1.37100124462393e-07
107978.35743656925; 1.37299276499703e-07
108083.96009474646; 1.35599362137244e-07
108413.37015239772; 1.32768428544019e-07
108518.97281057494; 1.05908871387275e-07
108848.38286822621; 8.95255771081599e-08
108953.98552640341; 1.11434606398698e-07
109283.39558405470; 1.25725990372418e-07
109388.99824223190; 1.22713450593708e-07
109718.40829988317; 1.21094251399649e-07
109824.01095806039; 1.20040511564099e-07
110153.42101571165; 1.19702129986190e-07
110259.02367388886; 1.19606740376954e-07
110588.43373154014; 1.18883135448503e-07
110694.03638971734; 9.33579982126720e-08
111023.44644736862; 9.32645213878300e-08
111129.04910554583; 1.02457077529635e-07
111234.65176372303; 9.17403245387350e-08
111564.06182137431; 9.20729067357500e-08
111669.66447955152; 9.88234220886620e-08
111999.07453720280; 1.12742766950894e-07
112104.67719538001; 1.13657934309562e-07
112434.08725303128; 1.09270782403100e-07
112539.68991120849; 9.90610853026220e-08
112869.09996885975; 8.52067237124521e-08
112974.70262703697; 9.94098117853350e-08
113304.11268468824; 9.79247642744399e-08
113409.71534286544; 1.00749392909378e-07
113739.12540051673; 8.96120940952190e-08
113844.72805869393; 8.91123951859760e-08
114174.13811634520; 6.82202989053870e-08
114279.74077452242; 7.92547952078270e-08
114609.15083217368; 9.34485073293420e-08
114714.75349035089; 9.51404261096580e-08
114820.35614852811; 9.64187616295040e-08
115149.76620617937; 9.25534309926300e-08
115255.36886435660; 7.06612325346510e-08
115584.77892200786; 6.63033728528430e-08
115690.38158018507; 7.32740364408550e-08
116019.79163783634; 6.94997727726541e-08
116125.39429601355; 4.74669347073261e-08
116454.80435366483; 3.10968475772390e-08
116560.40701184203; 2.72322461155250e-08
116889.81706949331; 1.07787231300970e-08
116995.41972767052; 8.85982172953600e-09
117324.82978532178; 1.15057955529270e-08
117430.43244349900; 2.55241041397003e-09
117759.84250115027; 1.52449909986200e-09
117865.44515932747; 3.37221712776201e-09
118194.85521697876; -2.01684535835320e-08
118300.45787515596; -1.33959795680690e-08
118406.06053333316; -4.02682893751502e-09
118735.47059098445; 1.20928930568080e-08
118841.07324916165; 1.05059651151640e-08
119170.48330681294; 3.55813291035280e-08
119276.08596499014; 3.67430680052790e-08
119605.49602264141; 4.20183813476990e-08
119711.09868081863; 7.72387419877780e-08
120040.50873846989; 9.84012039223230e-08
120146.11139664710; 1.01463049179119e-07
120475.52145429837; 1.19388626449493e-07
120581.12411247558; 1.15744264085740e-07
120910.53417012686; 1.12301496725847e-07
121016.13682830406; 1.08611094056776e-07
121345.54688595534; 1.08391089010714e-07
121451.14954413255; 9.97889484954510e-08
121780.55960178381; 8.96511936633920e-08
121886.16225996103; 9.49173448935060e-08
122215.57231761230; 7.21412715750370e-08
122321.17497578950; 7.75723015520890e-08
122426.77763396673; 9.22090478883230e-08
122756.18769161799; 7.16790298165941e-08
122861.79034979521; 8.31423082861540e-08
123191.20040744648; 9.15196404885161e-08
123296.80306562368; 8.44582331191750e-08
123626.21312327497; 8.67098817867730e-08
123731.81578145217; 8.57342431783550e-08
124061.22583910344; 9.10831801876420e-08
124166.82849728066; 7.79774068048760e-08
124496.23855493192; 8.28377355884610e-08
124601.84121310913; 8.67087895543270e-08
124931.25127076040; 5.48941963984360e-08
125036.85392893761; 6.11335170378910e-08
125366.26398658888; 8.47587376702170e-08
125471.86664476609; 8.83454159181960e-08
125801.27670241735; 9.56183106335560e-08
125906.87936059457; 9.13532178503840e-08
126012.48201877179; 7.65635611500270e-08
126341.89207642306; 7.15786794107720e-08
126447.49473460027; 8.27561285919760e-08
126776.90479225153; 8.58561498158690e-08
126882.50745042875; 7.28150592527990e-08
127211.91750808002; 7.59975843493640e-08
127317.52016625722; 8.50311873986230e-08
127646.93022390851; 8.12968307901610e-08
127752.53288208571; 7.67382408142550e-08
128081.94293973698; 8.20600172780600e-08
128187.54559791420; 7.79797839861310e-08
128516.95565556546; 8.22261807291350e-08
128622.55831374267; 8.16101014086230e-08
128951.96837139394; 6.23630071352010e-08
129057.57102957115; 7.09798982168530e-08
129386.98108722243; 7.44594474672480e-08
129492.58374539964; 6.53426458695070e-08
129821.99380305092; 7.13362375724810e-08
129927.59646122812; 7.99260551234489e-08
130033.19911940533; 7.41862969652280e-08
130362.60917705661; 5.20501189541320e-08
130468.21183523381; 6.19279457650350e-08
130797.62189288509; 6.35352884754670e-08
130903.22455106230; 6.61865957590460e-08
131232.63460871356; 6.54738793862790e-08
131338.23726689076; 6.22173434373100e-08
131667.64732454205; 4.63757393785050e-08
131773.24998271925; 5.16428000236430e-08
132102.66004037051; 5.68684128375730e-08
132208.26269854774; 5.17247218282230e-08
132537.67275619900; 6.29993594497630e-08
132643.27541437623; 6.06733043567470e-08
132972.68547202749; 6.20124788443520e-08
133078.28813020469; 5.92461644827760e-08
133407.69818785597; 7.34815682746780e-08
133513.30084603318; 6.24739105834210e-08
133618.90350421041; 6.15775162853670e-08
133948.31356186164; 5.74484773091170e-08
134053.91622003887; 5.44434729567520e-08
134383.32627769012; 3.91852274157800e-08
134488.92893586736; 4.97298863907180e-08
134818.33899351861; 4.48695916276010e-08
134923.94165169582; 2.41598337491830e-08
135253.35170934710; 6.09568355342560e-08
135358.95436752430; 7.12420427294110e-08
135688.36442517559; 4.50808304376030e-08
135793.96708335279; 4.14239650130960e-08
136123.37714100408; 5.55193912355010e-08
136228.97979918128; 5.35185961472340e-08
136558.38985683257; 5.71779031130030e-08
136663.99251500977; 5.68181416462940e-08
136993.40257266106; 6.47256379538050e-08
137099.00523083826; 3.98864413862140e-08
137204.60788901546; 3.33312133590800e-08
137534.01794666672; 4.89884014048510e-08
137639.62060484395; 4.94662429207590e-08
137969.03066249521; 4.02583896961140e-08
138074.63332067244; 3.60605324142190e-08
138404.04337832367; 2.99030649201490e-08
138509.64603650090; 3.72725492231620e-08
138839.05609415218; 3.88449983950900e-08
138944.65875232939; 3.26080793842290e-08
139274.06880998064; 2.42565776602740e-08
139379.67146815785; 2.61089245299670e-08
139709.08152580913; 3.53991993489600e-08
139814.68418398633; -2.99115826340101e-09
140144.09424163762; 1.05888264643910e-08
140249.69689981482; 1.46099971270650e-08
140579.10695746611; 2.50864540260180e-08
140684.70961564331; 3.04218633903870e-08
141014.11967329460; 3.37198966204770e-08
141119.72233147180; 1.26781722802950e-08
141225.32498964900; 9.49809927138799e-09
141554.73504730029; 2.51481345233350e-08
141660.33770547749; 2.93489249199250e-08
141989.74776312875; 2.04946222543590e-08
142095.35042130598; 2.11273382433810e-08
142424.76047895727; 1.57536897032030e-08
142530.36313713447; 6.33258167493398e-09
142859.77319478572; 2.52830468011940e-08
142965.37585296293; 2.97698468912670e-08
143294.78591061421; 4.03723122532740e-08
143400.38856879142; 3.41316059208630e-08
143729.79862644267; 4.18577720036900e-08
143835.40128461987; 3.23205027540160e-08
144164.81134227116; 3.83114920365290e-08
144270.41400044836; 4.18426078476160e-08
144599.82405809965; 4.01797875042560e-08
144705.42671627685; 3.81464072330130e-08
144811.02937445405; 2.66630636268550e-08
145140.43943210534; 2.90119440951150e-08
145246.04209028254; 3.32296995291370e-08
145575.45214793383; -1.87652813660950e-08
145681.05480611103; -2.13793121613560e-08
146010.46486376232; -1.41472613093680e-08
146116.06752193952; -1.53201867792490e-08
146445.47757959081; -1.64833315376920e-08
146551.08023776801; -4.50817699469770e-08
146880.49029541929; -3.08818284927190e-08
146986.09295359650; -2.08932841621180e-08
147315.50301124775; -2.38258301579780e-08
147421.10566942496; -3.76224231759470e-08
147750.51572707624; -3.88943442716940e-08
147856.11838525345; -6.37407804919890e-08
148185.52844290470; -5.91375031913670e-08
148291.13110108190; -3.59391377044920e-08
148620.54115873319; -2.48004766580090e-08
148726.14381691039; -2.05314392221050e-08
148831.74647508762; -2.21724927985800e-08
149161.15653273888; -2.04365179823750e-08
149266.75919091608; -3.46863425108430e-08
149596.16924856737; 3.44368084369930e-08
149701.77190674457; 3.76045435106950e-08
150031.18196439586; 1.89339322065920e-08
150136.78462257306; 1.89519719233990e-08
150466.19468022435; 9.21706467307100e-09
150571.79733840155; 1.04551633114500e-08
150901.20739605284; 1.19870080868010e-08
151006.81005423004; 1.46340318210250e-08
151336.22011188130; 1.39299966650580e-08
151441.82277005850; 1.25656503212820e-08
151771.23282770978; 6.29849493106400e-09
151876.83548588699; 5.86505734174601e-09
152206.24554353824; -2.60943037055360e-08
152311.84820171545; 1.25603443680000e-09
152417.45085989268; -1.66817336467006e-10
152746.86091754393; -3.55975359770699e-09
152852.46357572117; 4.21510523955201e-09
153181.87363337242; 7.28435092857001e-09
153287.47629154962; -5.69547919100055e-11
153616.88634920091; 5.78441788832400e-09
153722.48900737811; 3.48173226847600e-09
154051.89906502940; 6.11323578626800e-09
154157.50172320660; 5.70813273110099e-09
154486.91178085789; 6.61668306135200e-09
154592.51443903509; 5.90531044872800e-09
154921.92449668638; -3.59913322317400e-09
155027.52715486358; -1.21587881684610e-08
155356.93721251487; -3.86552863830400e-08
155462.53987069207; -2.69919709398720e-08
155791.94992834333; -4.27677528098300e-08
155897.55258652053; -4.89136818534020e-08
156003.15524469776; -7.67051048694710e-08
156332.56530234902; -6.17231238892100e-08
156438.16796052625; -5.17167167907510e-08
156767.57801817750; -3.76539063106910e-08
156873.18067635471; -3.98851499656420e-08
157202.59073400599; -3.94124172976210e-08
157308.19339218320; -4.42796801407700e-08
157637.60344983445; -4.23038433431460e-08
157743.20610801165; -3.32790720659250e-08
158072.61616566294; -2.04425776141110e-08
158178.21882384014; -1.84224348663790e-08
158507.62888149143; -1.51682984009910e-08
158613.23153966863; -1.35897955917400e-08
158942.64159731992; -1.24450656593130e-08
159048.24425549712; -1.09160185025080e-08
159377.65431314841; -1.26972620842100e-09
159483.25697132561; -6.90212781484599e-09
159812.66702897690; 9.13508980591004e-10
159918.26968715410; 3.60851102846000e-09
160023.87234533130; -9.56329001149700e-09
160353.28240298259; -2.58942789101480e-08
160458.88506115979; -2.21618906670740e-08
160788.29511881107; -3.78326569358799e-09
160893.89777698828; 8.95931193881501e-09
161223.30783463953; 1.60281025762250e-08
161328.91049281674; 1.76066533916540e-08
161658.32055046802; -8.65195366597998e-10
161763.92320864522; 7.56735702391100e-09
162093.33326629648; 2.48794523640480e-08
162198.93592447368; 2.34522015402180e-08
162528.34598212497; 3.04274794673230e-08
162633.94864030217; 2.20137367743700e-08
162963.35869795346; 1.59818418086610e-08
163068.96135613066; 1.42511095194710e-08
163398.37141378195; 3.17722665357760e-08
163503.97407195915; 3.30613602481350e-08
163609.57673013635; 3.03713767105940e-08
163938.98678778764; 3.56668620497960e-08
164044.58944596484; 4.15890201385970e-08
164373.99950361613; 3.64246695399060e-08
164479.60216179333; 3.69899191514670e-08
164809.01221944462; 4.24888173062160e-08
164914.61487762182; 5.76901734649730e-08
165244.02493527310; 6.32617182963500e-08
165349.62759345031; 4.43530925038430e-08
165679.03765110156; 2.92820872316580e-08
165784.64030927877; 1.34660167511750e-08
166114.05036693002; 4.50215925646020e-08
166219.65302510723; 5.17949558595240e-08
166549.06308275851; 5.59695878905600e-08
166654.66574093571; 5.62143109495200e-08
166984.07579858700; 1.53770865914200e-08
167089.67845676420; 4.19156462019000e-09
167195.28111494140; 4.13127590652800e-09
167524.69117259269; 6.16360231788100e-09
167630.29383076989; 3.68332417106299e-09
167959.70388842118; -7.80354028915501e-09
168065.30654659838; 2.60641522026101e-09
168394.71660424967; 1.28916273140250e-08
168500.31926242687; 3.85537245891600e-09
168829.72932007816; 7.80470321292801e-09
168935.33197825536; 6.00700699846600e-09
169264.74203590665; 7.04970109755001e-09
169370.34469408385; 1.13147323271470e-08
169699.75475173510; 8.82066069373100e-09
169805.35740991231; 7.54379532784598e-09
170134.76746756359; -5.63959141612991e-10
170240.37012574080; -4.18933620573100e-09
170569.78018339205; -8.79229369381400e-09
170675.38284156926; 2.53698492035401e-09
171004.79289922054; 5.78487085190302e-09
171110.39555739774; 5.24829877403400e-09
171215.99821557497; 4.73985624135000e-09
171545.40827322623; 1.38902279836920e-08
171651.01093140343; 1.82662538435460e-08
171980.42098905472; 9.89968041091499e-09
172086.02364723192; 4.85795710205400e-09
172415.43370488321; 4.69012525262101e-09
172521.03636306041; 4.66229975859500e-09
172850.44642071170; 6.30103617671299e-09
172956.04907888890; -2.05755494260083e-08
173285.45913654019; -1.19296997854100e-09
173391.06179471739; 3.84037364039700e-09
173720.47185236868; 7.83973594883801e-09
173826.07451054588; 1.32362533740890e-08
174155.48456819713; 6.72676410049999e-09
174261.08722637434; 9.25754678019099e-09
174590.49728402562; 5.96641794190901e-09
174696.09994220283; -6.75652055071400e-09
174801.70260038006; -7.75756958101600e-09
175131.11265803131; -1.06959861299600e-09
175236.71531620852; -2.12900281744500e-09
175566.12537385980; -1.67531318946230e-08
175671.72803203700; -2.82918053284091e-09
176001.13808968826; 1.55691284806814e-08
176106.74074786546; 1.06297371052424e-08
176436.15080551675; 3.29020582587348e-08
176541.75346369395; 3.28453621771478e-08
176871.16352134524; 3.07452015592334e-08
176976.76617952244; 3.76152129228424e-08
177306.17623717373; 2.92076251721883e-08
177411.77889535093; 2.11853564540867e-08
177741.18895300222; 1.69178560525314e-08
177846.79161117942; 1.77819576358378e-08
178176.20166883070; 8.85895350233699e-09
178281.80432700791; 2.01134344325252e-08
178611.21438465916; 2.58859341076091e-08
178716.81704283640; 2.65978410138602e-08
178822.41970101360; 2.70366557998763e-08
179151.82975866488; 3.04669081082221e-08
179257.43241684209; 2.33279170871306e-08
179586.84247449334; 2.26670125955079e-08
179692.44513267055; 3.87128477625558e-08
180021.85519032183; 3.97504662756619e-08
180127.45784849903; 3.78932826664739e-08
180456.86790615029; 2.49520043842229e-08
180562.47056432749; 3.12416436057340e-08
180891.88062197878; 3.91967711295132e-08
180997.48328015598; 3.93148126414995e-08
181326.89333780727; 5.38548693493862e-08
181432.49599598447; 4.11176822503329e-08
181761.90605363576; 1.72868582008617e-08
181867.50871181296; 1.72910833209447e-08
182196.91876946425; 1.68062887919711e-08
182302.52142764145; 2.55932309629301e-08
182408.12408581865; 1.74493438792841e-08
182737.53414346994; 1.32315426041219e-08
182843.13680164714; 2.35330803916199e-10
183172.54685929843; 2.80681992911503e-08
183278.14951747563; 1.17162714878187e-07
183607.55957512688; 1.18595370351338e-07
183713.16223330409; 1.19307619295402e-07
184042.57229095537; 1.18886804376711e-07
184148.17494913258; 1.17876550230128e-07
184477.58500678383; 1.21943873645802e-07
184583.18766496103; 1.15246927595284e-07
184912.59772261232; 1.15289564300455e-07
185018.20038078952; 1.13170110549704e-07
185347.61043844081; 1.09973953195925e-07
185453.21309661801; 1.19123832428093e-07
185782.62315426930; 1.07575641927837e-07
185888.22581244650; 1.04324981053798e-07
185993.82847062370; 1.07966762837924e-07
186323.23852827499; 1.04019092592505e-07
186428.84118645219; 1.10828526530827e-07
186758.25124410348; 1.07488608111119e-07
186863.85390228068; 1.09543058713916e-07
187193.26395993197; 1.01584608132951e-07
187298.86661810917; 1.06367462627900e-07
187628.27667576045; 1.12262219103527e-07
187733.87933393766; 1.05429501141464e-07
188063.28939158891; 1.07183995973177e-07
188168.89204976612; 1.00388608947290e-07
188498.30210741740; 9.93541368014076e-08
188603.90476559461; 9.75795173141906e-08
188933.31482324586; 9.12103414197324e-08
189038.91748142306; 1.11882135557012e-07
189368.32753907435; 2.21615030277867e-07
189473.93019725158; 2.27139269301500e-07
189803.34025490284; 2.29716487572489e-07
189908.94291308004; 2.32791511201207e-07
190014.54557125724; 2.29604698546240e-07
190343.95562890853; 2.39106360145027e-07
190449.55828708573; 2.35563632365084e-07
190778.96834473702; 2.31280899450143e-07
190884.57100291422; 2.30874293428262e-07
191213.98106056551; 2.16346417487660e-07
191319.58371874271; 1.71341015428755e-07
191648.99377639400; 2.03345063661883e-07
191754.59643457120; 2.13625145972152e-07
192084.00649222248; 2.20029425269477e-07
192189.60915039969; 2.24976799270392e-07
192519.01920805094; 2.27163440990356e-07
192624.62186622815; 2.24998568460524e-07
192954.03192387943; 2.26041772486534e-07
193059.63458205666; 2.27662815931570e-07
193389.04463970789; 2.26282016355667e-07
193494.64729788512; 2.26127250631795e-07
193600.24995606233; 2.24064754063558e-07
193929.66001371361; 2.25321865383105e-07
194035.26267189081; 1.76028749283999e-07
194364.67272954207; 1.99622580767262e-07
194470.27538771927; 2.07561295842239e-07
194799.68544537056; 2.16252107470307e-07
194905.28810354776; 2.21332851737677e-07
195234.69816119905; 2.25148959110263e-07
195340.30081937625; 2.24649831989294e-07
195669.71087702754; 2.32733320834369e-07
195775.31353520474; 2.34023611373201e-07
196104.72359285603; 2.20433038638061e-07
196210.32625103323; 2.17864239528568e-07
196539.73630868451; 2.16871859326139e-07
196645.33896686172; 2.13589036077290e-07
196974.74902451297; 1.60657826371257e-07
197080.35168269021; 1.82758994858718e-07
197185.95434086741; 1.97978280242377e-07
197515.36439851869; 2.04466075053738e-07
197620.96705669590; 2.07391122010516e-07
197950.37711434715; 2.10515558240353e-07
198055.97977252436; 2.11375780738599e-07
198385.38983017561; 2.13065040882978e-07
198490.99248835281; 2.14661781151699e-07
198820.40254600410; 2.16199996499184e-07
198926.00520418130; 2.13662603449649e-07
199255.41526183259; 2.14676941965533e-07
199361.01792000979; 2.13586962806074e-07
199690.42797766108; 1.61950377446986e-07
199796.03063583828; 1.83972606846316e-07
200125.44069348957; 2.08954003580491e-07
200231.04335166677; 2.13928770221596e-07
200560.45340931806; 2.11812204032806e-07
200666.05606749526; 2.14829255911991e-07
200995.46612514651; 2.15366448045951e-07
201101.06878332375; 2.14526557726729e-07
201206.67144150095; 2.12536375881814e-07
201536.08149915223; 2.13249677973319e-07
201641.68415732944; 2.14064320994130e-07
201971.09421498069; 2.13516440907953e-07
202076.69687315790; 2.09368102056973e-07
202406.10693080918; 1.61696630268918e-07
202511.70958898638; 1.81501305079392e-07
202841.11964663764; 1.95244215026238e-07
202946.72230481484; 2.01539967959788e-07
203276.13236246613; 2.07593151600388e-07
203381.73502064333; 2.12495427932457e-07
203711.14507829462; 2.11191316994430e-07
203816.74773647182; 2.12544487298806e-07
204146.15779412311; 2.17977433875772e-07
204251.76045230031; 2.13547247323412e-07
204581.17050995160; 2.15257698644360e-07
204686.77316812880; 2.15945328302982e-07
204792.37582630600; 2.11539899712783e-07
205121.78588395729; 1.60514157374382e-07
205227.38854213449; 1.87197671836389e-07
205556.79859978578; 1.89129410915140e-07
205662.40125796298; 1.94669824295611e-07
205991.81131561426; 2.03122575492088e-07
206097.41397379147; 2.06628801141687e-07
206426.82403144272; 2.10168452517675e-07
206532.42668961993; 2.12033118669513e-07
206861.83674727121; 2.10402992120528e-07
206967.43940544841; 2.06495570832685e-07
207296.84946309967; 2.02496970859358e-07
207402.45212127690; 2.04475400929031e-07
207731.86217892816; 2.02909516920366e-07
207837.46483710539; 1.84982113998595e-07
208166.87489475665; 1.88511359274140e-07
208272.47755293385; 1.96145908109771e-07
208601.88761058514; 2.00239418776527e-07
208707.49026876234; 2.05240163560839e-07
208813.09292693954; 2.04916775483189e-07
209142.50298459083; 2.08799432513847e-07
209248.10564276803; 2.08348620432340e-07
209577.51570041932; 2.08605638001260e-07
209683.11835859652; 2.11409618516635e-07
210012.52841624781; 2.12338256510848e-07
210118.13107442501; 2.09984183705820e-07
210447.54113207629; 2.01319820248308e-07
210553.14379025350; 1.92547995011038e-07
210882.55384790475; 1.93389242379138e-07
210988.15650608198; 1.97999280897195e-07
211317.56656373324; 1.91459917435601e-07
211423.16922191047; 1.94896873010098e-07
211752.57927956170; 1.98911380137645e-07
211858.18193773893; 2.00153855695108e-07
212187.59199539019; 2.00246403211395e-07
212293.19465356742; 2.00542879925902e-07
212398.79731174462; 2.01354871017779e-07
212728.20736939588; 2.01376285302437e-07
212833.81002757308; 1.97768074195430e-07
213163.22008522437; 1.80069317823496e-07
213268.82274340157; 1.85738625178946e-07
213598.23280105286; 1.90562328381872e-07
213703.83545923006; 1.92417612624012e-07
214033.24551688135; 1.93557402633766e-07
214138.84817505855; 1.94874087855998e-07
214468.25823270984; 1.96256031848482e-07
214573.86089088704; 1.98232326988916e-07
214903.27094853829; 2.01200827559381e-07
215008.87360671553; 2.03102873623918e-07
215338.28366436678; 2.15246695040303e-07
215443.88632254401; 1.88939022899863e-07
215773.29638019524; 1.44194578182038e-07
215878.89903837247; 1.77120258857233e-07
215984.50169654968; 1.88963801883397e-07
216313.91175420096; 1.92983842339429e-07
216419.51441237816; 2.01141130651060e-07
216748.92447002942; 2.00670706458388e-07
216854.52712820662; 2.02283175114958e-07
217183.93718585791; 2.02693499083908e-07
217289.53984403511; 1.98067445282652e-07
217618.94990168640; 1.98240295425637e-07
217724.55255986360; 2.00969172953963e-07
218053.96261751489; 1.95401899803629e-07
218159.56527569209; 1.79507201814311e-07
218488.97533334338; 1.75273329425711e-07
218594.57799152058; 1.84042237107281e-07
218923.98804917186; 1.92549967540776e-07
219029.59070734907; 1.95187238846904e-07
219359.00076500032; 1.97964283000471e-07
219464.60342317756; 2.00071572515000e-07
219794.01348082881; 2.04051841252525e-07
219899.61613900604; 2.00291893665406e-07
220005.21879718325; 1.98318533462465e-07
220334.62885483450; 1.94910856612564e-07
220440.23151301171; 1.91645202991709e-07
220769.64157066299; 1.18086032996089e-07
220875.24422884019; 1.32094373514327e-07
221204.65428649145; 1.38299995041129e-07
221310.25694466865; 1.47536249785134e-07
221639.66700231994; 1.54300347161457e-07
221745.26966049717; 1.56029970672726e-07
222074.67971814843; 1.59050992352866e-07
222180.28237632563; 1.59498586800239e-07
222509.69243397692; 1.59238069974162e-07
222615.29509215412; 1.59166719237559e-07
222944.70514980541; 1.56146627817113e-07
223050.30780798261; 1.37070171708014e-07
223379.71786563389; 1.43544189218094e-07
223485.32052381110; 1.47521859636719e-07
223590.92318198830; 1.50744467897512e-07
223920.33323963959; 1.55115315318638e-07
224025.93589781679; 1.58841574928220e-07
224355.34595546807; 1.61132033719766e-07
224460.94861364528; 1.62661039512416e-07
224790.35867129653; 1.77076674506968e-07
224895.96132947374; 1.77356485029479e-07
225225.37138712502; 1.65116491350932e-07
225330.97404530225; 1.61170428627467e-07
225660.38410295348; 1.03463813248324e-07
225765.98676113071; 1.30208858030837e-07
226095.39681878197; 1.43440164227713e-07
226200.99947695920; 1.50390403139182e-07
226530.40953461046; 1.51742212530738e-07
226636.01219278766; 1.52458168137910e-07
226965.42225043895; 1.51800433215508e-07
227071.02490861615; 1.46814390290156e-07
227176.62756679335; 1.52021144364423e-07
227506.03762444464; 1.51011763872549e-07
227611.64028262184; 1.43297001081514e-07
227941.05034027313; 1.27065889642261e-07
228046.65299845033; 1.38295097090721e-07
228376.06305610162; 1.47987766295547e-07
228481.66571427882; 1.49630603112482e-07
228811.07577193010; 1.52628713973549e-07
228916.67843010731; 1.52947965477211e-07
229246.08848775856; 1.63356049121527e-07
229351.69114593579; 1.63259550189542e-07
229681.10120358705; 1.70746326500266e-07
229786.70386176428; 1.69927630443329e-07
230116.11391941551; 1.50914260200183e-07
230221.71657759274; 1.47025893955045e-07
230551.12663524400; 9.79533684618379e-08
230656.72929342123; 1.13757591880148e-07
230986.13935107249; 1.40123854555700e-07
231091.74200924969; 1.44090521979833e-07
231197.34466742689; 1.45629587692342e-07
231526.75472507818; 1.50795830009967e-07
231632.35738325538; 1.50788900461325e-07
231961.76744090667; 1.49182576797407e-07
232067.37009908387; 1.50282163625416e-07
232396.78015673516; 1.45362001118670e-07
232502.38281491236; 1.28864741795774e-07
232831.79287256364; 1.41002500072309e-07
232937.39553074085; 1.45105371712956e-07
233266.80558839210; 1.51454177542230e-07
233372.40824656934; 1.55125543886505e-07
233701.81830422059; 1.56181021287413e-07
233807.42096239782; 1.55977242676695e-07
234136.83102004905; 1.79153124209430e-07
234242.43367822628; 1.78367145510401e-07
234571.84373587754; 1.22299810118580e-07
234677.44639405477; 1.30274586319201e-07
234783.04905223197; 1.48309993462354e-07
235112.45910988323; 1.44934526438189e-07
235218.06176806043; 1.48373109263309e-07
235547.47182571172; 1.51618808733272e-07
235653.07448388892; 1.51871014946477e-07
235982.48454154021; 1.48213254472443e-07
236088.08719971741; 1.50570098781555e-07
236417.49725736870; 1.50590348764320e-07
236523.09991554590; 1.42770287664631e-07
236852.50997319719; 1.33489478762471e-07
236958.11263137439; 1.41367302987567e-07
237287.52268902567; 1.48616805089583e-07
237393.12534720288; 1.50818130481381e-07
237722.53540485413; 1.43964547451254e-07
237828.13806303137; 1.45561167553409e-07
238157.54812068262; 1.46618571522872e-07
238263.15077885985; 1.29304675878050e-07
238592.56083651108; 1.12927075584076e-07
238698.16349468831; 1.45856808984526e-07
238803.76615286552; 1.57763369737828e-07
239133.17621051680; 1.60985350851823e-07
239238.77886869400; 1.62379251532096e-07
239568.18892634526; 1.56147112855996e-07
239673.79158452249; 1.58301795064026e-07
240003.20164217375; 1.55894686323289e-07
240108.80430035098; 1.54706623279886e-07
240438.21435800224; 1.47762102950032e-07
240543.81701617944; 1.39534204599670e-07
240873.22707383073; 1.24082802811800e-07
240978.82973200793; 1.34615009101614e-07
241308.23978965922; 1.40939206890047e-07
241413.84244783642; 1.47290963977020e-07
241743.25250548770; 1.55004563672538e-07
241848.85516366491; 1.52536528626761e-07
242178.26522131616; 1.56636729425559e-07
242283.86787949339; 1.55862821919205e-07
242389.47053767060; 1.52200171320362e-07
242718.88059532188; 1.57035201697582e-07
242824.48325349909; 1.55914342647390e-07
243153.89331115034; 1.16217619678586e-07
243259.49596932757; 1.30595545193868e-07
243588.90602697883; 1.67126080943736e-07
243694.50868515606; 1.71190820247321e-07
244023.91874280729; 1.54195137631708e-07
244129.52140098452; 1.57240715487744e-07
244458.93145863578; 1.56061936595316e-07
244564.53411681301; 1.55975298766326e-07
244893.94417446427; 1.56132418541435e-07
244999.54683264147; 1.30544016174938e-07
245328.95689029276; 1.10515586405472e-07
245434.55954846996; 1.40308554811834e-07
245763.96960612125; 1.50642292514113e-07
245869.57226429845; 1.52537143730434e-07
245975.17492247565; 1.52910326551519e-07
246304.58498012694; 1.49156920386218e-07
246410.18763830414; 1.51285484915628e-07
246739.59769595542; 1.52032307356817e-07
246845.20035413263; 1.49630167188021e-07
247174.61041178391; 1.50025779613385e-07
247280.21306996112; 1.48944138726969e-07
247609.62312761237; 1.43784033879113e-07
247715.22578578960; 8.92305186081063e-08
248044.63584344083; 1.46057446729071e-07
248150.23850161806; 1.60889987348826e-07
248479.64855926932; 1.48109096480518e-07
248585.25121744655; 1.53011004087233e-07
248914.66127509781; 1.53203285748848e-07
249020.26393327501; 1.53209142536529e-07
249349.67399092630; 1.50802885483150e-07
249455.27664910350; 1.52783740298829e-07
249784.68670675479; 1.45705130890594e-07
249890.28936493199; 1.47248058090461e-07
249995.89202310919; 1.44998265705852e-07
250325.30208076048; 1.25940246065317e-07
250430.90473893768; 1.16651202353154e-07
250760.31479658897; 1.26115775936604e-07
250865.91745476617; 1.31173611193880e-07
251195.32751241745; 1.40134090243112e-07
251300.93017059466; 1.43570771198827e-07
251630.34022824591; 1.49611725675033e-07
251735.94288642314; 1.50772144729310e-07
252065.35294407440; 1.45730333920502e-07
252170.95560225163; 1.45541386051479e-07
252500.36565990286; 1.46356039824964e-07
252605.96831808009; 1.43184513141227e-07
252935.37837573135; 9.16755593695674e-08
253040.98103390858; 1.05977242175629e-07
253370.39109155984; 1.55291278929900e-07
253475.99374973704; 1.61055488242342e-07
253581.59640791424; 1.64777842788876e-07
253911.00646556553; 1.53608479411925e-07
254016.60912374276; 1.58227616144670e-07
254346.01918139402; 1.51645933459087e-07
254451.62183957122; 1.51013228264559e-07
254781.03189722251; 1.44970463397944e-07
254886.63455539971; 1.42190983940453e-07
255216.04461305100; 1.23893690394978e-07
255321.64727122820; 1.18250667013549e-07
255651.05732887948; 1.26374214543266e-07
255756.65998705669; 1.29393527055186e-07
256086.07004470794; 1.33400678371922e-07
256191.67270288517; 1.35013830076727e-07
256521.08276053643; 1.36440497270544e-07
256626.68541871366; 1.39911082648342e-07
256956.09547636489; 1.36274210150669e-07
257061.69813454212; 1.34761309107908e-07
257391.10819219338; 1.49458696071573e-07
257496.71085037061; 1.36152929782110e-07
257602.31350854784; 9.71606476537669e-08
257931.72356619907; 1.36074742550796e-07
258037.32622437630; 1.45606281623107e-07
258366.73628202756; 1.35136951157293e-07
258472.33894020479; 1.38814783298149e-07
258801.74899785605; 1.33147474797958e-07
258907.35165603325; 1.31840876454864e-07
259236.76171368454; 1.32798223655143e-07
259342.36437186174; 1.31757613489795e-07
259671.77442951303; 8.28003355302559e-08
259777.37708769023; 9.77816596306569e-08
260106.78714534151; 1.27182677336999e-07
260212.38980351872; 1.31975327773596e-07
260541.79986116997; 1.31483683780096e-07
260647.40251934720; 1.32073797323458e-07
260976.81257699846; 1.32196755010993e-07
261082.41523517569; 1.28839679909470e-07
261188.01789335290; 1.28470701024660e-07
261517.42795100415; 1.30474511630945e-07
261623.03060918138; 1.16099225005469e-07
261952.44066683264; 1.28766929874991e-07
262058.04332500987; 1.38178245621116e-07
262387.45338266110; 1.21935214802158e-07
262493.05604083836; 1.25117357543374e-07
262822.46609848959; 1.21168417139383e-07
262928.06875666685; 1.23793712533403e-07
263257.47881431808; 1.26575085564150e-07
263363.08147249534; 1.26765343007789e-07
263692.49153014657; 1.22242003068380e-07
263798.09418832377; 1.20003702371787e-07
264127.50424597505; 9.14697034789709e-08
264233.10690415226; 7.34301794962629e-08
264562.51696180354; 1.04601247889896e-07
264668.11961998075; 1.13502998579187e-07
264773.72227815795; 1.14405072896105e-07
265103.13233580923; 1.18406242966076e-07
265208.73499398644; 1.20005889610981e-07
265538.14505163772; 1.20023823207381e-07
265643.74770981492; 1.16873061501173e-07
265973.15776746615; 1.25263383405883e-07
266078.76042564341; 1.27564395709650e-07
266408.17048329470; 1.14120854129258e-07
266513.77314147190; 9.94224772355679e-08
266843.18319912313; 1.32773990775216e-07
266948.78585730039; 1.37318869088134e-07
267278.19591495162; 1.19766772313094e-07
267383.79857312888; 1.21685921661854e-07
267713.20863078011; 1.17565978236414e-07
267818.81128895731; 1.21178251559174e-07
268148.22134660860; 1.16804416794110e-07
268253.82400478586; 1.15085338767570e-07
268583.23406243708; 1.22244484527919e-07
268688.83672061434; 1.18749849400266e-07
268794.43937879149; 6.84697850875299e-08
269123.84943644278; 1.01741274520394e-07
269229.45209461998; 1.16596534559644e-07
269558.86215227126; 1.18962152853571e-07
269664.46481044847; 1.22836499376687e-07
269993.87486809975; 1.21008159425896e-07
270099.47752627695; 1.19139418632201e-07
270428.88758392824; 1.17905547889681e-07
270534.49024210544; 1.21363894821566e-07
270863.90029975667; 9.95379139132775e-08
270969.50295793393; 7.40054196187915e-08
271298.91301558516; 1.33268247423022e-07
271404.51567376242; 1.42813841581667e-07
271733.92573141365; 1.35136915835997e-07
271839.52838959091; 1.35634643694868e-07
272168.93844724214; 1.25633171249097e-07
272274.54110541940; 1.25487911104134e-07
272380.14376359654; 1.25383152480214e-07
272709.55382124789; 1.20098048775093e-07
272815.15647942503; 1.11136866024816e-07
273144.56653707632; 9.53269439667795e-08
273250.16919525352; 1.03717480046514e-07
273579.57925290486; 1.06897879744367e-07
273685.18191108201; 1.12199556419123e-07
274014.59196873329; 1.15964536016212e-07
274120.19462691050; 1.16991859855785e-07
274449.60468456178; 1.18065046977866e-07
274555.20734273898; 1.17811825834369e-07
274884.61740039021; 1.19511112106293e-07
274990.22005856747; 1.20729545876512e-07
275319.63011621876; 1.15461595404826e-07
275425.23277439596; 6.45841604590870e-08
275754.64283204719; 7.94909711161262e-08
275860.24549022445; 1.04916412162459e-07
275965.84814840165; 1.11601067396015e-07
276295.25820605294; 1.34301928364636e-07
276400.86086423008; 1.35943288484536e-07
276730.27092188143; 1.19847411862705e-07
276835.87358005857; 1.19153343962006e-07
277165.28363770992; 1.14282900987870e-07
277270.88629588706; 1.14078306469359e-07
277600.29635353840; 1.07178321094967e-07
277705.89901171555; 8.89410696341854e-08
278035.30906936683; 8.58656146945125e-08
278140.91172754404; 9.71786068795545e-08
278470.32178519532; 1.00580310628972e-07
278575.92444337253; 1.04875714005411e-07
278905.33450102381; 1.07678861837309e-07
279010.93715920101; 1.08243115474892e-07
279340.34721685230; 1.09213634132099e-07
279445.94987502950; 1.11498435240151e-07
279775.35993268073; 1.09070226387167e-07
279880.96259085799; 1.07725857833247e-07
279986.56524903519; 1.06717782827960e-07
280315.97530668648; 7.83465720669709e-08
280421.57796486362; 8.52636123136349e-08
280750.98802251497; 1.10898540135409e-07
280856.59068069211; 1.18097771484826e-07
281186.00073834346; 1.09470134565292e-07
281291.60339652060; 1.11978714994425e-07
281621.01345417195; 1.10860181760283e-07
281726.61611234909; 1.10492752140437e-07
282056.02617000038; 1.08056263909438e-07
282161.62882817758; 1.05863421319705e-07
282491.03888582886; 1.08862561193715e-07
282596.64154400607; 1.09158350957545e-07
282926.05160165735; 5.59902288455974e-08
283031.65425983455; 7.62521324285354e-08
283361.06431748584; 1.02120539724848e-07
283466.66697566304; 1.07278798043137e-07
283572.26963384025; 1.09593801736572e-07
283901.67969149153; 1.12320996342507e-07
284007.28234966873; 1.13003473796934e-07
284336.69240732002; 1.08337028374866e-07
284442.29506549716; 1.08679683782022e-07
284771.70512314851; 1.28591365341491e-07
284877.30778132571; 1.25683641723812e-07
285206.71783897700; 9.23462861449919e-08
285312.32049715414; 9.63908668659039e-08
285641.73055480549; 1.01104685786149e-07
285747.33321298263; 1.05603146115092e-07
286076.74327063392; 1.06229164651802e-07
286182.34592881112; 1.06159292221792e-07
286511.75598646246; 1.08191980454975e-07
286617.35864463961; 1.07365947824725e-07
286946.76870229089; 1.06103638857929e-07
287052.37136046810; 1.05327824012976e-07
287381.78141811938; 8.99595228392560e-08
287487.38407629658; 3.73427198794790e-08
287592.98673447379; 7.75529870509880e-08
287922.39679212507; 8.89158015871993e-08
288027.99945030228; 9.52769297814813e-08
288357.40950795356; 9.99887989677419e-08
288463.01216613076; 1.00275503435433e-07
288792.42222378205; 9.95555052251314e-08
288898.02488195925; 9.99732849573274e-08
289227.43493961054; 1.09659214058293e-07
289333.03759778768; 1.08850315003957e-07
289662.44765543903; 1.28890262312063e-07
289768.05031361617; 1.14671799934880e-07
290097.46037126752; 4.41035093166809e-08
290203.06302944472; 8.73652504570369e-08
290532.47308709600; 8.67155840830371e-08
290638.07574527315; 9.01986307676791e-08
290967.48580292444; 9.28345065387389e-08
291073.08846110164; 9.28832975443099e-08
291178.69111927890; 9.37675991007639e-08
291508.10117693013; 9.23862536861859e-08
291613.70383510733; 8.93886782834479e-08
291943.11389275861; 9.33892743388014e-08
292048.71655093587; 9.16447068985124e-08
292378.12660858710; 7.40058624658879e-08
292483.72926676431; 7.27009130689849e-08
292813.13932441559; 8.37469892794656e-08
292918.74198259279; 9.16071787557086e-08
293248.15204024408; 9.30614979358243e-08
293353.75469842122; 9.38951573141833e-08
293683.16475607257; 1.20448810380212e-07
293788.76741424977; 1.22087375395872e-07
294118.17747190106; 1.07008107029346e-07
294223.78013007826; 1.03145142432544e-07
294553.19018772955; 9.44985334586310e-08
294658.79284590669; 6.54999788647610e-08
294764.39550408395; 5.01232500544310e-08
295093.80556173518; 8.19248094003058e-08
295199.40821991244; 8.74937128593408e-08
295528.81827756367; 9.76091291005435e-08
295634.42093574093; 9.95396555041565e-08
295963.83099339216; 9.38091845165744e-08
296069.43365156942; 9.16956134020804e-08
296398.84370922064; 9.29161695277769e-08
296504.44636739785; 8.33621071530319e-08
296833.85642504913; 2.17119915697613e-08
296939.45908322633; 6.38019601413583e-08
297268.86914087762; 7.56656966429780e-08
297374.47179905482; 8.20385737689640e-08
297703.88185670611; 1.00219788504575e-07
297809.48451488331; 1.01119643452985e-07
298138.89457253460; 1.08128794047451e-07
298244.49723071180; 1.09365358230176e-07
298573.90728836309; 9.93968261458083e-08
298679.50994654023; 9.76517918145973e-08
298785.11260471749; 9.64156028679733e-08
299114.52266236872; 9.44523477074710e-08
299220.12532054598; 7.40154422498180e-08
299549.53537819721; 6.94731395015864e-08
299655.13803637447; 7.72920819463294e-08
299984.54809402570; 8.53487888018198e-08
300090.15075220296; 8.65039872601778e-08
300419.56080985419; 8.45635152581608e-08
300525.16346803139; 8.76278691925738e-08
300854.57352568267; 9.07376938983840e-08
300960.17618385988; 9.02282172226170e-08
301289.58624151116; 9.16558423729954e-08
301395.18889968842; 9.09244321991254e-08
301724.59895733965; 8.81646844848713e-08
301830.20161551685; 3.13624115513503e-08
302159.61167316814; 9.34676696516149e-08
302265.21433134534; 1.04248194180602e-07
302370.81698952254; 1.05562009350892e-07
302700.22704717377; 8.93309850513803e-08
302805.82970535103; 9.18649315118343e-08
303135.23976300232; 8.89981229374579e-08
303240.84242117952; 9.19957683487699e-08
303570.25247883075; 8.96461783372583e-08
303675.85513700801; 8.81375146299883e-08
304005.26519465924; 8.84933880589405e-08
304110.86785283650; 7.40230751684745e-08
304440.27791048773; 8.36441377054259e-08
304545.88056866499; 8.84526594039069e-08
304875.29062631621; 8.43113683682079e-08
304980.89328449348; 8.55157310962759e-08
305310.30334214470; 8.24405420639140e-08
305415.90600032196; 8.20093491520750e-08
305745.31605797319; 6.55315258806272e-08
305850.91871615039; 1.56832039697492e-08
305956.52137432760; 6.19392838807672e-08
306285.93143197888; 7.86850955658756e-08
306391.53409015608; 8.27854690021956e-08
306720.94414780737; 1.03630351893861e-07
306826.54680598457; 1.06448576877876e-07
307155.95686363586; 9.12641387133824e-08
307261.55952181306; 8.77169023606184e-08
307590.96957946429; 9.15500551991625e-08
307696.57223764155; 8.88013556812195e-08
308025.98229529278; 7.48971099853020e-08
308131.58495347004; 5.87561743835610e-08
308460.99501112127; 6.86754995163720e-08
308566.59766929853; 7.46436904012390e-08
308896.00772694976; 7.79194648564780e-08
309001.61038512702; 7.83893791789610e-08
309331.02044277824; 8.18619926295266e-08
309436.62310095550; 8.30106324996076e-08
309766.03315860673; 8.09938966434170e-08
309871.63581678394; 8.02208261075520e-08
309977.23847496114; 7.84511773366020e-08
310306.64853261248; 8.24343737777446e-08
310412.25119078963; 6.62873608843646e-08
310741.66124844091; 4.41941007070019e-08
310847.26390661811; 8.20151271161959e-08
311176.67396426940; 8.21894394817154e-08
311282.27662244660; 8.28555887647294e-08
311611.68668009783; 7.86019501570954e-08
311717.28933827509; 7.56711246883404e-08
312046.69939592638; 7.36411495051514e-08
312152.30205410358; 7.43605024562214e-08
312481.71211175481; 5.93704932492904e-08
312587.31476993207; 9.53084731740700e-09
312916.72482758330; 5.49180431331809e-08
313022.32748576056; 6.81983868634689e-08
313351.73754341179; 7.58005429137966e-08
313457.34020158905; 7.59144021582346e-08
313562.94285976619; 7.42869020649446e-08
313892.35291741748; 6.92835095688304e-08
313997.95557559468; 7.17471790038514e-08
314327.36563324602; 6.87395744083599e-08
314432.96829142317; 6.90709031491809e-08
314762.37834907445; 6.95497843204770e-08
314867.98100725166; 5.18809708432040e-08
315197.39106490294; 7.27882885766369e-08
315302.99372308014; 8.10510077681449e-08
315632.40378073137; 7.10891127764820e-08
315738.00643890863; 7.34609550809540e-08
316067.41649655992; 7.23598378519089e-08
316173.01915473712; 7.26031612745969e-08
316502.42921238835; 7.49428902252190e-08
316608.03187056561; 7.64260127280840e-08
316937.44192821684; 7.82797454746131e-08
317043.04458639410; 7.94099070561861e-08
317372.45464404533; 3.49188188057800e-08
317478.05730222259; 3.21368295314270e-08
317583.65996039973; 6.53204784249610e-08
317913.07001805108; 7.76678038214815e-08
318018.67267622822; 8.25889389292925e-08
318348.08273387956; 7.88445552430419e-08
318453.68539205671; 7.94413447754159e-08
318783.09544970799; 8.00677815670120e-08
318888.69810788520; 7.63677103996580e-08
319218.10816553648; 8.28587169451359e-08
319323.71082371369; 8.29773762057129e-08
319653.12088136497; 8.68365207434686e-08
319758.72353954217; 8.35155294499826e-08
320088.13359719346; 7.75661338048440e-08
320193.73625537066; 7.94722954360210e-08
320523.14631302189; 7.86254938884503e-08
320628.74897119915; 7.93880077079583e-08
320958.15902885038; 7.75964189179634e-08
321063.76168702764; 7.59100669236424e-08
321169.36434520478; 4.92227433094564e-08
321498.77440285613; 2.10278428486559e-08
321604.37706103333; 6.11293194146909e-08
321933.78711868462; 6.92274477986776e-08
322039.38977686176; 6.90431258082236e-08
322368.79983451311; 7.69353172216967e-08
322474.40249269025; 7.92862104423397e-08
322803.81255034154; 7.24154604608887e-08
322909.41520851874; 7.05300283805677e-08
323238.82526617008; 7.26798813211714e-08
323344.42792434723; 6.94574478966564e-08
323673.83798199851; 7.83551989587769e-08
323779.44064017572; 3.18159957887349e-08
324108.85069782700; 5.31814091520520e-08
324214.45335600420; 6.94486559384050e-08
324543.86341365543; 6.95971068258098e-08
324649.46607183269; 7.31827521628198e-08
324755.06873000989; 7.42151149010848e-08
325084.47878766118; 7.70591323955554e-08
325190.08144583838; 7.78415022589034e-08
325519.49150348967; 7.55036671099475e-08
325625.09416166687; 7.57680271564195e-08
325954.50421931816; 7.49675848262449e-08
326060.10687749530; 6.17522092505539e-08
326389.51693514665; 5.20591759750908e-08
326495.11959332379; 5.64617374783948e-08
326824.52965097514; 6.30216072487922e-08
326930.13230915234; 6.91375588591852e-08
327259.54236680362; 7.17986965108896e-08
327365.14502498077; 7.21539919130276e-08
327694.55508263205; 7.49919016818671e-08
327800.15774080926; 7.36737919628421e-08
328129.56779846054; 9.55256044762122e-08
328235.17045663774; 9.64915041983032e-08
328564.58051428903; 5.12804237919185e-08
328670.18317246623; 1.69025687748832e-08
328775.78583064349; 5.54297233378215e-08
329105.19588829472; 6.29722626416289e-08
329210.79854647192; 6.84301995204369e-08
329540.20860412321; 6.79280626085674e-08
329645.81126230041; 6.76557251340714e-08
329975.22131995170; 6.56916620882590e-08
330080.82397812890; 6.37569593724710e-08
330410.23403578019; 6.30613820708912e-08
330515.83669395733; 6.47373553190362e-08
330845.24675160868; 5.70384077671256e-08
330950.84940978588; 4.34218550297696e-08
331280.25946743716; 5.71614212235010e-08
331385.86212561431; 6.32372091807050e-08
331715.27218326560; 6.67361733093550e-08
331820.87484144280; 6.85784389474560e-08
332150.28489909408; 7.77992680494294e-08
332255.88755727129; 7.74633811312674e-08
332361.49021544849; 7.96437599865614e-08
332690.90027309977; 8.33088501981169e-08
332796.50293127703; 8.40797610914299e-08
333125.91298892826; 6.29561200458809e-08
333231.51564710547; -3.01116161694984e-11
333560.92570475675; 3.92364988639758e-08
333666.52836293395; 5.80017676088778e-08
333995.93842058524; 6.86316942735721e-08
334101.54107876244; 7.31897987837521e-08
334430.95113641373; 7.39312820710779e-08
334536.55379459093; 7.68909973985549e-08
334865.96385224222; 7.51372626656007e-08
334971.56651041942; 7.11092916778967e-08
335300.97656807071; 7.08126316583808e-08
335406.57922624785; 7.25441083361758e-08
335735.98928389914; 6.19380743219087e-08
335841.59194207634; 8.61186391252870e-09
335947.19460025360; 4.89094800267887e-08
336276.60465790483; 5.90907844723604e-08
336382.20731608209; 6.65057300982824e-08
336711.61737373332; 8.68714657404069e-08
336817.22003191058; 8.87748760206089e-08
337146.63008956180; 9.08809850499339e-08
337252.23274773906; 9.02867576595869e-08
337581.64280539029; 7.73015247214208e-08
337687.24546356749; 7.66678561240258e-08
338016.65552121878; 7.25249123083170e-08
338122.25817939604; 4.68231947546720e-08
338451.66823704727; 4.72934536199427e-08
338557.27089522447; 5.53034657758997e-08
338886.68095287576; 6.22853406069799e-08
338992.28361105296; 6.63087935711139e-08
339321.69366870425; 6.70340969055484e-08
339427.29632688139; 6.96785337556214e-08
339756.70638453274; 7.19748414139425e-08
339862.30904270994; 6.93028283179445e-08
339967.91170088714; 6.66303371392435e-08
340297.32175853837; 6.58400252648790e-08
340402.92441671563; 3.64488985639460e-08
340732.33447436686; 2.40600134010814e-08
340837.93713254412; 5.53194880483364e-08
341167.34719019535; 7.95910531248909e-08
341272.94984837261; 8.14935285349139e-08
341602.35990602383; 7.15598134692308e-08
341707.96256420109; 7.08557535790028e-08
342037.37262185232; 5.98201132771157e-08
342142.97528002958; 5.75899453753927e-08
342472.38533768081; 4.53898330995542e-08
342577.98799585801; -7.43210427054239e-09
342907.39805350930; 2.97265199588785e-08
343013.00071168650; 4.16550922956325e-08
343342.41076933779; 4.63639566081050e-08
343448.01342751499; 5.20398474151320e-08
343553.61608569219; 5.39658119965780e-08
343883.02614334348; 5.53947430746270e-08
343988.62880152068; 5.72433202051340e-08
344318.03885917191; 5.50438345466999e-08
344423.64151734917; 5.31939228704069e-08
344753.05157500040; 5.13242956521764e-08
344858.65423317766; 5.08463861244784e-08
345188.06429082889; 2.73049371169159e-08
345293.66694900615; 2.76695240415449e-08
345623.07700665738; 6.06476807598440e-08
345728.67966483464; 6.68341153808300e-08
346058.08972248586; 5.43498425955245e-08
346163.69238066312; 5.50972403533745e-08
346493.10243831435; 4.64139028583173e-08
346598.70509649155; 5.13989499410963e-08
346928.11515414284; 6.60171021116599e-08
347033.71781232004; 6.33934224973999e-08
347363.12786997133; 7.38182336833213e-08
347468.73052814853; 6.86989435783503e-08
347574.33318632573; 1.05889098927097e-08
347903.74324397702; 5.30607933492651e-08
348009.34590215422; 6.42623045053881e-08
348338.75595980545; 7.14051383324282e-08
348444.35861798271; 7.58010140309162e-08
348773.76867563394; 9.97777648991018e-08
348879.37133381120; 9.97605866120108e-08
349208.78139146243; 8.24244671918041e-08
349314.38404963969; 8.12155555658091e-08
349643.79410729092; 7.28821957470899e-08
349749.39676546818; 6.96742149189179e-08
350078.80682311940; 4.68684929780973e-08
350184.40948129667; 5.25595772774543e-08
350513.81953894789; 7.64063762003008e-08
350619.42219712510; 8.34349198089298e-08
350948.83225477638; 8.63343119844112e-08
351054.43491295364; 8.90685136152662e-08
351160.03757113079; 9.00412893056392e-08
351489.44762878207; 9.68515976636723e-08
351595.05028695927; 9.64545850843823e-08
351924.46034461056; 1.06903290006622e-07
352030.06300278776; 1.07431181967620e-07
352359.47306043899; 7.96979513475496e-08
352465.07571861625; 2.66554570178292e-08
352794.48577626754; 6.08954812569413e-08
352900.08843444474; 7.55033794982973e-08
353229.49849209597; 8.16315311332775e-08
353335.10115027323; 8.19852758429995e-08
353664.51120792446; 8.55586813461083e-08
353770.11386610172; 8.17596243711533e-08
354099.52392375295; 7.88942564426978e-08
354205.12658193021; 7.98350033036028e-08
354534.53663958143; 4.39065617570545e-08
354640.13929775869; 5.67227260714561e-08
354745.74195593584; 7.88866861147908e-08
355075.15201358718; 7.92219501825211e-08
355180.75467176433; 8.48987073276771e-08
355510.16472941561; 8.11089088084933e-08
355615.76738759282; 8.11293196820273e-08
355945.17744524410; 8.06049737094724e-08
356050.78010342130; 7.78660910520214e-08
356380.19016107259; 7.86421513578847e-08
356485.79281924979; 8.05933623792647e-08
356815.20287690108; 7.65724377145162e-08
356920.80553507828; 5.52143796687762e-08
357250.21559272951; 6.56501809263963e-08
357355.81825090677; 7.46217532390873e-08
357685.22830855800; 1.01039466974969e-07
357790.83096673526; 9.98319394695762e-08
358120.24102438649; 7.47497364846448e-08
358225.84368256375; 7.79361290864288e-08
358555.25374021498; 7.04239397627801e-08
358660.85639839224; 6.98249570671051e-08
358766.45905656944; 7.06530115140381e-08
359095.86911422072; 6.75839766843997e-08
359201.47177239787; 1.07717819154576e-08
359530.88183004915; 4.79007149928664e-08
359636.48448822636; 6.07633356574364e-08
359965.89454587770; 6.64541640511074e-08
360071.49720405485; 6.85820324997874e-08
360400.90726170613; 8.48259326192953e-08
360506.50991988333; 8.64656001067993e-08
360835.91997753462; 8.89712005762856e-08
360941.52263571182; 9.09566102013296e-08
361270.93269336305; 7.57154171504143e-08
361376.53535154031; 6.10605306262713e-08
361705.94540919160; 4.22952332818773e-08
361811.54806736880; 5.35010834146173e-08
362140.95812502003; 6.28577802439091e-08
362246.56078319729; 6.93712926018941e-08
362352.16344137449; 7.13144624890121e-08
362681.57349902578; 7.54540185860170e-08
362787.17615720298; 7.32471178942700e-08
363116.58621485427; 7.13937185414193e-08
363222.18887303141; 7.11916722046573e-08
363551.59893068270; 9.24409115535779e-08
363657.20158885990; 9.07192226061339e-08
363986.61164651124; 4.83873521708611e-08
364092.21430468839; 2.63896918713361e-08
364421.62436233967; 5.50435929859359e-08
364527.22702051688; 6.17976254088999e-08
364856.63707816816; 6.47434599621332e-08
364962.23973634536; 6.68780948121312e-08
365291.64979399659; 6.43341532434675e-08
365397.25245217385; 6.51540577041005e-08
365726.66250982514; 6.57037389903101e-08
365832.26516800234; 5.71167105955141e-08
366161.67522565363; 1.07600311866635e-08
366267.27788383083; 4.73404674949752e-08
366372.88054200803; 5.37580309165252e-08
366702.29059965932; 7.37964317355904e-08
366807.89325783652; 7.85807744679264e-08
367137.30331548781; 6.53134939090706e-08
367242.90597366495; 6.71650532221946e-08
367572.31603131630; 6.73778281415521e-08
367677.91868949350; 6.66764613932651e-08
368007.32874714478; 6.34844100393917e-08
368112.93140532193; 6.33345072127407e-08
368442.34146297321; 5.00071567574472e-08
368547.94412115042; 4.39080763865652e-08
368877.35417880170; 4.82244096157722e-08
368982.95683697890; 5.54109371081642e-08
369312.36689463019; 8.22649155492571e-08
369417.96955280739; 8.34839960954921e-08
369747.37961045868; 8.26872649577241e-08
369852.98226863588; 8.40821506781521e-08
369958.58492681314; 8.16237814529171e-08
370287.99498446437; 6.73994780994523e-08
370393.59764264157; 6.63106104505773e-08
370723.00770029286; 5.21735866785642e-08
370828.61035847006; 9.68826287814203e-10
371158.02041612135; 4.62836128559385e-08
371263.62307429855; 5.61396078440595e-08
371593.03313194984; 6.09910511257192e-08
371698.63579012704; 6.32578705657472e-08
372028.04584777832; 6.66932834147934e-08
372133.64850595547; 6.66130267410014e-08
372463.05856360676; 8.22760139340803e-08
372568.66122178396; 8.17131803972553e-08
372898.07127943530; 6.51154062012221e-08
373003.67393761245; 4.84436333796871e-08
373333.08399526379; 4.98658767961693e-08
373438.68665344093; 5.60419458265093e-08
373544.28931161819; 5.69764774812053e-08
373873.69936926942; 5.35121465508256e-08
373979.30202744668; 5.52873481754146e-08
374308.71208509791; 5.71983337076491e-08
374414.31474327511; 5.92165239059771e-08
374743.72480092640; 8.73967483075295e-10
374849.32745910366; 3.91271270214419e-08
375178.73751675489; 6.72346855478653e-08
375284.34017493209; 7.47286283185293e-08
375613.75023258338; 7.84171433035507e-08
375719.35289076058; 7.71447546261077e-08
376048.76294841187; 6.37852656550553e-08
376154.36560658901; 6.78135817880453e-08
376483.77566424035; 6.70505483888639e-08
376589.37832241756; 6.64547465204159e-08
376918.78838006884; 6.47417075868702e-08
377024.39103824599; 4.42075102088652e-08
377353.80109589733; 4.15447377240670e-08
377459.40375407448; 5.38415204989824e-08
377565.00641225174; 5.87141673797854e-08
377894.41646990296; 5.90081567649772e-08
378000.01912808022; 6.01823965439072e-08
378329.42918573145; 8.06974887287421e-08
378435.03184390871; 8.53258330553151e-08
378764.44190155994; 7.03572251728934e-08
378870.04455973720; 6.98884987130254e-08
379199.45461738843; 6.36653330910308e-08
379305.05727556563; 4.07854128329461e-08
379634.46733321692; 1.66215343336668e-08
379740.06999139412; 5.23981844459782e-08
380069.48004904541; 6.04924140660353e-08
380175.08270722255; 6.28881432487253e-08
380504.49276487390; 6.34037420463692e-08
380610.09542305110; 6.36403224432782e-08
380939.50548070238; 7.21219299248350e-08
381045.10813887953; 7.21801744704680e-08
381150.71079705679; 5.25298035705017e-08
381480.12085470802; 2.93903849588702e-08
381585.72351288528; 6.80300467885515e-08
381915.13357053651; 5.16128869359063e-08
382020.73622871377; 5.96241620137613e-08
382350.14628636499; 5.99888946091007e-08
382455.74894454225; 6.15439865314677e-08
382785.15900219348; 6.28218712855471e-08
382890.76166037074; 6.10300343381771e-08
383220.17171802197; 5.57313516810258e-08
383325.77437619917; 5.40953220038048e-08
383655.18443385046; 5.55735105836392e-08
383760.78709202766; 5.10352625635802e-08
384090.19714967895; 3.54399901306480e-08
384195.79980785615; 4.46809875181179e-08
384525.20986550744; 5.51987798761592e-08
384630.81252368464; 6.08345188791212e-08
384736.41518186184; 6.50566523882762e-08
385065.82523951307; 5.29707390553910e-08
385171.42789769033; 5.34733671704970e-08
385500.83795534156; 5.66574431631811e-08
385606.44061351882; 5.63532848620741e-08
385935.85067117005; 5.78260934553656e-08
386041.45332934731; 5.74321908088156e-08
386370.86338699854; 4.17687072304463e-08
386476.46604517580; -1.69144788958200e-09
386805.87610282702; 4.14756278217861e-08
386911.47876100428; 5.03753245599398e-08
387240.88881865551; 6.62739477659441e-08
387346.49147683271; 6.93073760396011e-08
387675.90153448400; 5.81495355228231e-08
387781.50419266126; 5.70706468010521e-08
388110.91425031249; 5.19000213679981e-08
388216.51690848969; 2.38793557757757e-08
388545.92696614098; 2.42910160332936e-08
388651.52962431818; 2.14679203187169e-08
388757.13228249538; -4.16209762039702e-10
389086.54234014661; 1.08681619970316e-08
389192.14499832387; 2.30205170642611e-08
389521.55505597516; 2.91599714511071e-08
389627.15771415236; 3.31660800504303e-08
389956.56777180359; 3.71566182626335e-08
390062.17042998085; 4.02794326413702e-08
390391.58048763208; 6.14281692553004e-08
390497.18314580934; 6.31097787622477e-08
390826.59320346056; 4.40636825203974e-08
390932.19586163783; 4.08009446688924e-08
391261.60591928905; 3.74569785170284e-08
391367.20857746631; -2.03476341870849e-08
391696.61863511754; 1.66839171636952e-08
391802.22129329480; 2.85497230408618e-08
392131.63135094603; 3.29643563890990e-08
392237.23400912323; 3.76354887972542e-08
392342.83666730043; 4.18400133041439e-08
392672.24672495172; 4.14125743901765e-08
392777.84938312892; 4.06145846581315e-08
393107.25944078021; 5.12865178316760e-08
393212.86209895741; 5.32418287475043e-08
393542.27215660870; 5.13082271165820e-08
393647.87481478590; 4.51173769820196e-08
393977.28487243713; -3.00196594301715e-08
394082.88753061439; 6.57807937070009e-09
394412.29758826562; 2.28836878517894e-08
394517.90024644288; 3.02278621838134e-08
394847.31030409411; 3.79089039723711e-08
394952.91296227137; 3.80442696662545e-08
395282.32301992259; 3.38925985890265e-08
395387.92567809985; 3.60136628490782e-08
395717.33573575108; 3.06445247833996e-08
395822.93839392834; 3.06750934728298e-08
396152.34845157957; 5.44213625122775e-08
396257.95110975677; 4.15946612380308e-08
396363.55376793398; 3.25341687256958e-08
396692.96382558526; 3.25459244081497e-08
396798.56648376246; 3.81114244142666e-08
397127.97654141375; 3.38469866363845e-08
397233.57919959095; 3.43179353998394e-08
397562.98925724224; 3.59828739979263e-08
397668.59191541944; 3.92095789585107e-08
397998.00197307067; 3.53694765528800e-08
398103.60463124793; 3.35157234383399e-08
398433.01468889916; 3.39785531317235e-08
398538.61734707642; 3.25219603067667e-08
398868.02740472771; -2.43354005539970e-08
398973.63006290491; 1.71011929592268e-08
399303.04012055614; 5.06799032232009e-08
399408.64277873340; 5.46997598509158e-08
399738.05283638462; 4.46071657457200e-08
399843.65549456188; 4.78423548150186e-08
399949.25815273903; 5.07575396203300e-08
400278.66821039031; 4.96430133514461e-08
400384.27086856752; 4.75877380386645e-08
400713.68092621886; 4.66342427989770e-08
400819.28358439601; 3.75709901920861e-08
401148.69364204729; 6.35408678427109e-09
401254.29630022449; -9.04967238762050e-09
401583.70635787578; 2.60486344625817e-08
401689.30901605298; 3.39336633241302e-08
402018.71907370427; 4.41831509832849e-08
402124.32173188147; 4.67088558013329e-08
402453.73178953276; 5.21166796604937e-08
402559.33444770996; 5.23507462609103e-08
402888.74450536125; 3.49318606511408e-08
402994.34716353845; 3.36725448543299e-08
403323.75722118968; 3.29846097721141e-08
403429.35987936694; 2.86460205304241e-08
403534.96253754414; 8.47750112290260e-09
403864.37259519543; 9.94693989340890e-09
403969.97525337257; 1.95287203942651e-08
404299.38531102391; 2.23021079815534e-08
