Time, s; Heat flow, Watt
1769.66082399732; 1.70389304095921e-05
1990.67831044334; 1.70628776799756e-05
2211.69579688936; 1.70605384730385e-05
2432.71328333538; 1.77043075407253e-05
2653.73076978140; 1.83231610896946e-05
2874.74825622742; 1.86129073560544e-05
3095.76574267343; 1.89608404715424e-05
3316.78322911945; 1.85315755251200e-05
3537.80071556547; 1.85915638017100e-05
3758.81820201149; 1.88069105057721e-05
3979.83568845751; 1.90094109828093e-05
4200.85317490353; 1.90589918600382e-05
4421.87066134955; 1.93564939929790e-05
4642.88814779557; 1.94091522723280e-05
4863.90563424159; 1.95574894729738e-05
5084.92312068761; 1.97244213317922e-05
5305.94060713363; 1.98896502729755e-05
5526.95809357964; 1.99266550778913e-05
5747.97558002566; 2.00962968950905e-05
5968.99306647168; 2.01433160176382e-05
6190.01055291770; 2.03440995572622e-05
6411.02803936372; 2.02851383365960e-05
6632.04552580974; 2.05625844556614e-05
6853.06301225576; 2.06140036294697e-05
7074.08049870178; 2.06324696199248e-05
7295.09798514780; 2.07469380311042e-05
7516.11547159382; 2.08423397676029e-05
7737.13295803984; 2.07880645506202e-05
7958.15044448585; 2.10233633369415e-05
8179.16793093187; 2.09774009685609e-05
8400.18541737789; 2.10153686221359e-05
8621.20290382391; 2.11192799718716e-05
8842.22039026993; 2.11915549989706e-05
9063.23787671595; 2.11634299530365e-05
9284.25536316197; 2.12556461806414e-05
9505.27284960799; 2.12087308298514e-05
9726.29033605401; 2.13146316574368e-05
9947.30782250003; 2.13037131463846e-05
10168.32530894605; 2.14115023924718e-05
10389.34279539207; 2.13317073543841e-05
10610.36028183809; 2.14325566279482e-05
10831.37776828410; 2.14209875237791e-05
11052.39525473012; 2.14075674870034e-05
11273.41274117614; 2.14299896041579e-05
11494.43022762216; 2.15489340903385e-05
11715.44771406818; 2.13724209321330e-05
11936.46520051420; 2.15058636051340e-05
12157.48268696022; 2.14957553092111e-05
12378.50017340624; 2.14263456167570e-05
12599.51765985226; 2.14771329263420e-05
12820.53514629828; 2.14887396284412e-05
13041.55263274430; 2.13719997357058e-05
13262.57011919031; 2.14471201965927e-05
13483.58760563633; 2.14452897984400e-05
13704.60509208235; 2.12867412982436e-05
13925.62257852837; 2.14376393323548e-05
14146.64006497439; 2.12762840178135e-05
14367.65755142041; 2.12645283546218e-05
14588.67503786643; 2.11907126571905e-05
14809.69252431245; 2.12018102851819e-05
15030.71001075847; 2.10635042334267e-05
15251.72749720449; 2.10763550508897e-05
15472.74498365051; 2.09339936057138e-05
15693.76247009652; 2.08946708939802e-05
15914.77995654254; 2.07933924129307e-05
16135.79744298856; 2.08166604796102e-05
16356.81492943458; 2.05625352691585e-05
16577.83241588060; 2.05884590790135e-05
16798.84990232662; 2.04905076156343e-05
17019.86738877264; 2.03743233462035e-05
17240.88487521866; 2.03321846109375e-05
17461.90236166468; 2.02693894035070e-05
17682.91984811070; 2.00502331026349e-05
17903.93733455671; 2.01101054983522e-05
18124.95482100274; 1.99429192908274e-05
18345.97230744876; 1.98236637915889e-05
18566.98979389478; 1.97483599982193e-05
18788.00728034079; 1.96817755025871e-05
19009.02476678681; 1.95451356711108e-05
19230.04225323283; 1.93878542896866e-05
19451.05973967885; 1.92968244907550e-05
19672.07722612487; 1.92550534414951e-05
19893.09471257089; 1.90401839241664e-05
20114.11219901691; 1.90160838399161e-05
20335.12968546293; 1.88603620473206e-05
20556.14717190895; 1.87167261894400e-05
20777.16465835497; 1.86214559774330e-05
20998.18214480098; 1.85390503166165e-05
21219.19963124700; 1.83209188669270e-05
21440.21711769302; 1.82784770989896e-05
21661.23460413904; 1.81320185862196e-05
21882.25209058506; 1.79991376281585e-05
22103.26957703108; 1.78819417409419e-05
22324.28706347710; 1.77904923015276e-05
22545.30454992312; 1.75647218439198e-05
22766.32203636914; 1.75111693832420e-05
22987.33952281516; 1.73500284107375e-05
23208.35700926118; 1.71698697846465e-05
23429.37449570719; 1.70586932178970e-05
23650.39198215321; 1.69342162573743e-05
23871.40946859923; 1.67058119863596e-05
24092.42695504525; 1.66319822565368e-05
24313.44444149127; 1.64380172015309e-05
24534.46192793729; 1.62757594384194e-05
24755.47941438331; 1.61434737328925e-05
24976.49690082933; 1.59515480198882e-05
25197.51438727535; 1.57870594642471e-05
25418.53187372137; 1.56435943628101e-05
25639.54936016739; 1.54441898341510e-05
25860.56684661340; 1.52647752019484e-05
26081.58433305943; 1.50803996450694e-05
26302.60181950544; 1.49294981574865e-05
26523.61930595146; 1.46735075694563e-05
26744.63679239748; 1.44847087032935e-05
26965.65427884350; 1.43300507363937e-05
27186.67176528952; 1.41081977051329e-05
27407.68925173554; 1.38677020510708e-05
27628.70673818156; 1.37189815513072e-05
27849.72422462758; 1.34008121337295e-05
28070.74171107360; 1.32961421900824e-05
28291.75919751962; 1.30746420428224e-05
28512.77668396564; 1.28132576110001e-05
28733.79417041165; 1.26635921586026e-05
28954.81165685767; 1.24562871774298e-05
29175.82914330369; 1.21406737284246e-05
29396.84662974971; 1.20679554894259e-05
29617.86411619573; 1.17638337514822e-05
29838.88160264175; 1.16439684809667e-05
30059.89908908777; 1.14211410754516e-05
30280.91657553379; 1.11875715384948e-05
30501.93406197981; 1.10130768839149e-05
30722.95154842583; 1.08417790614272e-05
30943.96903487184; 1.05470890204884e-05
31164.98652131786; 1.04585281697699e-05
31386.00400776388; 1.01676209574050e-05
31607.02149420990; 1.01226336422026e-05
31828.03898065592; 9.90807103366985e-06
32049.05646710194; 9.65268873891051e-06
32270.07395354796; 9.54798782456020e-06
32491.09143999398; 9.43131683816491e-06
32712.10892644000; 9.09504968738835e-06
32933.12641288601; 9.08669431592254e-06
33154.14389933203; 8.75406803402579e-06
33375.16138577805; 8.73768847608824e-06
33596.17887222407; 8.57199139892787e-06
33817.19635867009; 8.37398917041091e-06
34038.21384511611; 8.25985383271053e-06
34259.23133156213; 8.09237397456683e-06
34480.24881800814; 8.01111888678353e-06
34701.26630445416; 7.88730398591247e-06
34922.28379090018; 7.64760459757179e-06
35143.30127734620; 7.69431323171895e-06
35364.31876379222; 7.50367939470265e-06
35585.33625023824; 7.35294787678585e-06
35806.35373668426; 7.33636452666178e-06
36027.37122313028; 7.12762876631597e-06
36248.38870957630; 7.21293643527003e-06
36469.40619602232; 7.07636116304423e-06
36690.42368246833; 6.86277706503906e-06
36911.44116891435; 6.92899504307358e-06
37132.45865536037; 6.92356773491274e-06
37353.47614180639; 6.60658061494218e-06
37574.49362825241; 6.78944252756547e-06
37795.51111469843; 6.51394396739574e-06
38016.52860114445; 6.60742825349959e-06
38237.54608759047; 6.53727363882731e-06
38458.56357403649; 6.37795090384160e-06
38679.58106048251; 6.35685266964401e-06
38900.59854692852; 6.40298717371167e-06
39121.61603337454; 6.10944104663174e-06
39342.63351982056; 6.18071613851347e-06
39563.65100626658; 5.94369889833171e-06
39784.66849271260; 6.08717639373747e-06
40005.68597915862; 5.87227926756173e-06
40226.70346560464; 5.76395077301287e-06
40447.72095205066; 5.78750344695337e-06
40668.73843849668; 5.70333266410411e-06
40889.75592494270; 5.47132653997184e-06
41110.77341138872; 5.60618673792615e-06
41331.79089783473; 5.25401438937524e-06
41552.80838428075; 5.45119523815917e-06
41773.82587072677; 5.31265041896749e-06
41994.84335717279; 5.06462195892985e-06
42215.86084361882; 5.15445093428213e-06
42436.87833006484; 5.13221018471835e-06
42657.89581651085; 4.78521761335862e-06
42878.91330295687; 4.97423405948212e-06
43099.93078940289; 4.69289765124798e-06
43320.94827584891; 4.74312097953175e-06
43541.96576229493; 4.67796414423719e-06
43762.98324874094; 4.51400649966636e-06
43984.00073518696; 4.47400505173660e-06
44205.01822163298; 4.50710548914106e-06
44426.03570807901; 4.23679019892172e-06
44647.05319452503; 4.35627403932765e-06
44868.07068097104; 4.05077590652032e-06
45089.08816741706; 4.22090269880751e-06
45310.10565386308; 4.09615300290482e-06
45531.12314030910; 3.88974076272669e-06
45752.14062675512; 3.96557450200410e-06
45973.15811320113; 3.95859982514196e-06
46194.17559964715; 3.66758305162734e-06
46415.19308609318; 3.81542857891218e-06
46636.21057253920; 3.58437181230325e-06
46857.22805898522; 3.63208398243865e-06
47078.24554543124; 3.57223375154696e-06
47299.26303187725; 3.43273488068050e-06
47520.28051832327; 3.42000073440896e-06
47741.29800476929; 3.44083544794931e-06
47962.31549121531; 3.25779874817570e-06
48183.33297766133; 3.22849034748211e-06
48404.35046410735; 3.15499231684475e-06
48625.36795055337; 3.16509590201003e-06
48846.38543699939; 3.09097151291911e-06
49067.40292344541; 2.94509095410103e-06
49288.42040989143; 3.04451833393899e-06
49509.43789633745; 2.80450017496679e-06
49730.45538278346; 2.94033185345705e-06
49951.47286922948; 2.82331452720852e-06
50172.49035567550; 2.66221676187623e-06
50393.50784212152; 2.73508268684999e-06
50614.52532856754; 2.72353843578569e-06
50835.54281501356; 2.51814320292195e-06
51056.56030145958; 2.60876504560308e-06
51277.57778790560; 2.47475923031717e-06
51498.59527435162; 2.48504002864076e-06
51719.61276079764; 2.45754694838567e-06
51940.63024724365; 2.34057215590443e-06
52161.64773368967; 2.33692669684182e-06
52382.66522013569; 2.36044218760843e-06
52603.68270658171; 2.21028524518763e-06
52824.70019302773; 2.24255941904953e-06
53045.71767947375; 2.13033675774225e-06
53266.73516591977; 2.20401653390422e-06
53487.75265236579; 2.09366793833343e-06
53708.77013881181; 2.04687513348778e-06
53929.78762525783; 2.06084618687322e-06
54150.80511170385; 2.02013858958739e-06
54371.82259814986; 1.91574956995957e-06
54592.84008459588; 1.98608130028370e-06
54813.85757104190; 1.83479284304511e-06
55034.87505748792; 1.90001345332176e-06
55255.89254393394; 1.85068476858498e-06
55476.91003037996; 1.77422503490674e-06
55697.92751682598; 1.78979597895009e-06
55918.94500327200; 1.77825193651765e-06
56139.96248971802; 1.64311000156459e-06
56360.97997616404; 1.71542412903592e-06
56581.99746261006; 1.61073509426507e-06
56803.01494905607; 1.64454693667978e-06
57024.03243550209; 1.60549977895059e-06
57245.04992194811; 1.53317212183449e-06
57466.06740839413; 1.54415635520301e-06
57687.08489484015; 1.52963729796024e-06
57908.10238128617; 1.44541303152029e-06
58129.11986773219; 1.49398125121125e-06
58350.13735417821; 1.37211233757571e-06
58571.15484062423; 1.43440485439134e-06
58792.17232707025; 1.40162504277533e-06
59013.18981351626; 1.33837682811018e-06
59234.20729996228; 1.35398962794241e-06
59455.22478640830; 1.34245136300274e-06
59676.24227285432; 1.27196986338395e-06
59897.25975930034; 1.28793030378614e-06
60118.27724574636; 1.23852280464514e-06
60339.29473219238; 1.23561163119856e-06
60560.31221863840; 1.24787768349842e-06
60781.32970508442; 1.15677895281055e-06
61002.34719153044; 1.18604707836676e-06
61223.36467797646; 1.16836704965362e-06
61444.38216442247; 1.12433479659131e-06
61665.39965086849; 1.10986353824425e-06
61886.41713731451; 1.08805214774822e-06
62107.43462376054; 1.08901692426739e-06
62328.45211020656; 1.07633848659962e-06
62549.46959665257; 1.01594520662381e-06
62770.48708309859; 1.04222106753213e-06
62991.50456954461; 9.97645826865120e-07
63212.52205599063; 1.00292240355177e-06
63433.53954243665; 9.78378026506429e-07
63654.55702888267; 9.33766740061533e-07
63875.57451532868; 9.57508151175994e-07
64096.59200177470; 9.44620291844830e-07
64317.60948822073; 8.74522175171949e-07
64538.62697466675; 9.36549649396519e-07
64759.64446111277; 8.57532373971122e-07
64980.66194755878; 8.76420261527698e-07
65201.67943400480; 8.63901073542503e-07
65422.69692045082; 8.36471170026448e-07
65643.71440689685; 8.30650975462648e-07
65864.73189334286; 8.46089709631447e-07
66085.74937978887; 7.87938164228564e-07
66306.76686623490; 7.90134869743494e-07
66527.78435268092; 7.65624298873677e-07
66748.80183912694; 7.87911753012179e-07
66969.81932557296; 7.53297543249281e-07
67190.83681201897; 7.42019124904069e-07
67411.85429846500; 7.45711331478598e-07
67632.87178491101; 7.26018058554548e-07
67853.88927135702; 6.99995315001531e-07
68074.90675780305; 7.22059319405368e-07
68295.92424424906; 6.69488877945347e-07
68516.94173069509; 6.97461415845586e-07
68737.95921714111; 6.85346605824272e-07
68958.97670358713; 6.39283594925399e-07
69179.99419003315; 6.66332817257808e-07
69401.01167647916; 6.61961729978821e-07
69622.02916292519; 5.95233054384615e-07
69843.04664937120; 6.34975797194330e-07
70064.06413581723; 6.14968782092682e-07
70285.08162226324; 6.10580391282807e-07
70506.09910870926; 5.98947534180209e-07
70727.11659515528; 5.87499742502540e-07
70948.13408160130; 5.80178452448277e-07
71169.15156804732; 5.67420272319436e-07
71390.16905449334; 5.56440669424355e-07
71611.18654093935; 5.61231531263209e-07
71832.20402738538; 5.26208284929917e-07
72053.22151383139; 5.53381075155102e-07
72274.23900027742; 5.31634423307516e-07
72495.25648672343; 4.96281044853685e-07
72716.27397316945; 5.27370323996993e-07
72937.29145961547; 5.10349170685807e-07
73158.30894606149; 4.81354399028682e-07
73379.32643250751; 5.09575494338876e-07
73600.34391895353; 4.81805333171439e-07
73821.36140539954; 4.89207164720126e-07
74042.37889184557; 4.99042553736630e-07
74263.39637829158; 4.57412445778503e-07
74484.41386473761; 4.62320638604099e-07
74705.43135118362; 4.69757977083293e-07
74926.44883762964; 4.48002578798576e-07
75147.46632407566; 4.51216561416080e-07
75368.48381052168; 4.32718007886457e-07
75589.50129696770; 4.40450814751875e-07
75810.51878341372; 4.39860447394318e-07
76031.53626985973; 4.36557279926308e-07
76252.55375630576; 4.35367892210895e-07
76473.57124275177; 4.08997778502729e-07
76694.58872919780; 4.13991292518483e-07
76915.60621564381; 4.01683755960586e-07
77136.62370208984; 3.84105114710429e-07
77357.64118853585; 3.99686264002522e-07
77578.65867498187; 3.88752550178907e-07
77799.67616142789; 3.59168489487523e-07
78020.69364787391; 3.82897549448107e-07
78241.71113431994; 3.70381213530719e-07
78462.72862076595; 3.55888552241268e-07
78683.74610721196; 3.70513763645473e-07
78904.76359365799; 3.45408199275685e-07
79125.78108010400; 3.50266536424191e-07
79346.79856655003; 3.68082427248108e-07
79567.81605299604; 3.24938423313481e-07
79788.83353944206; 3.45064780283890e-07
80009.85102588809; 3.14297937588896e-07
80230.86851233410; 3.35104033620985e-07
80451.88599878013; 3.22473739237804e-07
80672.90348522614; 3.26677267506265e-07
80893.92097167215; 3.20971668296243e-07
81114.93845811818; 3.09231922653899e-07
81335.95594456419; 3.04861768203094e-07
81556.97343101022; 3.15632563902252e-07
81777.99091745623; 2.91232082354310e-07
81999.00840390225; 3.14509121016666e-07
82220.02589034828; 2.95334475246924e-07
82441.04337679429; 2.82038805406048e-07
82662.06086324032; 3.00160197887583e-07
82883.07834968633; 2.89783654723461e-07
83104.09583613236; 2.81051154502839e-07
83325.11332257837; 2.90138115527040e-07
83546.13080902438; 2.89370741381898e-07
83767.14829547041; 2.82648968534827e-07
83988.16578191642; 2.69960935359473e-07
84209.18326836245; 2.58675556582018e-07
84430.20075480847; 2.71561927239078e-07
84651.21824125448; 2.51082987492805e-07
84872.23572770051; 2.47691835868948e-07
85093.25321414652; 2.54855256848753e-07
85314.27070059255; 2.43698632570645e-07
85535.28818703856; 2.54477902863368e-07
85756.30567348457; 2.47279282273316e-07
85977.32315993060; 2.35221454162306e-07
86198.34064637662; 2.39045419333243e-07
86419.35813282264; 2.33426689544956e-07
86640.37561926866; 2.29580717084810e-07
86861.39310571467; 2.32890754552792e-07
87082.41059216070; 2.17691088382985e-07
87303.42807860671; 2.19627340214792e-07
87524.44556505274; 2.29379293561622e-07
87745.46305149875; 2.12369974030174e-07
87966.48053794476; 2.23387469716799e-07
88187.49802439079; 2.18094144524465e-07
88408.51551083681; 2.15513652796931e-07
88629.53299728283; 2.08063081292441e-07
88850.55048372885; 2.07293803928219e-07
89071.56797017486; 2.15401464568263e-07
89292.58545662089; 2.05138199965679e-07
89513.60294306690; 1.97006667026791e-07
89734.62042951293; 2.13716184935604e-07
89955.63791595894; 2.03223667509738e-07
90176.65540240495; 2.00473396516739e-07
90397.67288885098; 2.04599717103567e-07
90618.69037529700; 2.00191861152711e-07
90839.70786174302; 1.93341551591045e-07
91060.72534818904; 1.97398068984260e-07
91281.74283463506; 1.87174432010266e-07
91502.76032108108; 1.96395862662463e-07
91723.77780752709; 1.85246734733086e-07
91944.79529397312; 1.87449881887663e-07
92165.81278041913; 1.87491610071679e-07
92386.83026686516; 1.82948964946303e-07
92607.84775331117; 1.89223037007480e-07
92828.86523975719; 1.93517287416622e-07
93049.88272620321; 1.74408499233440e-07
93270.90021264923; 1.73357309346559e-07
93491.91769909525; 1.73262570250620e-07
93712.93518554127; 1.68554831720414e-07
93933.95267198728; 1.68930107800854e-07
94154.97015843331; 1.61841570247408e-07
94375.98764487932; 1.72190618104453e-07
94597.00513132535; 1.63512044277887e-07
94818.02261777136; 1.58949331935340e-07
95039.04010421738; 1.67492062915417e-07
95260.05759066340; 1.50343156898887e-07
95481.07507710942; 1.54331422142195e-07
95702.09256355544; 1.58980562431063e-07
95923.11005000146; 1.47620853422846e-07
96144.12753644747; 1.52070859530702e-07
96365.14502289350; 1.42929604382468e-07
96586.16250933951; 1.45680910722115e-07
96807.17999578554; 1.53512971707823e-07
97028.19748223155; 1.34292988171524e-07
97249.21496867758; 1.40430934961935e-07
97470.23245512359; 1.45516632180957e-07
97691.24994156961; 1.27558171385048e-07
97912.26742801564; 1.39013292507149e-07
98133.28491446165; 1.38193706937644e-07
98354.30240090768; 1.31377069731927e-07
98575.31988735369; 1.39437056142382e-07
98796.33737379970; 1.31662145764867e-07
99017.35486024573; 1.35613418415435e-07
99238.37234669174; 1.35689144092020e-07
99459.38983313777; 1.27332733174865e-07
99680.40731958378; 1.37498950621425e-07
99901.42480602980; 1.28342662330051e-07
100122.44229247583; 1.22830397699540e-07
100343.45977892184; 1.33029033385590e-07
100564.47726536787; 1.31899308196528e-07
100785.49475181388; 1.21784029536389e-07
101006.51223825989; 1.30005306764311e-07
101227.52972470592; 1.17428330461142e-07
101448.54721115193; 1.25148307658920e-07
101669.56469759796; 1.24390747781464e-07
101890.58218404397; 1.24839885512804e-07
102111.59967048999; 1.24826617939608e-07
102332.61715693602; 1.21189859212624e-07
102553.63464338203; 1.21228889516175e-07
102774.65212982806; 1.26696386639904e-07
102995.66961627407; 1.10710245654468e-07
103216.68710272008; 1.17306923227281e-07
103437.70458916611; 1.20015981666037e-07
103658.72207561212; 1.10498988550152e-07
103879.73956205815; 1.15238008516149e-07
104100.75704850417; 1.17403205671223e-07
104321.77453495018; 1.19944596696083e-07
104542.79202139621; 1.21338588712488e-07
104763.80950784222; 1.06367964762324e-07
104984.82699428825; 1.16563727878034e-07
105205.84448073426; 1.12419701764289e-07
105426.86196718029; 1.10154758121838e-07
105647.87945362630; 1.19456289456851e-07
105868.89694007231; 1.09893937291860e-07
106089.91442651834; 1.08743521218520e-07
106310.93191296436; 1.10288745103026e-07
106531.94939941038; 1.09255709034304e-07
106752.96688585640; 1.08979687359886e-07
106973.98437230241; 1.14767470724198e-07
107195.00185874844; 1.01810013346398e-07
107416.01934519445; 1.08798661047169e-07
107637.03683164048; 1.02555017658376e-07
107858.05431808649; 1.05745641450019e-07
108079.07180453250; 1.05520663448291e-07
108300.08929097853; 9.63300918259133e-08
108521.10677742455; 9.75935196263564e-08
108742.12426387057; 1.05034061409183e-07
108963.14175031659; 9.45914279786916e-08
109184.15923676260; 1.02337909501843e-07
109405.17672320863; 1.01786987693713e-07
109626.19420965464; 1.04349575802233e-07
109847.21169610067; 9.48431056702503e-08
110068.22918254668; 9.32052111970296e-08
110289.24666899270; 9.53456851555013e-08
110510.26415543872; 9.99278175898259e-08
110731.28164188474; 8.84909377104711e-08
110952.29912833076; 9.38326520249101e-08
111173.31661477678; 8.92799963716345e-08
111394.33410122280; 9.13791245213262e-08
111615.35158766882; 8.82361942064476e-08
111836.36907411483; 9.03976558706455e-08
112057.38656056086; 8.51417765709776e-08
112278.40404700687; 8.25313513913634e-08
112499.42153345290; 8.85269374434965e-08
112720.43901989891; 9.79973659268276e-08
112941.45650634493; 7.87489349545841e-08
113162.47399279095; 7.78878809703123e-08
113383.49147923697; 7.90125277280126e-08
113604.50896568300; 7.63986308619818e-08
113825.52645212901; 8.03373161685413e-08
114046.54393857502; 8.11484416621499e-08
114267.56142502105; 8.07185874007890e-08
114488.57891146706; 7.56726222952197e-08
114709.59639791309; 7.15652915509151e-08
114930.61388435910; 7.95484916531540e-08
115151.63137080512; 7.62292593377311e-08
115372.64885725114; 7.68474202565008e-08
115593.66634369716; 7.28904103564414e-08
115814.68383014319; 7.45431466563575e-08
116035.70131658920; 7.57602529375459e-08
116256.71880303521; 7.52877372098132e-08
116477.73628948124; 7.13808612659494e-08
116698.75377592725; 7.59342796984832e-08
116919.77126237328; 6.37237286667075e-08
117140.78874881929; 6.41362349328454e-08
117361.80623526531; 7.11061988922925e-08
117582.82372171133; 6.37577859819476e-08
117803.84120815735; 7.13785812537020e-08
118024.85869460338; 6.12373709015268e-08
118245.87618104939; 6.03849965529268e-08
118466.89366749540; 6.33497414478332e-08
118687.91115394143; 6.92566431393206e-08
118908.92864038744; 6.77850259274115e-08
119129.94612683347; 7.02629230374956e-08
119350.96361327948; 6.24052416749858e-08
119571.98109972551; 6.95903876493259e-08
119792.99858617152; 6.77241651314333e-08
120014.01607261754; 6.58545221954084e-08
120235.03355906357; 6.82305949687537e-08
120456.05104550958; 6.88403070727779e-08
120677.06853195561; 6.56802477954317e-08
120898.08601840162; 7.10113903975248e-08
121119.10350484763; 6.63929796475591e-08
121340.12099129366; 7.08054122865378e-08
121561.13847773967; 6.68299165295776e-08
121782.15596418570; 6.37987307633314e-08
122003.17345063172; 6.31595481944461e-08
122224.19093707773; 6.44106487501805e-08
122445.20842352376; 6.28341114667687e-08
122666.22590996977; 6.70147875889935e-08
122887.24339641580; 6.04932634265293e-08
123108.26088286181; 6.37340963880929e-08
123329.27836930782; 6.44390854589673e-08
123550.29585575385; 6.05519777988898e-08
123771.31334219986; 6.08991751414727e-08
123992.33082864589; 6.49177093878731e-08
124213.34831509191; 5.74277137807361e-08
124434.36580153792; 6.09565752025796e-08
124655.38328798395; 5.94645573770597e-08
124876.40077442996; 6.32614543744020e-08
125097.41826087599; 6.23585635656110e-08
125318.43574732200; 5.68240003848168e-08
125539.45323376803; 6.07872754122670e-08
125760.47072021404; 6.06170012498910e-08
125981.48820666005; 5.60373128181884e-08
126202.50569310608; 6.09803608852825e-08
126423.52317955210; 5.75718486258117e-08
126644.54066599812; 5.83378079431333e-08
126865.55815244414; 5.82079229418348e-08
127086.57563889015; 6.12532963984697e-08
127307.59312533618; 6.15935316193814e-08
127528.61061178219; 6.06685661339454e-08
127749.62809822822; 5.93396400629478e-08
127970.64558467423; 5.82955122550196e-08
128191.66307112025; 5.73339328067797e-08
128412.68055756627; 5.78422827627968e-08
128633.69804401229; 6.02020657810619e-08
128854.71553045831; 5.58496271657254e-08
129075.73301690433; 5.49264133573367e-08
129296.75050335034; 5.71163324793299e-08
129517.76798979637; 6.01480550245101e-08
129738.78547624238; 6.26950048810957e-08
129959.80296268841; 6.07293048846615e-08
130180.82044913442; 5.38829340817830e-08
130401.83793558044; 5.56224184322801e-08
130622.85542202646; 5.50100649312283e-08
130843.87290847248; 6.00618913271070e-08
131064.89039491850; 5.55942692222365e-08
131285.90788136452; 6.17156163552425e-08
131506.92536781053; 5.42614094481847e-08
131727.94285425657; 5.48951240455412e-08
131948.96034070259; 5.65192551546907e-08
132169.97782714860; 6.04169406579799e-08
132390.99531359461; 6.09076007456261e-08
132612.01280004063; 5.70854921386262e-08
132833.03028648667; 5.36777372800783e-08
133054.04777293268; 5.77249634310117e-08
133275.06525937869; 5.53734063061993e-08
133496.08274582471; 5.37363261218196e-08
133717.10023227072; 6.13683895051564e-08
133938.11771871673; 5.68630855332476e-08
134159.13520516278; 5.67189751763398e-08
134380.15269160879; 6.33531561225925e-08
134601.17017805480; 5.87729147962841e-08
134822.18766450082; 6.24794434848998e-08
135043.20515094683; 5.77120562393558e-08
135264.22263739287; 5.57756491030928e-08
135485.24012383888; 5.88555620646463e-08
135706.25761028490; 6.02448400308693e-08
135927.27509673091; 5.87636449857501e-08
136148.29258317695; 6.21594638971210e-08
136369.31006962297; 5.39079957375883e-08
136590.32755606898; 5.70002309948989e-08
136811.34504251499; 5.76503740261723e-08
137032.36252896101; 5.78357035016227e-08
137253.38001540705; 6.21787437375789e-08
137474.39750185306; 5.87901424994670e-08
137695.41498829908; 5.46659823860793e-08
137916.43247474509; 5.73205935147890e-08
138137.44996119110; 5.54766673497004e-08
138358.46744763714; 5.85253793731962e-08
138579.48493408316; 5.74578222219354e-08
138800.50242052917; 5.34325170774706e-08
139021.51990697518; 8.11857505702672e-08
139242.53739342120; 8.04483089799104e-08
139463.55487986724; 7.83829047978718e-08
139684.57236631325; 8.62532881883898e-08
139905.58985275927; 7.74089847071972e-08
140126.60733920528; 7.37974526886170e-08
140347.62482565129; 7.64901151989938e-08
140568.64231209733; 7.56851410678414e-08
140789.65979854335; 7.53170428299429e-08
141010.67728498936; 8.23058056464652e-08
141231.69477143537; 7.01275298198967e-08
141452.71225788139; 7.58906174063775e-08
141673.72974432743; 7.70951534561920e-08
141894.74723077344; 7.80195633572799e-08
142115.76471721946; 7.95074989194867e-08
142336.78220366547; 8.15118754854608e-08
142557.79969011148; 7.53390343382785e-08
142778.81717655752; 7.30414697055525e-08
142999.83466300354; 7.67115810540084e-08
143220.85214944955; 7.70565483852732e-08
143441.86963589556; 7.82977541949620e-08
143662.88712234158; 7.23945911664227e-08
143883.90460878762; 6.94891663542254e-08
144104.92209523363; 7.19343012649150e-08
144325.93958167965; 7.03717211733409e-08
144546.95706812566; 6.70514301770937e-08
144767.97455457167; 7.18515242373764e-08
144988.99204101771; 6.50199624972240e-08
145210.00952746373; 6.46152390062462e-08
145431.02701390974; 7.38759564036843e-08
145652.04450035575; 7.36314648915095e-08
145873.06198680177; 7.23569525194556e-08
146094.07947324781; 7.32884218461329e-08
146315.09695969382; 6.64680397492375e-08
146536.11444613984; 7.34273073228199e-08
146757.13193258585; 7.26427351306380e-08
146978.14941903186; 7.22475017554369e-08
147199.16690547790; 7.77702249363401e-08
147420.18439192392; 6.66688136435326e-08
147641.20187836993; 6.57221919561799e-08
147862.21936481594; 6.75053364883990e-08
148083.23685126196; 6.70294601654641e-08
148304.25433770800; 7.07886927818119e-08
148525.27182415401; 7.33044576746227e-08
148746.28931060003; 6.27923440723315e-08
148967.30679704604; 6.25825543705394e-08
149188.32428349205; 6.39213565773066e-08
149409.34176993810; 5.87859907172847e-08
149630.35925638411; 7.01033502296407e-08
149851.37674283012; 5.74062021446595e-08
150072.39422927613; 6.23387434229491e-08
150293.41171572215; 6.24381257709342e-08
150514.42920216819; 6.05999708250044e-08
150735.44668861420; 6.14178667959582e-08
150956.46417506022; 6.65618179063932e-08
151177.48166150623; 5.90148017113959e-08
151398.49914795227; 6.03815657451467e-08
151619.51663439829; 6.57269993990429e-08
151840.53412084430; 6.25692497693429e-08
152061.55160729031; 6.50714300993653e-08
152282.56909373633; 5.88919532663125e-08
152503.58658018237; 5.93408764647690e-08
152724.60406662838; 6.23170397010718e-08
152945.62155307439; 6.39822945422228e-08
153166.63903952041; 6.69534687015466e-08
153387.65652596642; 6.83164812068638e-08
153608.67401241246; 6.25247777000016e-08
153829.69149885848; 6.23231502273295e-08
154050.70898530449; 6.23480285497175e-08
154271.72647175050; 6.78742001683980e-08
154492.74395819652; 6.59189051266356e-08
154713.76144464256; 6.17906523297933e-08
154934.77893108857; 5.88766049886524e-08
155155.79641753458; 6.04844673926230e-08
155376.81390398060; 6.17619425330217e-08
155597.83139042661; 6.62297941928437e-08
155818.84887687265; 6.62952895623735e-08
156039.86636331867; 5.92735779620128e-08
156260.88384976468; 6.24993933303089e-08
156481.90133621069; 6.19302746224064e-08
156702.91882265671; 6.29519247139241e-08
156923.93630910275; 6.28561702334605e-08
157144.95379554876; 5.06364996303780e-08
157365.97128199477; 5.34100654446708e-08
157586.98876844079; 6.12261847955819e-08
157808.00625488680; 6.02074482272000e-08
158029.02374133284; 6.30895997927251e-08
158250.04122777886; 5.83908287503472e-08
158471.05871422487; 5.90167507151047e-08
158692.07620067088; 5.86435697835703e-08
158913.09368711690; 6.17991697307196e-08
159134.11117356294; 6.43636136147141e-08
159355.12866000895; 5.53166091351395e-08
159576.14614645496; 5.66680996337073e-08
159797.16363290098; 5.54480243648283e-08
160018.18111934699; 5.44670688097313e-08
160239.19860579303; 6.42665723867881e-08
160460.21609223905; 5.69760378468066e-08
160681.23357868506; 5.38194988793700e-08
160902.25106513107; 4.71490815406390e-08
161123.26855157709; 4.29380614681315e-08
161344.28603802313; 5.32137453443686e-08
161565.30352446914; 5.19500938895251e-08
161786.32101091516; 5.20078816696792e-08
162007.33849736117; 5.72206183164657e-08
162228.35598380718; 5.46645344344181e-08
162449.37347025322; 5.70299482700247e-08
162670.39095669924; 5.52692626330047e-08
162891.40844314525; 4.84870874014115e-08
163112.42592959126; 5.19509678025190e-08
163333.44341603728; 5.19474882726790e-08
163554.46090248332; 5.21821435797483e-08
163775.47838892933; 5.60953124833632e-08
163996.49587537535; 5.02427942624105e-08
164217.51336182136; 5.31198424613067e-08
164438.53084826740; 5.56586403561309e-08
164659.54833471341; 5.50338265423416e-08
164880.56582115943; 5.63230505757762e-08
165101.58330760544; 5.00701298967994e-08
165322.60079405145; 5.60382398071603e-08
165543.61828049750; 5.71378426550668e-08
165764.63576694351; 5.48420022767155e-08
165985.65325338952; 5.58999939104590e-08
166206.67073983554; 5.21793221543173e-08
166427.68822628155; 5.54915444519047e-08
166648.70571272759; 5.37329480492009e-08
166869.72319917360; 5.52086870701841e-08
167090.74068561962; 5.64285888952171e-08
167311.75817206563; 4.82890861500137e-08
167532.77565851164; 5.11489725759486e-08
167753.79314495769; 5.10217411415223e-08
167974.81063140370; 5.59483285197229e-08
168195.82811784971; 5.56607314077780e-08
168416.84560429573; 5.33486801227027e-08
168637.86309074174; 4.76351729086565e-08
168858.88057718778; 5.36568446135846e-08
169079.89806363379; 5.57725452432484e-08
169300.91555007981; 5.93132941520420e-08
169521.93303652582; 5.12127232468076e-08
169742.95052297183; 5.01601617151584e-08
169963.96800941788; 5.46001015356565e-08
170184.98549586389; 5.31603738061381e-08
170406.00298230990; 5.40006603481141e-08
170627.02046875592; 4.75465927644461e-08
170848.03795520193; 4.97408444912199e-08
171069.05544164797; 5.62580160570919e-08
171290.07292809398; 6.17526919544898e-08
171511.09041454000; 5.88290475317170e-08
171732.10790098601; 5.83004070947465e-08
171953.12538743202; 5.47720206416128e-08
172174.14287387807; 5.51876584548834e-08
172395.16036032408; 5.93615072877119e-08
172616.17784677009; 5.78589736639731e-08
172837.19533321611; 6.16064335383720e-08
173058.21281966212; 5.73395507608700e-08
173279.23030610816; 5.74242614107144e-08
173500.24779255418; 5.63562156626654e-08
173721.26527900019; 5.45507907850359e-08
173942.28276544620; 5.64966375483741e-08
174163.30025189221; 4.94980223400613e-08
174384.31773833826; 5.09412473414380e-08
174605.33522478427; 5.60885977519870e-08
174826.35271123028; 5.61177070101218e-08
175047.37019767630; 5.99048429750047e-08
175268.38768412231; 5.36232899626239e-08
175489.40517056835; 5.59266779099014e-08
175710.42265701437; 5.10859466153871e-08
175931.44014346038; 5.56016489184999e-08
176152.45762990639; 5.86264744268223e-08
176373.47511635241; 5.02506305576870e-08
176594.49260279845; 5.74194227780980e-08
176815.51008924446; 5.79678692986180e-08
177036.52757569047; 5.79191814575541e-08
177257.54506213649; 6.02665778976409e-08
177478.56254858250; 5.60434414046169e-08
177699.58003502854; 5.47494491780104e-08
177920.59752147456; 6.31198572375405e-08
178141.61500792057; 6.32324706329089e-08
178362.63249436658; 6.50008247865640e-08
178583.64998081260; 6.28904723907115e-08
178804.66746725864; 5.68945323202243e-08
179025.68495370465; 6.00062975798585e-08
179246.70244015066; 5.83035979339965e-08
179467.71992659668; 5.80309961581382e-08
179688.73741304272; 5.90764918269754e-08
179909.75489948873; 5.25601549290245e-08
180130.77238593475; 5.26958714115766e-08
180351.78987238076; 5.32773646195748e-08
180572.80735882677; 5.49767911699646e-08
180793.82484527281; 5.52035560586519e-08
181014.84233171883; 5.01277910816543e-08
181235.85981816484; 5.64958266322357e-08
181456.87730461085; 5.39364404777938e-08
181677.89479105687; 4.93033361880722e-08
181898.91227750291; 5.66387856166447e-08
182119.92976394892; 4.70630704028924e-08
182340.94725039494; 4.59881801957918e-08
182561.96473684095; 4.96561262448334e-08
182782.98222328696; 4.84604858472933e-08
183003.99970973301; 5.13658375668699e-08
183225.01719617902; 4.48075038423261e-08
183446.03468262503; 4.66198467962768e-08
183667.05216907104; 4.97006008568668e-08
183888.06965551706; 4.78136175819985e-08
184109.08714196310; 4.77094829346314e-08
184330.10462840911; 4.44458772944001e-08
184551.12211485513; 4.27242538041285e-08
184772.13960130114; 4.85309491779405e-08
184993.15708774715; 4.57773080262208e-08
185214.17457419320; 4.76606987837996e-08
185435.19206063921; 5.29030373468975e-08
185656.20954708522; 4.56262941232329e-08
185877.22703353124; 4.77802797761983e-08
186098.24451997725; 5.01154782824128e-08
186319.26200642329; 4.88704260817091e-08
186540.27949286930; 4.98924540168440e-08
186761.29697931532; 4.58946659291886e-08
186982.31446576133; 4.88083664360559e-08
187203.33195220734; 4.70442731750704e-08
187424.34943865339; 4.75525329034529e-08
187645.36692509940; 5.07285222245804e-08
187866.38441154541; 4.00307649921309e-08
188087.40189799143; 4.26356763201130e-08
188308.41938443744; 4.52338786451961e-08
188529.43687088348; 4.12122088114771e-08
188750.45435732949; 4.68180311805165e-08
188971.47184377551; 3.60557775574082e-08
189192.48933022152; 3.57211404340756e-08
189413.50681666753; 4.00080515105231e-08
189634.52430311358; 4.06174706263328e-08
189855.54178955959; 4.23968511965119e-08
190076.55927600560; 3.65753555010433e-08
190297.57676245162; 3.68242442977939e-08
190518.59424889763; 3.91570145470485e-08
190739.61173534367; 3.96329565140966e-08
190960.62922178968; 3.99187228336334e-08
191181.64670823570; 4.39560221540605e-08
191402.66419468171; 3.74984965652960e-08
191623.68168112772; 4.59672430188061e-08
191844.69916757377; 4.46938796706527e-08
192065.71665401978; 4.43116878277818e-08
192286.73414046579; 5.04700461057176e-08
192507.75162691181; 5.17755328254499e-08
192728.76911335785; 5.75409112818664e-08
192949.78659980386; 5.68582288283204e-08
193170.80408624987; 5.42331793254236e-08
193391.82157269589; 5.80177986860772e-08
193612.83905914190; 4.89541858237652e-08
193833.85654558794; 5.14612837815286e-08
194054.87403203396; 5.16518084964809e-08
194275.89151847997; 5.14009133273823e-08
194496.90900492598; 5.49580459424665e-08
194717.92649137200; 4.89156431323609e-08
194938.94397781804; 5.09516407069557e-08
195159.96146426405; 5.21927932450705e-08
195380.97895071006; 5.14876627130562e-08
195601.99643715608; 5.38826371977965e-08
195823.01392360209; 5.03336634806045e-08
196044.03141004813; 5.02453073874723e-08
196265.04889649415; 5.29882641644420e-08
196486.06638294016; 5.01503798135395e-08
196707.08386938617; 5.30186911173805e-08
196928.10135583219; 5.04725085869730e-08
197149.11884227823; 4.37486938037073e-08
197370.13632872424; 4.85643046001544e-08
197591.15381517026; 4.81122876272846e-08
197812.17130161627; 4.46667474866644e-08
198033.18878806228; 4.75894195943635e-08
198254.20627450832; 4.02742228961527e-08
198475.22376095434; 4.41751578091018e-08
198696.24124740035; 4.20243071228222e-08
198917.25873384636; 4.53507680380147e-08
199138.27622029238; 4.84829949812265e-08
199359.29370673842; 3.62588628345349e-08
199580.31119318443; 4.25347934579886e-08
199801.32867963045; 4.14143591348373e-08
200022.34616607646; 4.07689026714128e-08
200243.36365252247; 4.72618245502028e-08
200464.38113896851; 3.60123909050795e-08
200685.39862541453; 4.24174721960914e-08
200906.41611186054; 4.36775727492484e-08
201127.43359830655; 4.27206507518957e-08
201348.45108475257; 4.24458500264149e-08
201569.46857119861; 4.00508736721311e-08
201790.48605764462; 4.22127103029890e-08
202011.50354409064; 4.35535906241937e-08
202232.52103053665; 4.44557344852292e-08
202453.53851698266; 4.81022153551071e-08
202674.55600342870; 4.79893753962149e-08
202895.57348987472; 4.49407752153614e-08
203116.59097632073; 4.95052397706975e-08
203337.60846276674; 4.80885871037377e-08
203558.62594921276; 4.76881927391700e-08
203779.64343565880; 4.89224417393838e-08
204000.66092210481; 4.42211531268444e-08
204221.67840855083; 4.79689427855048e-08
204442.69589499684; 4.59461543331038e-08
204663.71338144285; 4.79047179529755e-08
204884.73086788889; 5.00790321025175e-08
205105.74835433491; 3.90652161012224e-08
205326.76584078092; 4.38262925761165e-08
205547.78332722693; 4.65303616791844e-08
205768.80081367295; 4.30171954717047e-08
205989.81830011899; 4.59404175919044e-08
206210.83578656500; 3.97536315241898e-08
206431.85327301102; 3.82968313631410e-08
206652.87075945703; 3.99950118625250e-08
206873.88824590304; 3.98020308929350e-08
207094.90573234909; 4.12406797730215e-08
207315.92321879510; 4.10134801823932e-08
207536.94070524111; 3.86107881762189e-08
207757.95819168712; 4.36822055489376e-08
207978.97567813317; 3.95630999268394e-08
208199.99316457918; 4.21819582409394e-08
208421.01065102519; 4.33758575885780e-08
208642.02813747121; 2.85853411631913e-08
208863.04562391722; 3.12291279203296e-08
209084.06311036326; 3.51721725260854e-08
209305.08059680928; 3.68443031561077e-08
209526.09808325529; 4.53672797346381e-08
209747.11556970130; 3.20322453679075e-08
209968.13305614732; 3.27495680233663e-08
210189.15054259336; 3.94415610940661e-08
210410.16802903937; 3.91136579479979e-08
210631.18551548538; 3.71661938125463e-08
210852.20300193140; 3.32155127457284e-08
211073.22048837741; 3.41031882221486e-08
211294.23797482345; 3.76475506068819e-08
211515.25546126947; 3.51650736517938e-08
211736.27294771548; 4.02575720125604e-08
211957.29043416149; 4.28153369401075e-08
212178.30792060751; 3.04610937197532e-08
212399.32540705355; 3.72077447400641e-08
212620.34289349956; 4.13164334179679e-08
212841.36037994557; 3.86335032904458e-08
213062.37786639159; 4.25158825961326e-08
213283.39535283760; 3.97915348981873e-08
213504.41283928364; 3.17920017780227e-08
213725.43032572966; 3.65035581324100e-08
213946.44781217567; 4.09936683448751e-08
214167.46529862168; 4.21462537371442e-08
214388.48278506770; 4.10790189742573e-08
214609.50027151374; 4.33647025356513e-08
214830.51775795975; 3.75895199045955e-08
215051.53524440576; 3.88062156689351e-08
215272.55273085178; 4.34893935806719e-08
215493.57021729779; 4.18320060142955e-08
215714.58770374383; 4.23875950089970e-08
215935.60519018985; 4.30553298537158e-08
216156.62267663586; 3.81565647990509e-08
216377.64016308187; 4.63528020906723e-08
216598.65764952789; 4.92450948865745e-08
216819.67513597393; 4.54678312047038e-08
217040.69262241994; 5.00241004389538e-08
217261.71010886595; 3.92000219054629e-08
217482.72759531197; 4.10251882815762e-08
217703.74508175798; 4.41676382374980e-08
217924.76256820402; 4.34564594097889e-08
218145.78005465004; 4.58137687477800e-08
218366.79754109605; 4.85110216231184e-08
218587.81502754206; 4.14463292386823e-08
218808.83251398808; 4.73234887824200e-08
219029.85000043412; 4.85005249651088e-08
219250.86748688013; 4.81223643042306e-08
219471.88497332614; 5.23202823238062e-08
219692.90245977216; 4.11260079711834e-08
219913.91994621817; 4.61821133564124e-08
220134.93743266421; 4.71378267518309e-08
220355.95491911023; 4.66328808475605e-08
220576.97240555624; 4.57944212090408e-08
220797.98989200225; 4.76330162574230e-08
221019.00737844830; 4.21948553468298e-08
221240.02486489431; 4.39975341240567e-08
221461.04235134032; 4.25527390436524e-08
221682.05983778634; 4.50582713315847e-08
221903.07732423235; 5.23902404945263e-08
222124.09481067839; 3.83802426450575e-08
222345.11229712440; 4.15037300302015e-08
222566.12978357042; 4.28811507643890e-08
222787.14727001643; 4.21109385466955e-08
223008.16475646244; 4.32624220876641e-08
223229.18224290849; 5.07987138932699e-08
223450.19972935450; 3.98917555796891e-08
223671.21721580051; 4.13597596581061e-08
223892.23470224653; 4.31868129954105e-08
224113.25218869254; 4.26972698832336e-08
224334.26967513858; 4.52587513203789e-08
224555.28716158459; 4.22207479473885e-08
224776.30464803061; 3.98055784616495e-08
224997.32213447662; 4.03790761259163e-08
225218.33962092263; 4.28934754185938e-08
225439.35710736868; 3.95015521499153e-08
225660.37459381469; 4.31629799981044e-08
225881.39208026070; 3.47597122711805e-08
226102.40956670672; 3.65520435427770e-08
226323.42705315273; 3.68242130953452e-08
226544.44453959877; 3.26444076753408e-08
226765.46202604478; 3.76113619835160e-08
226986.47951249080; 3.18264790246419e-08
227207.49699893681; 3.14175620807423e-08
227428.51448538282; 3.67636039177114e-08
227649.53197182887; 2.88493209920536e-08
227870.54945827488; 1.84207024656669e-08
228091.56694472089; 1.89038164144205e-08
228312.58443116691; 1.12776072365518e-08
228533.60191761292; 1.89895411195790e-08
228754.61940405896; 2.70574694251907e-08
228975.63689050497; 2.72344777116427e-08
229196.65437695099; 3.16022147287653e-08
229417.67186339700; 2.96044670778214e-08
229638.68934984301; 2.83389899792923e-08
229859.70683628906; 3.16458356825338e-08
230080.72432273507; 2.98266575226381e-08
230301.74180918108; 3.13517104709962e-08
230522.75929562710; 3.63756129892556e-08
230743.77678207311; 2.66148298460128e-08
230964.79426851915; 3.15299767646177e-08
231185.81175496517; 3.65515113265409e-08
231406.82924141118; 3.43358015198945e-08
231627.84672785719; 3.82535552283267e-08
231848.86421430320; 3.90724989129686e-08
232069.88170074925; 3.45912725732669e-08
232290.89918719526; 3.91386223393618e-08
232511.91667364127; 4.11008834192466e-08
232732.93416008729; 4.36475505428787e-08
232953.95164653330; 4.51165672077664e-08
233174.96913297934; 3.61459877127015e-08
233395.98661942536; 3.75238570576669e-08
233617.00410587137; 3.99619167250090e-08
233838.02159231738; 4.29740284375915e-08
234059.03907876340; 4.26310925995885e-08
234280.05656520944; 4.61033262132881e-08
234501.07405165545; 4.01663002066524e-08
234722.09153810146; 4.22944986164905e-08
234943.10902454748; 4.36156055215444e-08
235164.12651099349; 4.49837443856985e-08
235385.14399743953; 4.91564879850833e-08
235606.16148388555; 4.08938164264504e-08
235827.17897033156; 4.24815587076329e-08
236048.19645677757; 4.60726439112381e-08
236269.21394322361; 4.77942816556049e-08
236490.23142966963; 4.88669889817109e-08
236711.24891611564; 5.37081037042033e-08
236932.26640256165; 4.06601381076708e-08
237153.28388900767; 4.53272586691161e-08
237374.30137545371; 4.83136191696595e-08
237595.31886189972; 4.98205948723363e-08
237816.33634834574; 5.07043714867421e-08
238037.35383479175; 4.65423453306026e-08
238258.37132123776; 4.31185305656380e-08
238479.38880768380; 4.39633463714938e-08
238700.40629412982; 4.78880301723414e-08
238921.42378057583; 4.86085698822957e-08
239142.44126702184; 4.36620986982895e-08
239363.45875346786; 3.85521369222285e-08
239584.47623991390; 4.25931590559436e-08
239805.49372635991; 4.61734128092346e-08
240026.51121280593; 4.41946984942371e-08
240247.52869925194; 4.72178896599991e-08
240468.54618569795; 4.74861871666223e-08
240689.56367214400; 4.21832580796443e-08
240910.58115859001; 4.58417108082930e-08
241131.59864503602; 4.46543288213972e-08
241352.61613148203; 4.28903441436444e-08
241573.63361792805; 4.83998358806582e-08
241794.65110437409; 3.92222772284354e-08
242015.66859082010; 4.22395973966960e-08
242236.68607726612; 4.41493287927443e-08
242457.70356371213; 4.38006730489400e-08
242678.72105015814; 2.65192762444582e-08
242899.73853660419; 2.37294722641193e-08
243120.75602305020; 2.85555096475568e-08
243341.77350949621; 2.33616656470672e-08
243562.79099594222; 2.62839302563354e-08
243783.80848238824; 2.61018228057413e-08
244004.82596883428; 2.47396209140925e-08
244225.84345528029; 2.78191084320414e-08
244446.86094172631; 2.63257758638821e-08
244667.87842817232; 2.86797499918414e-08
244888.89591461833; 2.62517507482774e-08
245109.91340106438; 2.40683183466239e-08
245330.93088751039; 2.95310502761264e-08
245551.94837395640; 2.52423977227593e-08
245772.96586040242; 2.61683882813239e-08
245993.98334684843; 2.78141431709055e-08
246215.00083329447; 2.45765183279884e-08
246436.01831974048; 2.90537857340823e-08
246657.03580618650; 2.81036029321854e-08
246878.05329263251; 2.79304682941243e-08
247099.07077907852; 2.84339065624432e-08
247320.08826552457; 2.73934654776415e-08
247541.10575197058; 2.95645744728654e-08
247762.12323841659; 2.59501748161958e-08
247983.14072486261; 2.45310888004873e-08
248204.15821130862; 3.00218831952214e-08
248425.17569775466; 2.62042255470713e-08
248646.19318420067; 2.63027646433874e-08
248867.21067064669; 2.73132511259353e-08
249088.22815709270; 2.55506311059058e-08
249309.24564353874; 2.67478964071664e-08
249530.26312998476; 2.69400163820573e-08
249751.28061643077; 2.90595779845658e-08
249972.29810287678; 2.67824732906674e-08
250193.31558932280; 2.57039760381685e-08
250414.33307576884; 2.84006887723404e-08
250635.35056221485; 2.08929145747554e-08
250856.36804866086; 2.13429667033464e-08
251077.38553510688; 2.74433727247920e-08
251298.40302155289; 2.28313902935625e-08
251519.42050799893; 2.40381298557254e-08
251740.43799444495; 2.56414461022533e-08
251961.45548089096; 2.58432217433339e-08
252182.47296733697; 2.60989074470833e-08
252403.49045378299; 2.70545516742003e-08
