Time, s; Heat flow, Watt
1357.61924651022; 2.20471580435691e-05
1496.08466776476; 2.53806325217980e-05
1634.55008901930; 2.58305818370308e-05
1773.01551027385; 2.71639713061293e-05
1911.48093152839; 2.64987281097862e-05
2049.94635278293; 2.64628982378111e-05
2188.41177403747; 2.68769210644672e-05
2326.87719529201; 2.71637513602949e-05
2465.34261654656; 2.73389490595812e-05
2603.80803780110; 2.67527167435752e-05
2742.27345905564; 2.70706137995822e-05
2880.73888031018; 2.74656418780929e-05
3019.20430156472; 2.75524716540716e-05
3157.66972281926; 2.78968945645425e-05
3296.13514407381; 2.81493904685898e-05
3434.60056532835; 2.83689281482506e-05
3573.06598658289; 2.86355687529204e-05
3711.53140783743; 2.84454121157424e-05
3849.99682909197; 2.89098943280197e-05
3988.46225034652; 2.90576079836507e-05
4126.92767160106; 2.93943910364064e-05
4265.39309285560; 2.93340593323781e-05
4403.85851411014; 2.94923253392396e-05
4542.32393536468; 2.94457902461321e-05
4680.78935661922; 2.98095572228753e-05
4819.25477787377; 2.98658417712308e-05
4957.72019912831; 2.99124889812716e-05
5096.18562038285; 2.99278827272570e-05
5234.65104163739; 2.99986912902526e-05
5373.11646289193; 3.02305400799143e-05
5511.58188414648; 3.02525918766468e-05
5650.04730540102; 3.03473072499609e-05
5788.51272665556; 3.03785839185505e-05
5926.97814791010; 3.03311600188403e-05
6065.44356916464; 3.04919199818189e-05
6203.90899041919; 3.07062346840358e-05
6342.37441167373; 3.05629714137132e-05
6480.83983292827; 3.04160770924175e-05
6619.30525418281; 3.06062536846708e-05
6757.77067543735; 3.06895527190978e-05
6896.23609669189; 3.07098022039647e-05
7034.70151794644; 3.07590927678446e-05
7173.16693920098; 3.06947970142526e-05
7311.63236045552; 3.07849272718873e-05
7450.09778171006; 3.05972842435549e-05
7588.56320296460; 3.07092706384713e-05
7727.02862421915; 3.07903999015330e-05
7865.49404547369; 3.07736319413968e-05
8003.95946672823; 3.06983320489625e-05
8142.42488798277; 3.06182118297456e-05
8280.89030923731; 3.07401326324274e-05
8419.35573049186; 3.08053224821955e-05
8557.82115174640; 3.07430915114850e-05
8696.28657300094; 3.06844155991363e-05
8834.75199425548; 3.07390709424084e-05
8973.21741551002; 3.05597332206925e-05
9111.68283676456; 3.06255016756139e-05
9250.14825801911; 3.04657246765893e-05
9388.61367927365; 3.05629931467811e-05
9527.07910052819; 3.06789955334339e-05
9665.54452178273; 3.04484371367347e-05
9804.00994303727; 3.04624560988394e-05
9942.47536429181; 3.04785437033502e-05
10080.94078554636; 3.05740616571415e-05
10219.40620680090; 3.04730179175784e-05
10357.87162805544; 3.04541510665015e-05
10496.33704930998; 3.04199940677023e-05
10634.80247056452; 3.02495221548233e-05
10773.26789181907; 3.02971535305448e-05
10911.73331307361; 3.02771799334933e-05
11050.19873432815; 3.02527771136080e-05
11188.66415558269; 3.01904992630991e-05
11327.12957683723; 3.01758972938114e-05
11465.59499809178; 3.00978813655110e-05
11604.06041934632; 3.00742028751449e-05
11742.52584060086; 3.00047614261359e-05
11880.99126185540; 2.98267782485239e-05
12019.45668310994; 2.98530164282542e-05
12157.92210436448; 2.96073501040103e-05
12296.38752561903; 2.98487463117462e-05
12434.85294687357; 2.96704108078558e-05
12573.31836812811; 2.95282076787681e-05
12711.78378938265; 2.94083232946076e-05
12850.24921063719; 2.94250794844890e-05
12988.71463189173; 2.93157505506174e-05
13127.18005314628; 2.92347134392491e-05
13265.64547440082; 2.91469718040645e-05
13404.11089565536; 2.90879863167744e-05
13542.57631690990; 2.87562157339882e-05
13681.04173816445; 2.88572240443909e-05
13819.50715941899; 2.87634175558734e-05
13957.97258067353; 2.86962802915140e-05
14096.43800192807; 2.86393920798186e-05
14234.90342318261; 2.84723524736963e-05
14373.36884443715; 2.83591605973145e-05
14511.83426569170; 2.82486677711028e-05
14650.29968694624; 2.81123169213775e-05
14788.76510820078; 2.80036992834505e-05
14927.23052945532; 2.77333391316411e-05
15065.69595070986; 2.78159007172812e-05
15204.16137196440; 2.77403779380093e-05
15342.62679321895; 2.75016576189854e-05
15481.09221447349; 2.74163692079051e-05
15619.55763572803; 2.72903012803450e-05
15758.02305698257; 2.71845344032845e-05
15896.48847823711; 2.71372940951601e-05
16034.95389949166; 2.69435864487937e-05
16173.41932074620; 2.68462022477329e-05
16311.88474200074; 2.64963186827084e-05
16450.35016325528; 2.64767877162664e-05
16588.81558450982; 2.63834389813856e-05
16727.28100576437; 2.62754609066425e-05
16865.74642701891; 2.60425907380329e-05
17004.21184827345; 2.59184961325512e-05
17142.67726952799; 2.58764113557936e-05
17281.14269078253; 2.56371921104444e-05
17419.60811203708; 2.54690343642106e-05
17558.07353329162; 2.53060843303120e-05
17696.53895454616; 2.51955439686027e-05
17835.00437580070; 2.50585716432613e-05
17973.46979705524; 2.48770448922639e-05
18111.93521830978; 2.47361086496873e-05
18250.40063956433; 2.45393223928429e-05
18388.86606081887; 2.43466025412640e-05
18527.33148207341; 2.42578089095871e-05
18665.79690332795; 2.40659215480664e-05
18804.26232458249; 2.39045216070830e-05
18942.72774583703; 2.37703746512184e-05
19081.19316709158; 2.35198073887607e-05
19219.65858834612; 2.33949127050125e-05
19358.12400960066; 2.33371152597156e-05
19496.58943085520; 2.32254856002057e-05
19635.05485210974; 2.29773385550444e-05
19773.52027336429; 2.27780842837188e-05
19911.98569461883; 2.27174075683785e-05
20050.45111587337; 2.25119454693130e-05
20188.91653712791; 2.23249625847834e-05
20327.38195838245; 2.21281876206578e-05
20465.84737963699; 2.19869460433877e-05
20604.31280089154; 2.18080909168379e-05
20742.77822214608; 2.17800776450765e-05
20881.24364340062; 2.15705831346171e-05
21019.70906465516; 2.13213262979820e-05
21158.17448590971; 2.12041324391546e-05
21296.63990716424; 2.09990141641814e-05
21435.10532841879; 2.09599873181313e-05
21573.57074967333; 2.08736977469989e-05
21712.03617092787; 2.05684308204621e-05
21850.50159218241; 2.03673477588272e-05
21988.96701343696; 2.01123725000619e-05
22127.43243469150; 2.00509869822579e-05
22265.89785594604; 1.99380957908125e-05
22404.36327720058; 1.96566914630448e-05
22542.82869845512; 1.95457467307960e-05
22681.29411970966; 1.93533747992294e-05
22819.75954096421; 1.91700617726110e-05
22958.22496221875; 1.90526993253418e-05
23096.69038347329; 1.88263482429377e-05
23235.15580472783; 1.87111100783789e-05
23373.62122598237; 1.85839123795223e-05
23512.08664723692; 1.83713626646346e-05
23650.55206849146; 1.82072779181133e-05
23789.01748974600; 1.82609300548425e-05
23927.48291100054; 1.78417790540251e-05
24065.94833225508; 1.77229949864559e-05
24204.41375350962; 1.74816291019267e-05
24342.87917476417; 1.73880942555106e-05
24481.34459601871; 1.72591899986939e-05
24619.81001727325; 1.69532801077504e-05
24758.27543852779; 1.68534937939960e-05
24896.74085978233; 1.66257908863734e-05
25035.20628103688; 1.65528083868287e-05
25173.67170229142; 1.63492032911089e-05
25312.13712354596; 1.61260654993441e-05
25450.60254480050; 1.58874828160349e-05
25589.06796605504; 1.56997817359577e-05
25727.53338730958; 1.56132908543034e-05
25865.99880856413; 1.53763378525725e-05
26004.46422981867; 1.54420333744351e-05
26142.92965107321; 1.50310020873707e-05
26281.39507232775; 1.49292772371723e-05
26419.86049358230; 1.46970672010295e-05
26558.32591483683; 1.45346874304357e-05
26696.79133609138; 1.45718140396750e-05
26835.25675734592; 1.42682975456606e-05
26973.72217860046; 1.41478421738067e-05
27112.18759985500; 1.39115002258704e-05
27250.65302110955; 1.38616571841386e-05
27389.11844236409; 1.37835510700572e-05
27527.58386361863; 1.34762375875832e-05
27666.04928487317; 1.33619491913440e-05
27804.51470612771; 1.31345946731205e-05
27942.98012738225; 1.30744989116331e-05
28081.44554863680; 1.28492407244096e-05
28219.91096989134; 1.28880809966045e-05
28358.37639114588; 1.25377490391716e-05
28496.84181240042; 1.23968303009728e-05
28635.30723365496; 1.23851857224672e-05
28773.77265490951; 1.21144197672612e-05
28912.23807616405; 1.22407605971816e-05
29050.70349741859; 1.17818291564526e-05
29189.16891867313; 1.17307712186292e-05
29327.63433992767; 1.15174463089497e-05
29466.09976118221; 1.13705036208815e-05
29604.56518243676; 1.14108015918699e-05
29743.03060369130; 1.10974328804098e-05
29881.49602494584; 1.10227429360215e-05
30019.96144620038; 1.08189328756233e-05
30158.42686745492; 1.07475115555899e-05
30296.89228870947; 1.05644091594806e-05
30435.35770996401; 1.06647059446453e-05
30573.82313121855; 1.03330827441348e-05
30712.28855247309; 1.01486595087818e-05
30850.75397372763; 1.00966044610818e-05
30989.21939498217; 9.93491036214429e-06
31127.68481623672; 1.00533511215221e-05
31266.15023749126; 9.88734195426892e-06
31404.61565874580; 9.96239741872948e-06
31543.08108000034; 1.00429504910758e-05
31681.54650125488; 1.00779176526272e-05
31820.01192250942; 1.01215921343153e-05
31958.47734376397; 9.85986249979189e-06
32096.94276501851; 9.77943699294464e-06
32235.40818627305; 9.64687140583126e-06
32373.87360752759; 9.55573358612897e-06
32512.33902878213; 9.49480963608413e-06
32650.80445003668; 9.38365192997460e-06
32789.26987129122; 9.26566574715335e-06
32927.73529254576; 9.14606334936321e-06
33066.20071380030; 9.19652707222723e-06
33204.66613505485; 9.08265567382629e-06
33343.13155630939; 8.97558024612564e-06
33481.59697756393; 8.75115677900730e-06
33620.06239881847; 8.84400227927473e-06
33758.52782007301; 8.72700626892911e-06
33896.99324132755; 8.61159241336669e-06
34035.45866258210; 8.57261941182073e-06
34173.92408383664; 8.43312019460723e-06
34312.38950509118; 8.36930222139668e-06
34450.85492634572; 8.17922055176351e-06
34589.32034760026; 8.14160809320141e-06
34727.78576885480; 8.01954626702285e-06
34866.25119010935; 7.88668059882989e-06
35004.71661136389; 7.77261288332308e-06
35143.18203261843; 7.65725131584418e-06
35281.64745387297; 7.62566896716444e-06
35420.11287512751; 7.51815946999543e-06
35558.57829638205; 7.48638519057032e-06
35697.04371763660; 7.37576562348478e-06
35835.50913889114; 7.25947119007795e-06
35973.97456014568; 7.22670179616913e-06
36112.43998140022; 7.07251505901227e-06
36250.90540265477; 7.03816786195599e-06
36389.37082390930; 6.89825169807754e-06
36527.83624516385; 6.81294655230794e-06
36666.30166641839; 6.74225651387064e-06
36804.76708767293; 6.68261937764958e-06
36943.23250892747; 6.59171370521196e-06
37081.69793018202; 6.50559039602498e-06
37220.16335143656; 6.43085185954175e-06
37358.62877269110; 6.40986644480576e-06
37497.09419394564; 6.28159357097815e-06
37635.55961520018; 6.21223338754847e-06
37774.02503645472; 6.13909831730894e-06
37912.49045770927; 6.06969330176137e-06
38050.95587896381; 6.01023469893329e-06
38189.42130021835; 5.90908098190076e-06
38327.88672147289; 5.84338787202539e-06
38466.35214272743; 5.81699133210478e-06
38604.81756398197; 5.74884659404852e-06
38743.28298523652; 5.69595004540182e-06
38881.74840649106; 5.60303470272687e-06
39020.21382774560; 5.54101823762538e-06
39158.67924900015; 5.46919203831543e-06
39297.14467025468; 5.43819032263912e-06
39435.61009150922; 5.32324240066808e-06
39574.07551276377; 5.28101214469190e-06
39712.54093401831; 5.21258494588335e-06
39851.00635527285; 5.21457243708223e-06
39989.47177652740; 5.18976054297858e-06
40127.93719778194; 5.13167324397931e-06
40266.40261903647; 5.10097261792336e-06
40404.86804029102; 5.04618411044930e-06
40543.33346154556; 4.97976455121615e-06
40681.79888280010; 4.95109566740168e-06
40820.26430405465; 4.93214587912552e-06
40958.72972530919; 4.85814899237637e-06
41097.19514656373; 4.80947871978859e-06
41235.66056781827; 4.75502241642346e-06
41374.12598907281; 4.70685527863722e-06
41512.59141032735; 4.69819375319985e-06
41651.05683158190; 4.61310286805118e-06
41789.52225283644; 4.54203357334371e-06
41927.98767409098; 4.49546512300432e-06
42066.45309534553; 4.44693376458506e-06
42204.91851660006; 4.41943390066645e-06
42343.38393785460; 4.34838764528639e-06
42481.84935910915; 4.31486459291268e-06
42620.31478036369; 4.12643932892553e-06
42758.78020161823; 4.30790323700371e-06
42897.24562287278; 4.16602483037244e-06
43035.71104412731; 4.17222252719057e-06
43174.17646538185; 4.07532327881186e-06
43312.64188663640; 4.04314410739091e-06
43451.10730789094; 4.01333242796762e-06
43589.57272914548; 3.99158424318163e-06
43728.03815040003; 3.96473284988679e-06
43866.50357165457; 3.88242361310487e-06
44004.96899290910; 3.85458160657169e-06
44143.43441416365; 3.81824453626271e-06
44281.89983541819; 3.79280826064008e-06
44420.36525667273; 3.84143057544312e-06
44558.83067792728; 3.80810196289468e-06
44697.29609918182; 3.80132072241205e-06
44835.76152043636; 3.75842347674303e-06
44974.22694169090; 3.70618235349741e-06
45112.69236294544; 3.67295636221910e-06
45251.15778419998; 3.70061256723253e-06
45389.62320545453; 3.64507911644173e-06
45528.08862670907; 3.61286859382099e-06
45666.55404796361; 3.56885998235694e-06
45805.01946921815; 3.57832967416556e-06
45943.48489047269; 3.51998311289751e-06
46081.95031172723; 3.45358107342473e-06
46220.41573298178; 3.41668563788729e-06
46358.88115423632; 3.39265335310549e-06
46497.34657549086; 3.35813720296203e-06
46635.81199674540; 3.34262842675292e-06
46774.27741799995; 3.29560603130190e-06
46912.74283925448; 3.28190981401367e-06
47051.20826050903; 3.09591109189418e-06
47189.67368176357; 3.28504116707709e-06
47328.13910301811; 3.17132075940358e-06
47466.60452427265; 3.14866431180646e-06
47605.06994552720; 3.10053002773314e-06
47743.53536678174; 3.06658653590932e-06
47882.00078803628; 3.04503589449228e-06
48020.46620929082; 3.03249413665178e-06
48158.93163054536; 2.99011881979462e-06
48297.39705179990; 2.93965538993040e-06
48435.86247305445; 2.91905729907423e-06
48574.32789430899; 2.91985546719120e-06
48712.79331556353; 2.87174305214395e-06
48851.25873681807; 2.86082918135284e-06
48989.72415807261; 2.81945936532082e-06
49128.18957932715; 2.80932561007271e-06
49266.65500058170; 2.75077511037820e-06
49405.12042183624; 2.72776457175734e-06
49543.58584309078; 2.70985883627614e-06
49682.05126434533; 2.70589590163608e-06
49820.51668559986; 2.66913420395117e-06
49958.98210685440; 2.64066745149995e-06
50097.44752810895; 2.64848479991763e-06
50235.91294936349; 2.60182017337530e-06
50374.37837061803; 2.58211346929332e-06
50512.84379187258; 2.55085889598894e-06
50651.30921312712; 2.53017659797594e-06
50789.77463438165; 2.52000952495635e-06
50928.24005563620; 2.49726658624925e-06
51066.70547689074; 2.52097458200166e-06
51205.17089814528; 2.44300159132427e-06
51343.63631939983; 2.42189223042519e-06
51482.10174065437; 2.43178006243186e-06
51620.56716190891; 2.39398188582821e-06
51759.03258316345; 2.29475200021931e-06
51897.49800441799; 2.52490083501976e-06
52035.96342567253; 2.70219934770934e-06
52174.42884692708; 2.78196879449445e-06
52312.89426818162; 2.74261647385156e-06
52451.35968943616; 2.70272209687744e-06
52589.82511069070; 2.68391496201996e-06
52728.29053194524; 2.68340441132044e-06
52866.75595319978; 2.66843400976361e-06
53005.22137445433; 2.63321821579353e-06
53143.68679570887; 2.62116693395131e-06
53282.15221696341; 2.57895492129301e-06
53420.61763821795; 2.55798052049653e-06
53559.08305947250; 2.54307210691859e-06
53697.54848072703; 2.51681416329588e-06
53836.01390198158; 2.53724037423584e-06
53974.47932323612; 2.45496292664989e-06
54112.94474449066; 2.43335748398359e-06
54251.41016574520; 2.43203044995108e-06
54389.87558699975; 2.41964755773581e-06
54528.34100825428; 2.39157894981612e-06
54666.80642950883; 2.39202195752788e-06
54805.27185076337; 2.32200124355308e-06
54943.73727201791; 2.32517983986823e-06
55082.20269327245; 2.28833511154015e-06
55220.66811452700; 2.27151997104867e-06
55359.13353578154; 2.26403788316644e-06
55497.59895703608; 2.26187446794574e-06
55636.06437829062; 2.21805245011780e-06
55774.52979954516; 2.19021547742417e-06
55912.99522079970; 2.17119359625409e-06
56051.46064205425; 2.16515927455011e-06
56189.92606330879; 2.15398086418431e-06
56328.39148456333; 2.03464243243409e-06
56466.85690581787; 2.13143465090178e-06
56605.32232707241; 2.11027287790072e-06
56743.78774832695; 2.06661073673098e-06
56882.25316958150; 2.05017090681070e-06
57020.71859083604; 2.08005830154847e-06
57159.18401209058; 2.00683373494645e-06
57297.64943334513; 1.99404149155764e-06
57436.11485459966; 1.98044666193858e-06
57574.58027585420; 1.98121462578446e-06
57713.04569710875; 1.95721453435994e-06
57851.51111836329; 1.93570730207607e-06
57989.97653961783; 1.91072234529391e-06
58128.44196087238; 1.91073122751632e-06
58266.90738212692; 1.88632680898740e-06
58405.37280338146; 1.91477548488125e-06
58543.83822463600; 1.84117479778376e-06
58682.30364589054; 1.84301703884794e-06
58820.76906714508; 1.82530850144867e-06
58959.23448839963; 1.81232485348727e-06
59097.69990965417; 1.80538548921391e-06
59236.16533090871; 1.82188023367463e-06
59374.63075216325; 1.76225949731096e-06
59513.09617341779; 1.75625153926899e-06
59651.56159467233; 1.74257453397952e-06
59790.02701592688; 1.74724828324275e-06
59928.49243718142; 1.73955009148353e-06
60066.95785843596; 1.72603645350445e-06
60205.42327969051; 1.69217616763130e-06
60343.88870094504; 1.68599070215112e-06
60482.35412219958; 1.67538997200394e-06
60620.81954345413; 1.65212379712905e-06
60759.28496470867; 1.63883498684468e-06
60897.75038596321; 1.65632160395915e-06
61036.21580721776; 1.62388459023332e-06
61174.68122847230; 1.61033274012178e-06
61313.14664972683; 1.62011662528671e-06
61451.61207098138; 1.62947891074050e-06
61590.07749223592; 1.56024589912800e-06
61728.54291349046; 1.56505431441182e-06
61867.00833474501; 1.55538135280975e-06
62005.47375599955; 1.56011681404897e-06
62143.93917725409; 1.56143603483236e-06
62282.40459850863; 1.51162232022078e-06
62420.87001976317; 1.51378330785606e-06
62559.33544101771; 1.50907928075063e-06
62697.80086227226; 1.51066532688084e-06
62836.26628352680; 1.49624876790454e-06
62974.73170478134; 1.48142841671819e-06
63113.19712603588; 1.45990460439159e-06
63251.66254729042; 1.44905499367718e-06
63390.12796854496; 1.44063300327574e-06
63528.59338979951; 1.42842851271835e-06
63667.05881105405; 1.44991698908822e-06
63805.52423230859; 1.41843091147182e-06
63943.98965356313; 1.41087074972111e-06
64082.45507481768; 1.41118547818015e-06
64220.92049607221; 1.39872655051449e-06
64359.38591732676; 1.40851135582372e-06
64497.85133858130; 1.36984887179086e-06
64636.31675983584; 1.35359914599804e-06
64774.78218109038; 1.27479507546150e-06
64913.24760234493; 1.40967693093183e-06
65051.71302359947; 1.34361717342066e-06
65190.17844485401; 1.35888244513208e-06
65328.64386610855; 1.31432560521724e-06
65467.10928736309; 1.32138036810380e-06
65605.57470861764; 1.30566386800209e-06
65744.04012987218; 1.29745763026985e-06
65882.50555112673; 1.30327275356899e-06
66020.97097238127; 1.28907875121010e-06
66159.43639363580; 1.26752380828262e-06
66297.90181489034; 1.26196983792820e-06
66436.36723614488; 1.26324761768997e-06
66574.83265739943; 1.26292772451803e-06
66713.29807865397; 1.24954273235779e-06
66851.76349990851; 1.24329709547866e-06
66990.22892116306; 1.22056946544038e-06
67128.69434241760; 1.21890106440430e-06
67267.15976367214; 1.20899191412257e-06
67405.62518492668; 1.21306980420387e-06
67544.09060618121; 1.22138857687415e-06
67682.55602743576; 1.17845386710131e-06
67821.02144869030; 1.18243348495784e-06
67959.48686994484; 1.18124675929710e-06
68097.95229119938; 1.17929020283681e-06
68236.41771245393; 1.17708017274539e-06
68374.88313370847; 1.17351816044077e-06
68513.34855496301; 1.15739999767448e-06
68651.81397621756; 1.07971393033325e-06
68790.27939747210; 1.19516458732614e-06
68928.74481872664; 1.15779284260483e-06
69067.21023998118; 1.14094555046386e-06
69205.67566123573; 1.11151807825773e-06
69344.14108249027; 1.11372143800898e-06
69482.60650374480; 1.10787117875107e-06
69621.07192499934; 1.10970325263790e-06
69759.53734625388; 1.13318104410143e-06
69898.00276750843; 1.05906894582150e-06
70036.46818876297; 1.07581254051053e-06
70174.93361001751; 1.07686584784814e-06
70313.39903127206; 1.06863364297389e-06
70451.86445252660; 1.08499407502818e-06
70590.32987378114; 1.05548452315382e-06
70728.79529503568; 1.06263938659537e-06
70867.26071629023; 1.04747771890684e-06
71005.72613754477; 1.04936782927815e-06
71144.19155879931; 1.06031126621468e-06
71282.65698005386; 1.05778883248087e-06
71421.12240130838; 1.02780183002830e-06
71559.58782256293; 1.01518461101019e-06
71698.05324381747; 1.02328196184658e-06
71836.51866507201; 1.02685665087148e-06
71974.98408632656; 1.01281617629033e-06
72113.44950758110; 1.02068002473007e-06
72251.91492883564; 9.91028617807518e-07
72390.38035009018; 9.73878336759356e-07
72528.84577134473; 1.02692194966079e-06
72667.31119259927; 9.81227942701181e-07
72805.77661385381; 9.85138490414110e-07
72944.24203510836; 9.58483040163022e-07
73082.70745636290; 9.51950174048806e-07
73221.17287761743; 9.51534103193632e-07
73359.63829887197; 9.62403603933069e-07
73498.10372012651; 9.62350287959950e-07
73636.56914138106; 9.56432598342052e-07
73775.03456263560; 9.28651309305293e-07
73913.49998389014; 9.50743318823242e-07
74051.96540514469; 9.38596590031534e-07
74190.43082639923; 9.29089749274010e-07
74328.89624765377; 9.37736828988149e-07
74467.36166890831; 9.25912873744400e-07
74605.82709016286; 9.23456112012790e-07
74744.29251141740; 9.10397024093995e-07
74882.75793267194; 9.11130433908440e-07
75021.22335392649; 8.97526195999600e-07
75159.68877518101; 9.28536340878777e-07
75298.15419643556; 8.89289896045621e-07
75436.61961769010; 8.75910905046558e-07
75575.08503894464; 8.90830073692840e-07
75713.55046019919; 8.79460796958697e-07
75852.01588145373; 8.93967111340296e-07
75990.48130270827; 8.57645269473207e-07
76128.94672396281; 8.63277203007126e-07
76267.41214521736; 8.13261717385033e-07
76405.87756647190; 8.89633820121996e-07
76544.34298772644; 8.61902734053680e-07
76682.80840898099; 8.74864368028006e-07
76821.27383023553; 8.38776277307673e-07
76959.73925149007; 8.30241519261031e-07
77098.20467274460; 8.31964416074826e-07
77236.67009399914; 8.25622025679705e-07
77375.13551525369; 8.34440115766542e-07
77513.60093650823; 8.35062676737143e-07
77652.06635776277; 8.06363130190512e-07
77790.53177901731; 8.14887074029192e-07
77928.99720027186; 8.09987460805419e-07
78067.46262152640; 8.05836336047556e-07
78205.92804278094; 8.35635696001030e-07
78344.39346403549; 7.77463125409381e-07
78482.85888529003; 7.91858488464590e-07
78621.32430654457; 7.79851078756593e-07
78759.78972779911; 7.88660124477106e-07
78898.25514905366; 7.86818819445224e-07
79036.72057030819; 7.99263350348098e-07
79175.18599156273; 7.71974618406946e-07
79313.65141281727; 7.64706481331934e-07
79452.11683407181; 7.79956193314492e-07
79590.58225532636; 7.74956707727480e-07
79729.04767658090; 7.83965291386589e-07
79867.51309783544; 7.47814541577984e-07
80005.97851908999; 7.82221522847364e-07
80144.44394034453; 7.34022267666395e-07
80282.90936159907; 8.00032894972292e-07
80421.37478285361; 7.88687997315189e-07
80559.84020410816; 7.79972825205780e-07
80698.30562536270; 7.62845581858434e-07
80836.77104661724; 7.55850338751473e-07
80975.23646787177; 7.69370875887769e-07
81113.70188912631; 7.55392571151884e-07
81252.16731038086; 7.61776672456768e-07
81390.63273163540; 7.55453544977739e-07
81529.09815288994; 7.27842721250997e-07
81667.56357414449; 7.44400103806533e-07
81806.02899539903; 7.28312121614279e-07
81944.49441665357; 7.37081701401271e-07
82082.95983790811; 7.42820472559142e-07
82221.42525916266; 7.26369341718130e-07
82359.89068041720; 7.30165198113163e-07
82498.35610167174; 7.11142717221472e-07
82636.82152292629; 7.19940246967138e-07
82775.28694418083; 7.17156128155192e-07
82913.75236543536; 7.36337960884840e-07
83052.21778668990; 6.97777774145852e-07
83190.68320794444; 6.94180345921672e-07
83329.14862919899; 7.07471562740427e-07
83467.61405045353; 6.96419810189527e-07
83606.07947170807; 7.04282814304711e-07
83744.54489296261; 7.18391301891916e-07
83883.01031421716; 6.94968904713257e-07
84021.47573547170; 6.78297204441443e-07
84159.94115672624; 6.76103793754922e-07
84298.40657798079; 6.88646637629526e-07
84436.87199923533; 6.93658870272607e-07
84575.33742048987; 6.44032314848463e-07
84713.80284174440; 6.99382072995613e-07
84852.26826299894; 6.79576753404735e-07
84990.73368425349; 6.73688071848158e-07
85129.19910550803; 6.80928880033091e-07
85267.66452676257; 6.79267354866205e-07
85406.12994801711; 6.62521504950559e-07
85544.59536927166; 6.63435837948689e-07
85683.06079052620; 6.50608941509331e-07
85821.52621178074; 6.60685179640646e-07
85959.99163303529; 6.49444006323265e-07
86098.45705428983; 6.71879094164887e-07
86236.92247554437; 6.30618419451257e-07
86375.38789679891; 6.33570191353750e-07
86513.85331805346; 6.54103209918861e-07
86652.31873930799; 6.48045596096291e-07
86790.78416056253; 6.58239356692309e-07
86929.24958181707; 6.22350068075189e-07
87067.71500307161; 6.26411703435261e-07
87206.18042432616; 6.27384192432982e-07
87344.64584558070; 6.24709897417251e-07
87483.11126683524; 6.28194464373884e-07
87621.57668808979; 6.37876462261528e-07
87760.04210934433; 6.14220054063905e-07
87898.50753059887; 6.06287586141920e-07
88036.97295185341; 6.32403194113908e-07
88175.43837310796; 6.10959198172623e-07
88313.90379436250; 6.14391509153093e-07
88452.36921561704; 6.31178105969973e-07
88590.83463687157; 5.95183004024899e-07
88729.30005812611; 6.07165615600591e-07
88867.76547938066; 6.05111778093888e-07
89006.23090063520; 6.03696484731859e-07
89144.69632188974; 5.93926831041285e-07
89283.16174314429; 6.17975401491248e-07
89421.62716439883; 5.68677633309288e-07
89560.09258565337; 6.19791072052459e-07
89698.55800690792; 5.95235157725266e-07
89837.02342816246; 5.90866467907865e-07
89975.48884941700; 5.98411462923096e-07
90113.95427067154; 5.88082671779299e-07
90252.41969192609; 5.69273963321825e-07
90390.88511318063; 5.98771728732442e-07
90529.35053443516; 5.75557836465611e-07
90667.81595568970; 5.81272549099395e-07
90806.28137694424; 5.95110654805171e-07
90944.74679819879; 5.86518744719446e-07
91083.21221945333; 5.64653668302697e-07
91221.67764070787; 5.62126861599794e-07
91360.14306196242; 5.71973441103836e-07
91498.60848321696; 5.67243202331778e-07
91637.07390447150; 5.88506106153198e-07
91775.53932572604; 5.58430780273797e-07
91914.00474698059; 5.57259544093082e-07
92052.47016823513; 5.54152124836095e-07
92190.93558948967; 5.65839999125395e-07
92329.40101074422; 5.53550609810813e-07
92467.86643199874; 5.63742286847995e-07
92606.33185325329; 5.53795708227270e-07
92744.79727450783; 5.36846216654628e-07
92883.26269576237; 5.47992935483896e-07
93021.72811701692; 5.37654756937319e-07
93160.19353827146; 5.40179448867715e-07
93298.65895952600; 5.61926494806878e-07
93437.12438078054; 5.24708067307625e-07
93575.58980203509; 5.42296218242247e-07
93714.05522328963; 5.31454948101581e-07
93852.52064454417; 5.33680662876320e-07
93990.98606579872; 5.33009548757687e-07
94129.45148705326; 5.41882117308996e-07
94267.91690830780; 4.80382054016231e-07
94406.38232956233; 5.44209775308652e-07
94544.84775081687; 5.36585070542071e-07
94683.31317207142; 5.18866615724186e-07
94821.77859332596; 5.40112462081632e-07
94960.24401458050; 5.38269483943811e-07
95098.70943583504; 5.07318250350133e-07
95237.17485708959; 5.18685087093722e-07
95375.64027834413; 5.13958422471803e-07
95514.10569959867; 5.26980342642884e-07
95652.57112085322; 5.19819333282010e-07
95791.03654210776; 5.23902524204016e-07
95929.50196336230; 5.06065969401832e-07
96067.96738461684; 5.05090188942002e-07
96206.43280587137; 5.17221437025106e-07
96344.89822712592; 5.11037667496850e-07
96483.36364838046; 5.24857177004899e-07
96621.82906963500; 4.96554943653249e-07
96760.29449088954; 4.96617128080521e-07
96898.75991214409; 4.95001143637347e-07
97037.22533339863; 5.07993332387631e-07
97175.69075465317; 4.89056283569598e-07
97314.15617590772; 5.05604567105686e-07
97452.62159716226; 4.95938031828726e-07
97591.08701841680; 4.88676807502297e-07
97729.55243967134; 5.01894055418098e-07
97868.01786092589; 4.95589482161802e-07
98006.48328218043; 5.17352622061140e-07
98144.94870343496; 4.72422269179352e-07
98283.41412468950; 4.74435547335652e-07
98421.87954594404; 4.90799078054456e-07
98560.34496719859; 4.79087400551203e-07
98698.81038845313; 4.93339305691469e-07
98837.27580970767; 4.85304799123542e-07
98975.74123096222; 4.93611277917842e-07
99114.20665221676; 4.70168390980824e-07
99252.67207347130; 4.78784222392928e-07
99391.13749472584; 4.11930692039687e-07
99529.60291598039; 5.09912408520754e-07
99668.06833723493; 4.93096378927784e-07
99806.53375848947; 4.65514108568086e-07
99944.99917974402; 4.68181313319707e-07
100083.46460099854; 4.55368581980188e-07
100221.93002225309; 4.62434423269094e-07
100360.39544350763; 4.66827404023584e-07
100498.86086476217; 4.62122415240503e-07
100637.32628601672; 4.90943489462072e-07
100775.79170727126; 4.45646706115887e-07
100914.25712852580; 4.53168976308160e-07
101052.72254978034; 4.47096019127128e-07
101191.18797103489; 4.49282201033217e-07
101329.65339228943; 4.74554822314867e-07
101468.11881354397; 4.60882036139969e-07
101606.58423479852; 4.50606635157947e-07
101745.04965605306; 4.42577464607018e-07
101883.51507730760; 4.57772924828243e-07
102021.98049856213; 4.48990235518078e-07
102160.44591981667; 4.52885579694044e-07
102298.91134107122; 4.60415856177127e-07
102437.37676232576; 4.35131444100772e-07
102575.84218358030; 4.38934312780609e-07
102714.30760483484; 4.36266220453221e-07
102852.77302608939; 4.47329368784736e-07
102991.23844734393; 4.42671095690079e-07
103129.70386859847; 4.41390788799102e-07
103268.16928985302; 4.30261258455439e-07
103406.63471110756; 4.32161618877956e-07
103545.10013236210; 4.39089578377290e-07
103683.56555361665; 4.33367053279656e-07
103822.03097487119; 4.43775362229189e-07
103960.49639612572; 4.34144791553421e-07
104098.96181738026; 4.22543081310142e-07
104237.42723863480; 4.26217317631405e-07
104375.89265988934; 4.29354319802366e-07
104514.35808114389; 4.29740241696629e-07
104652.82350239843; 3.80161487703984e-07
104791.28892365297; 4.74543168461322e-07
104929.75434490752; 4.23421815877269e-07
105068.21976616206; 4.21231030594626e-07
105206.68518741660; 4.29801243433778e-07
105345.15060867115; 4.15495985797947e-07
105483.61602992569; 4.38343256699327e-07
105622.08145118023; 4.09059029172756e-07
105760.54687243477; 4.17821059863996e-07
105899.01229368930; 4.16907355289904e-07
106037.47771494385; 4.09187610404181e-07
106175.94313619839; 4.23309907553004e-07
106314.40855745293; 4.29635888559327e-07
106452.87397870747; 4.08303184806489e-07
106591.33939996202; 4.06234445762144e-07
106729.80482121656; 4.08072051501746e-07
106868.27024247110; 4.11961137007686e-07
107006.73566372565; 4.10130435995319e-07
107145.20108498019; 4.17560650881954e-07
107283.66650623473; 3.97612829659892e-07
107422.13192748927; 4.10253991780357e-07
107560.59734874382; 3.98830481407723e-07
107699.06276999835; 4.11424041875251e-07
107837.52819125289; 4.00524346898377e-07
107975.99361250743; 4.20499162842645e-07
108114.45903376197; 3.88733771886209e-07
108252.92445501652; 3.89754961337853e-07
108391.38987627106; 3.98969208093359e-07
108529.85529752560; 3.93327680547308e-07
108668.32071878015; 4.06264115770228e-07
108806.78614003469; 3.97258565963219e-07
108945.25156128923; 3.85617774102521e-07
109083.71698254377; 3.88777657815802e-07
109222.18240379832; 3.82762803028760e-07
109360.64782505286; 3.89395517268741e-07
109499.11324630740; 4.03433439672097e-07
109637.57866756193; 3.87496026940959e-07
109776.04408881647; 3.71363006790356e-07
109914.50951007102; 3.87643768597714e-07
110052.97493132556; 3.32464118724599e-07
110191.44035258010; 4.10124770184455e-07
110329.90577383465; 4.19374479814242e-07
110468.37119508919; 3.80103377434807e-07
110606.83661634373; 3.81216481091762e-07
110745.30203759827; 3.70451647852783e-07
110883.76745885282; 3.82787605023089e-07
111022.23288010736; 3.76569166563205e-07
111160.69830136190; 3.99174770323410e-07
111299.16372261645; 3.74917404488244e-07
111437.62914387099; 3.66304216962791e-07
111576.09456512552; 3.80241090728579e-07
111714.55998638006; 3.80991186159749e-07
111853.02540763460; 3.85038007676772e-07
111991.49082888915; 3.82662005900648e-07
112129.95625014369; 3.62410466444246e-07
112268.42167139823; 3.74867865383872e-07
112406.88709265277; 3.62186289651593e-07
112545.35251390732; 3.79457702593564e-07
112683.81793516186; 3.67000009327187e-07
112822.28335641640; 3.86344248035636e-07
112960.74877767095; 3.52940774101290e-07
113099.21419892549; 3.58077057010197e-07
113237.67962018003; 3.79721341314584e-07
113376.14504143457; 3.59311818828776e-07
113514.61046268910; 3.78193902442706e-07
113653.07588394365; 3.56655952518752e-07
113791.54130519819; 3.55261739109576e-07
113930.00672645273; 3.64842016116417e-07
114068.47214770727; 3.54239008113325e-07
114206.93756896182; 3.61572417280849e-07
114345.40299021636; 3.66935493244576e-07
114483.86841147090; 3.61961509716684e-07
114622.33383272545; 3.51387474483662e-07
114760.79925397999; 3.62988955414085e-07
114899.26467523453; 3.52513203177029e-07
115037.73009648907; 3.53287515832932e-07
115176.19551774362; 3.76338973411525e-07
115314.66093899816; 3.39516025743109e-07
115453.12636025269; 3.56629075038089e-07
115591.59178150723; 3.08069349917513e-07
115730.05720276177; 3.73155822353319e-07
115868.52262401632; 3.53158647783324e-07
116006.98804527086; 3.70889111804414e-07
116145.45346652540; 3.48761196820486e-07
116283.91888777995; 3.42120215149833e-07
116422.38430903449; 3.50604056795897e-07
116560.84973028903; 3.46163971197911e-07
116699.31515154357; 3.62373495340502e-07
116837.78057279812; 3.49005036073834e-07
116976.24599405266; 3.36134563517311e-07
117114.71141530720; 3.33736347374740e-07
117253.17683656175; 3.27323862522983e-07
117391.64225781627; 3.31085991855354e-07
117530.10767907082; 3.43731049923299e-07
117668.57310032536; 3.39621000206078e-07
117807.03852157990; 3.18655804664894e-07
117945.50394283445; 3.31391126634323e-07
118083.96936408899; 3.22631908440395e-07
118222.43478534353; 3.24063387709312e-07
118360.90020659807; 3.50729119599327e-07
118499.36562785262; 3.25431587309559e-07
118637.83104910716; 3.20538067955650e-07
118776.29647036170; 3.16510051718985e-07
118914.76189161625; 3.34807723724244e-07
119053.22731287079; 3.21148210463047e-07
119191.69273412533; 3.43212390258411e-07
119330.15815537986; 3.20078810118587e-07
119468.62357663440; 3.11430263610977e-07
119607.08899788895; 3.24559223679824e-07
119745.55441914349; 3.17613358729352e-07
119884.01984039803; 3.32491335222995e-07
120022.48526165257; 3.32859046378850e-07
120160.95068290712; 3.17585283992233e-07
120299.41610416166; 3.25537810689091e-07
120437.88152541620; 3.12230143799814e-07
120576.34694667075; 3.21463013349012e-07
120714.81236792529; 3.18920250376223e-07
120853.27778917983; 3.34725700103515e-07
120991.74321043438; 3.16418266531924e-07
121130.20863168890; 2.90179183703502e-07
121268.67405294345; 3.03875958639837e-07
121407.13947419799; 3.33545185514031e-07
121545.60489545253; 3.24349053864314e-07
121684.07031670708; 3.24217277762492e-07
121822.53573796162; 3.26798595094912e-07
121961.00115921616; 3.01846113322992e-07
122099.46658047070; 3.11789752704317e-07
122237.93200172525; 3.14846056557199e-07
122376.39742297979; 3.04997717803721e-07
122514.86284423433; 3.21046507835492e-07
122653.32826548888; 3.31565720218263e-07
122791.79368674342; 3.10803652962624e-07
122930.25910799796; 3.08570700460572e-07
123068.72452925249; 3.08407596690076e-07
123207.18995050703; 3.18594036029560e-07
123345.65537176158; 3.06081068140518e-07
123484.12079301612; 3.26787239250018e-07
123622.58621427066; 3.27664834261793e-07
123761.05163552520; 3.08683145627277e-07
123899.51705677975; 2.96652882643900e-07
124037.98247803429; 2.92000918460144e-07
124176.44789928883; 3.12240750314620e-07
124314.91332054338; 3.07874961912995e-07
124453.37874179792; 3.26827043905181e-07
124591.84416305246; 3.05408703299601e-07
124730.30958430700; 3.01426093420578e-07
124868.77500556155; 2.98983485025007e-07
125007.24042681608; 2.98911365743017e-07
125145.70584807062; 3.12254394594381e-07
125284.17126932516; 2.98850832738637e-07
125422.63669057970; 3.15767473341706e-07
125561.10211183425; 3.05454922474899e-07
125699.56753308879; 2.98386943348407e-07
125838.03295434333; 2.97190674722988e-07
125976.49837559788; 3.01969988375924e-07
126114.96379685242; 3.03922937188821e-07
126253.42921810696; 2.96575252194119e-07
126391.89463936150; 3.16121975406053e-07
126530.36006061605; 2.93146891965807e-07
126668.82548187059; 2.95493220572784e-07
126807.29090312513; 2.34067313343787e-07
126945.75632437966; 3.30400899203030e-07
127084.22174563420; 3.09591544080446e-07
127222.68716688875; 3.05726473623136e-07
127361.15258814329; 3.00837597373404e-07
127499.61800939783; 2.83439810334818e-07
127638.08343065238; 2.96317475684489e-07
127776.54885190692; 2.90127840616929e-07
127915.01427316146; 2.95017343547078e-07
128053.47969441600; 3.11162398759755e-07
128191.94511567055; 2.77399063737099e-07
128330.41053692509; 2.89900201903642e-07
128468.87595817963; 2.82648889717802e-07
128607.34137943418; 2.91324809814871e-07
128745.80680068872; 2.99751695246466e-07
128884.27222194325; 3.13901085154870e-07
129022.73764319779; 2.75697289177044e-07
129161.20306445233; 2.75065674778514e-07
129299.66848570688; 2.87980280404823e-07
129438.13390696142; 2.77761838223867e-07
129576.59932821596; 2.92304846015003e-07
129715.06474947050; 2.82170414893772e-07
129853.53017072505; 3.08805447417249e-07
129991.99559197959; 2.74223156448881e-07
130130.46101323413; 2.75036435013825e-07
130268.92643448868; 2.87486510628195e-07
130407.39185574322; 2.79199029271148e-07
130545.85727699776; 2.85529760768487e-07
130684.32269825230; 2.95054476898827e-07
130822.78811950683; 2.82651270302644e-07
130961.25354076138; 2.74675145900854e-07
131099.71896201590; 2.75729954851692e-07
131238.18438327045; 2.82063060608376e-07
131376.64980452499; 2.75815818543100e-07
131515.11522577953; 3.04903544171467e-07
131653.58064703408; 2.64199208536220e-07
131792.04606828862; 2.82429167429977e-07
131930.51148954316; 2.69624346208976e-07
132068.97691079770; 2.70872576160193e-07
132207.44233205225; 2.78650342221289e-07
132345.90775330679; 2.93027104619864e-07
132484.37317456133; 2.33167333399679e-07
132622.83859581588; 2.98091253497197e-07
132761.30401707042; 2.74945189808891e-07
132899.76943832496; 2.66914770170703e-07
133038.23485957950; 2.72028403614613e-07
133176.70028083405; 2.80375953489909e-07
133315.16570208859; 2.88155099992061e-07
133453.63112334313; 2.65691653514958e-07
133592.09654459765; 2.61068367242472e-07
133730.56196585219; 2.68390818336304e-07
133869.02738710673; 2.63523748494937e-07
134007.49280836128; 2.67624219766539e-07
134145.95822961582; 2.73627935832256e-07
134284.42365087036; 2.82983888511781e-07
134422.88907212490; 2.58958462654201e-07
134561.35449337945; 2.58066740220604e-07
134699.81991463399; 2.70521321764827e-07
134838.28533588853; 2.56567551662391e-07
134976.75075714308; 2.56853107173166e-07
135115.21617839762; 2.80376389122037e-07
135253.68159965216; 2.54066341952411e-07
135392.14702090670; 2.65668844671566e-07
135530.61244216125; 2.51533595578198e-07
135669.07786341579; 2.69347418104932e-07
135807.54328467033; 2.61724828649982e-07
135946.00870592488; 2.75456115853121e-07
136084.47412717942; 2.54887382708286e-07
136222.93954843396; 2.57943416067021e-07
136361.40496968850; 2.65202000538330e-07
136499.87039094305; 2.56193703153881e-07
136638.33581219759; 2.63126797221819e-07
136776.80123345213; 2.81233694776570e-07
136915.26665470668; 3.04846361464496e-07
137053.73207596122; 3.35018201600319e-07
137192.19749721576; 3.29549140698835e-07
137330.66291847031; 3.35730378761065e-07
137469.12833972482; 3.12598512294346e-07
137607.59376097936; 3.38551744572130e-07
137746.05918223390; 3.28729481412149e-07
137884.52460348845; 3.24469582696646e-07
138022.99002474299; 3.37711987418087e-07
138161.45544599753; 2.66987329982584e-07
138299.92086725208; 3.77397122845857e-07
138438.38628850662; 3.31122678812397e-07
138576.85170976116; 3.41434959119667e-07
138715.31713101570; 3.23202866958257e-07
138853.78255227025; 3.31727112717609e-07
138992.24797352479; 3.22834495978179e-07
139130.71339477933; 3.27645128745947e-07
139269.17881603388; 3.36123959279669e-07
139407.64423728842; 3.21922521136630e-07
139546.10965854296; 3.27665117162982e-07
139684.57507979751; 3.30815538818922e-07
139823.04050105205; 3.30930353582549e-07
139961.50592230659; 3.17578432210738e-07
140099.97134356113; 3.18658361686956e-07
140238.43676481568; 3.27977558859333e-07
140376.90218607022; 3.13047729990632e-07
140515.36760732476; 3.21474481722834e-07
140653.83302857931; 3.15006363722972e-07
140792.29844983385; 3.27893488116162e-07
140930.76387108839; 3.11964407007402e-07
141069.22929234293; 3.12648603215799e-07
141207.69471359748; 3.24753906621304e-07
141346.16013485199; 3.11787521192224e-07
141484.62555610653; 3.18915479797586e-07
141623.09097736108; 3.05044608693806e-07
141761.55639861562; 3.28003020280134e-07
141900.02181987016; 3.05794535006274e-07
142038.48724112471; 3.05841303233347e-07
142176.95266237925; 3.20994295627417e-07
142315.41808363379; 3.14004451012432e-07
142453.88350488833; 3.16421189096404e-07
142592.34892614288; 3.08078951302482e-07
142730.81434739742; 3.13995249927581e-07
142869.27976865196; 3.14689971837648e-07
143007.74518990651; 3.05964368449548e-07
143146.21061116105; 3.12262670938365e-07
143284.67603241559; 3.08932241042959e-07
143423.14145367013; 3.20927745483508e-07
143561.60687492468; 2.73031098872715e-07
143700.07229617922; 3.23462253707340e-07
143838.53771743376; 3.03684958990581e-07
143977.00313868831; 2.39740797949827e-07
144115.46855994285; 3.64222689919561e-07
144253.93398119739; 3.04490742282072e-07
144392.39940245193; 3.10951199453872e-07
144530.86482370648; 3.05504698811274e-07
144669.33024496102; 3.09493992332706e-07
144807.79566621556; 2.96869116434539e-07
144946.26108747011; 2.96495140620329e-07
145084.72650872462; 3.11990690806133e-07
145223.19192997916; 2.95769357811310e-07
145361.65735123371; 3.08625943378356e-07
145500.12277248825; 2.95412349377086e-07
145638.58819374279; 3.12972805418659e-07
145777.05361499733; 2.94667891274501e-07
145915.51903625188; 3.00070980382912e-07
146053.98445750642; 3.06329082786365e-07
146192.44987876096; 3.01377291294598e-07
146330.91530001551; 3.01516245354958e-07
146469.38072127005; 2.99484511292030e-07
146607.84614252459; 3.04074574514100e-07
146746.31156377913; 2.95205465393147e-07
146884.77698503368; 2.99984090290858e-07
147023.24240628822; 3.03623308200150e-07
147161.70782754276; 2.91680483805016e-07
147300.17324879731; 3.05620640493758e-07
147438.63867005185; 2.91052615489081e-07
147577.10409130639; 2.99834480339093e-07
147715.56951256093; 2.85245705728117e-07
147854.03493381548; 2.98396917058523e-07
147992.50035507002; 2.98072709519754e-07
148130.96577632456; 2.85102384707123e-07
148269.43119757911; 3.01438876604448e-07
148407.89661883365; 2.95610126838880e-07
148546.36204008819; 2.99976484790660e-07
148684.82746134273; 2.88818698525542e-07
148823.29288259728; 2.95830501063574e-07
148961.75830385179; 2.93335449248939e-07
149100.22372510633; 2.83636707019097e-07
149238.68914636088; 2.98158001260686e-07
149377.15456761542; 2.83915414915590e-07
149515.61998886996; 2.95932731603994e-07
149654.08541012451; 2.81601545266436e-07
149792.55083137905; 2.32444257598232e-07
149931.01625263359; 3.30985450660890e-07
150069.48167388813; 2.98397108944787e-07
150207.94709514268; 2.94702339421234e-07
150346.41251639722; 2.84165858956141e-07
150484.87793765176; 2.93652357691469e-07
150623.34335890631; 2.90229674371174e-07
150761.80878016085; 2.90958458018122e-07
150900.27420141539; 2.82061644343509e-07
151038.73962266993; 2.84804158781488e-07
151177.20504392448; 2.97387183278681e-07
151315.67046517902; 2.86441218819167e-07
151454.13588643356; 2.96170272592328e-07
151592.60130768811; 2.55374420007906e-07
151731.06672894265; 3.09568800018326e-07
151869.53215019719; 2.81914364274601e-07
152007.99757145173; 2.76920572131001e-07
152146.46299270628; 2.88291996256751e-07
152284.92841396082; 2.78133451820347e-07
152423.39383521536; 2.85529126662791e-07
152561.85925646991; 2.72071863439649e-07
152700.32467772445; 2.83095789843497e-07
152838.79009897896; 2.76918948599104e-07
152977.25552023351; 2.74233261630456e-07
153115.72094148805; 2.84119092244023e-07
153254.18636274259; 2.80554753800030e-07
153392.65178399713; 2.83589170663037e-07
153531.11720525168; 2.72230245569810e-07
153669.58262650622; 2.82920837747474e-07
153808.04804776076; 2.76450515496756e-07
153946.51346901531; 2.71217908085490e-07
154084.97889026985; 2.79656183095854e-07
154223.44431152439; 2.70909939683936e-07
154361.90973277893; 2.92200661185550e-07
154500.37515403348; 2.68134081573176e-07
154638.84057528802; 2.85542341447537e-07
154777.30599654256; 2.67738218609437e-07
154915.77141779711; 2.75106661488132e-07
155054.23683905165; 2.75881004057559e-07
155192.70226030619; 2.62740976728069e-07
155331.16768156074; 2.78265920126741e-07
155469.63310281528; 2.70691898917995e-07
155608.09852406982; 2.77962491318051e-07
155746.56394532436; 2.66974536401519e-07
155885.02936657891; 2.18248085970278e-07
156023.49478783345; 3.26017848110016e-07
156161.96020908799; 2.71134117846417e-07
156300.42563034254; 2.75347009433576e-07
156438.89105159708; 2.64795882792407e-07
156577.35647285159; 2.78290950494058e-07
156715.82189410614; 2.57895316269158e-07
156854.28731536068; 2.61181162064404e-07
156992.75273661522; 2.71273400076390e-07
157131.21815786976; 2.67479922344030e-07
157269.68357912431; 2.77026653068095e-07
157408.14900037885; 2.62502900231838e-07
157546.61442163339; 2.70219014108529e-07
157685.07984288794; 2.63637778334372e-07
157823.54526414248; 2.63909295748746e-07
157962.01068539702; 2.69537162100380e-07
158100.47610665156; 2.59423866682683e-07
158238.94152790611; 2.71844383184465e-07
158377.40694916065; 2.64560553854789e-07
158515.87237041519; 2.68299856740105e-07
158654.33779166974; 2.57821660528143e-07
158792.80321292428; 2.55436924836476e-07
158931.26863417882; 2.70250659394470e-07
159069.73405543336; 2.87024384164628e-07
159208.19947668791; 3.00477571778818e-07
159346.66489794245; 2.98149193042112e-07
159485.13031919699; 3.01968546553634e-07
159623.59574045154; 2.85011181438686e-07
159762.06116170608; 3.01988816107442e-07
159900.52658296062; 2.99300403100108e-07
160038.99200421516; 2.88913405122282e-07
160177.45742546971; 3.02926916039213e-07
160315.92284672425; 2.87844303511943e-07
160454.38826797876; 3.11704473419967e-07
160592.85368923331; 2.89124410297347e-07
160731.31911048785; 3.02259073691308e-07
160869.78453174239; 2.85322377468300e-07
161008.24995299694; 2.89121763116819e-07
161146.71537425148; 2.94879039325547e-07
161285.18079550602; 2.66589609173555e-07
161423.64621676056; 2.76957100526689e-07
161562.11163801511; 2.75544202005388e-07
161700.57705926965; 2.78576944892588e-07
161839.04248052419; 2.65388652331411e-07
161977.50790177874; 1.80680056457599e-07
162115.97332303328; 3.62726155020534e-07
162254.43874428782; 2.70325676047345e-07
162392.90416554236; 2.76550646541641e-07
162531.36958679691; 2.67716291504374e-07
162669.83500805145; 2.92334267252447e-07
162808.30042930599; 2.66287188234753e-07
162946.76585056054; 2.65934973826080e-07
163085.23127181508; 2.80973703617627e-07
163223.69669306962; 2.79223493505717e-07
163362.16211432416; 2.82937730132437e-07
163500.62753557871; 2.69096881910484e-07
163639.09295683325; 2.82549877683308e-07
163777.55837808779; 2.74039909351628e-07
163916.02379934234; 2.67614842524347e-07
164054.48922059688; 2.79929471595908e-07
164192.95464185142; 2.66250089436878e-07
164331.42006310594; 2.89212901429380e-07
164469.88548436048; 2.65292410392673e-07
164608.35090561502; 2.79162987365911e-07
164746.81632686956; 2.69152761602287e-07
164885.28174812411; 2.79713261740274e-07
165023.74716937865; 2.81156646687217e-07
165162.21259063319; 2.65696910677941e-07
165300.67801188774; 2.73920522720598e-07
165439.14343314228; 2.94243807832273e-07
165577.60885439682; 4.40967417244995e-07
165716.07427565136; 4.30529841769211e-07
165854.53969690591; 4.31462045326163e-07
165993.00511816045; 4.40710339746771e-07
166131.47053941499; 4.28987907098153e-07
166269.93596066954; 4.40892847468212e-07
166408.40138192408; 4.25443681858558e-07
166546.86680317862; 4.38557230448125e-07
166685.33222443316; 4.09609340748094e-07
166823.79764568771; 4.27620209633196e-07
166962.26306694225; 4.38551537799727e-07
167100.72848819679; 4.27209227054696e-07
167239.19390945134; 4.38768755290259e-07
167377.65933070588; 4.27418846037823e-07
167516.12475196042; 4.36951224926373e-07
167654.59017321497; 4.24461989312155e-07
167793.05559446951; 4.23265444040653e-07
167931.52101572405; 4.34853336889793e-07
168069.98643697856; 4.03604489003842e-07
168208.45185823311; 2.93667052880849e-07
168346.91727948765; 5.36666894431619e-07
168485.38270074219; 4.38534483882413e-07
168623.84812199674; 4.17053375227758e-07
168762.31354325128; 4.18002770015671e-07
168900.77896450582; 4.29190002186711e-07
169039.24438576036; 4.15902264450214e-07
169177.70980701491; 4.28763219031629e-07
169316.17522826945; 4.15189516625547e-07
169454.64064952399; 4.11022066081410e-07
169593.10607077854; 4.15846527011786e-07
169731.57149203308; 4.15442711047443e-07
169870.03691328762; 4.27103559208136e-07
170008.50233454217; 4.14831494270523e-07
170146.96775579671; 4.28203897925090e-07
170285.43317705125; 4.15931893093843e-07
170423.89859830579; 4.26529999399545e-07
170562.36401956034; 4.14737705220616e-07
170700.82944081488; 4.28842702744678e-07
170839.29486206942; 3.97830439335693e-07
170977.76028332397; 4.15115661621015e-07
171116.22570457851; 4.26392930379874e-07
171254.69112583305; 4.12315519532983e-07
171393.15654708759; 4.26268204867957e-07
171531.62196834214; 4.10996522542305e-07
171670.08738959668; 4.19594517066549e-07
171808.55281085122; 4.07444217711604e-07
171947.01823210574; 4.05069290289169e-07
172085.48365336028; 4.16922319970382e-07
172223.94907461482; 3.85223912561364e-07
172362.41449586937; 4.16296786982175e-07
172500.87991712391; 4.03489187451601e-07
172639.34533837845; 4.15658971458388e-07
172777.81075963299; 4.01369379175866e-07
172916.27618088754; 4.00012673259617e-07
173054.74160214208; 4.13924938085056e-07
173193.20702339662; 3.98223430619411e-07
173331.67244465117; 4.10428041965729e-07
173470.13786590571; 3.97303162836583e-07
173608.60328716025; 4.09273326180826e-07
173747.06870841479; 3.78699619738678e-07
173885.53412966934; 3.96503235874002e-07
174023.99955092388; 4.09083258084740e-07
174162.46497217842; 3.95845463652907e-07
174300.93039343297; 4.04854298401775e-07
174439.39581468751; 3.94110368188853e-07
174577.86123594205; 2.94606105273960e-07
174716.32665719659; 4.73072049629043e-07
174854.79207845114; 4.21607281530773e-07
174993.25749970568; 4.12579265580443e-07
175131.72292096022; 3.81342556855852e-07
175270.18834221477; 4.09474827368536e-07
175408.65376346931; 3.94892540939192e-07
175547.11918472385; 4.08693362957157e-07
175685.58460597839; 3.98576024371362e-07
175824.05002723291; 3.98326817329162e-07
175962.51544848745; 4.09855157341168e-07
176100.98086974199; 3.98766907357442e-07
176239.44629099654; 4.11183691992374e-07
176377.91171225108; 3.98801613322607e-07
176516.37713350562; 3.93892946706327e-07
176654.84255476017; 3.96987483732046e-07
176793.30797601471; 3.96329680071980e-07
176931.77339726925; 4.09041201854849e-07
177070.23881852379; 3.96447252178246e-07
177208.70423977834; 4.07492836658798e-07
177347.16966103288; 3.92814012540908e-07
177485.63508228742; 3.98480930820977e-07
177624.10050354197; 3.86769170816923e-07
177762.56592479651; 3.86861750136478e-07
177901.03134605105; 3.83274146012262e-07
178039.49676730559; 3.86655235070998e-07
178177.96218856014; 3.99546125703319e-07
178316.42760981468; 3.87131986699455e-07
178454.89303106922; 4.01097039164344e-07
178593.35845232377; 3.90731267665225e-07
178731.82387357831; 3.93087553569371e-07
178870.28929483285; 4.05158360909181e-07
179008.75471608739; 3.90907118847810e-07
179147.22013734194; 4.04430585381670e-07
179285.68555859648; 3.72347615382724e-07
179424.15097985102; 4.04503967104099e-07
179562.61640110554; 3.92948271972850e-07
179701.08182236008; 3.94989076835573e-07
179839.54724361462; 4.09133124229802e-07
179978.01266486917; 3.97855532405788e-07
180116.47808612371; 4.13783383047075e-07
180254.94350737825; 4.00397044322106e-07
180393.40892863279; 4.15133967854936e-07
180531.87434988734; 3.99740087120435e-07
180670.33977114188; 3.93024909869018e-07
180808.80519239642; 3.97166416973662e-07
180947.27061365097; 3.95487695764653e-07
181085.73603490551; 4.07436743445788e-07
181224.20145616005; 2.46697855399180e-07
181362.66687741459; 5.18331913277441e-07
181501.13229866914; 4.00724746360421e-07
181639.59771992368; 4.08833726715551e-07
181778.06314117822; 3.91365024197753e-07
181916.52856243277; 3.88502466693191e-07
182054.99398368731; 3.85549170038842e-07
182193.45940494185; 3.89030875489371e-07
182331.92482619639; 4.03376032381892e-07
182470.39024745094; 3.88698045904875e-07
182608.85566870548; 4.01425749333086e-07
182747.32108996002; 3.88621319920753e-07
182885.78651121457; 3.88439597077968e-07
183024.25193246911; 4.00642496797472e-07
183162.71735372365; 3.86491852835629e-07
183301.18277497820; 4.00086202346073e-07
183439.64819623271; 3.88983860803620e-07
183578.11361748725; 3.80962014398641e-07
183716.57903874179; 3.83345940990309e-07
183855.04445999634; 3.84178745972108e-07
183993.50988125088; 3.99641890044115e-07
184131.97530250542; 3.84231381675400e-07
184270.44072375997; 3.96742935700820e-07
184408.90614501451; 3.82184905773115e-07
184547.37156626905; 3.97823150101879e-07
184685.83698752359; 3.82398662379154e-07
184824.30240877814; 3.82167770859389e-07
184962.76783003268; 3.76966619008157e-07
185101.23325128722; 3.78561795516209e-07
185239.69867254177; 3.92452512086213e-07
185378.16409379631; 3.77814965432711e-07
185516.62951505085; 3.92568817498680e-07
185655.09493630540; 3.79517423925717e-07
185793.56035755994; 3.81091162122603e-07
185932.02577881448; 3.97624994333068e-07
186070.49120006902; 3.82235613615791e-07
186208.95662132357; 3.94496996812822e-07
186347.42204257811; 3.63139968972926e-07
186485.88746383265; 3.97217120972687e-07
186624.35288508720; 3.83024321809228e-07
186762.81830634174; 3.80527106601495e-07
186901.28372759628; 3.95576173631280e-07
187039.74914885082; 3.80782418769944e-07
187178.21457010537; 3.91876795301486e-07
187316.67999135988; 3.77221426246986e-07
187455.14541261442; 3.92497593682249e-07
187593.61083386897; 3.78691599576633e-07
187732.07625512351; 3.60927917368817e-07
187870.54167637805; 3.79073534906402e-07
188009.00709763260; 2.96180324179763e-07
188147.47251888714; 4.62653103778032e-07
188285.93794014168; 3.80169224346013e-07
188424.40336139622; 3.91159040356734e-07
188562.86878265077; 3.79043605352010e-07
188701.33420390531; 3.78488499456584e-07
188839.79962515985; 3.94655641888154e-07
188978.26504641440; 3.81295291127840e-07
189116.73046766894; 3.76650701931785e-07
189255.19588892348; 3.82219145489348e-07
189393.66131017802; 3.93569490154436e-07
189532.12673143257; 3.84302251868444e-07
189670.59215268711; 3.82846635979945e-07
189809.05757394165; 3.96178245135268e-07
189947.52299519620; 3.81346429306998e-07
190085.98841645074; 3.95831480101580e-07
190224.45383770528; 3.80784302583835e-07
190362.91925895982; 3.94689372588732e-07
190501.38468021437; 3.60398615229956e-07
190639.85010146891; 3.78519357980725e-07
190778.31552272345; 4.04625687712678e-07
190916.78094397800; 9.60259983294684e-08
191055.24636523251; 9.71117404313400e-08
191193.71178648705; 9.85172155151283e-08
191332.17720774160; 9.98507329503584e-08
191470.64262899614; 1.00450527465057e-07
191609.10805025068; 9.90834637436484e-08
191747.57347150522; 9.93135568213433e-08
191886.03889275977; 9.70852579400972e-08
192024.50431401431; 9.81853684940800e-08
192162.96973526885; 9.82585260141333e-08
192301.43515652340; 9.66335939792551e-08
192439.90057777794; 9.66944020715767e-08
192578.36599903248; 9.48890613371184e-08
192716.83142028702; 9.46703487238583e-08
192855.29684154157; 9.54122786336867e-08
192993.76226279611; 9.25333454534500e-08
193132.22768405065; 9.21862037443634e-08
193270.69310530520; 8.93790855311100e-08
193409.15852655974; 6.18047997641629e-08
193547.62394781428; 7.60015877570317e-08
193686.08936906882; 7.88805922294617e-08
193824.55479032337; 7.71023110321734e-08
193963.02021157791; 7.74180719729950e-08
194101.48563283245; 7.70586972724334e-08
194239.95105408700; 8.08231307970650e-08
194378.41647534154; 7.86886338686500e-08
194516.88189659608; 7.87590939936250e-08
194655.34731785062; 7.77534362732817e-08
194793.81273910517; 7.70849416790886e-08
194932.27816035968; 7.83147383060083e-08
195070.74358161422; 7.81492283539850e-08
195209.20900286877; 7.85244820867384e-08
195347.67442412331; 7.82466318592450e-08
195486.13984537785; 7.88946515876967e-08
195624.60526663240; 7.73037113719900e-08
195763.07068788694; 7.64892775791167e-08
195901.53610914148; 7.51261828524834e-08
196040.00153039602; 7.32535109599266e-08
196178.46695165057; 7.41564153289715e-08
196316.93237290511; 7.40720039932900e-08
196455.39779415965; 7.21993444444600e-08
196593.86321541420; 7.32495593534284e-08
196732.32863666874; 7.29485815905717e-08
196870.79405792328; 7.25439759017934e-08
197009.25947917782; 7.29324252421834e-08
197147.72490043237; 7.36232438144034e-08
197286.19032168691; 7.29654397540267e-08
197424.65574294145; 7.59857795982500e-08
197563.12116419600; 7.47314953247715e-08
197701.58658545054; 7.44008960744650e-08
197840.05200670508; 7.36446508222134e-08
197978.51742795962; 7.34563422599351e-08
198116.98284921417; 7.44795651352467e-08
198255.44827046871; 7.53122296338184e-08
198393.91369172325; 7.45675197886917e-08
198532.37911297780; 7.43523836197034e-08
198670.84453423234; 7.39348164884934e-08
198809.30995548685; 7.40060575262650e-08
198947.77537674140; 7.42123133155858e-08
199086.24079799594; 7.25764222269634e-08
199224.70621925048; 7.49294440591650e-08
199363.17164050502; 7.45414605128484e-08
199501.63706175957; 7.45359399861600e-08
199640.10248301411; 7.47754230670383e-08
199778.56790426865; 7.34763943017067e-08
199917.03332552320; 7.48734399519934e-08
200055.49874677774; 7.44087132912733e-08
200193.96416803228; 7.31332965031134e-08
200332.42958928682; 7.43274912322243e-08
200470.89501054137; 7.38419987203617e-08
200609.36043179591; 7.43411253674567e-08
200747.82585305045; 7.57624280450367e-08
200886.29127430500; 7.55837023199833e-08
201024.75669555954; 7.60745208903117e-08
201163.22211681408; 7.57185050689066e-08
201301.68753806863; 7.24024191286350e-08
201440.15295932317; 7.24753801334350e-08
201578.61838057771; 7.12643617811933e-08
201717.08380183225; 6.98951624477200e-08
201855.54922308680; 6.98046299647600e-08
201994.01464434134; 6.86739067533650e-08
202132.48006559588; 7.06631863867250e-08
202270.94548685043; 7.02871942127417e-08
202409.41090810497; 7.02780945036550e-08
202547.87632935948; 7.00506908102600e-08
202686.34175061402; 7.00183807651650e-08
202824.80717186857; 7.12696423510317e-08
202963.27259312311; 7.09531112708800e-08
203101.73801437765; 7.13169000317167e-08
203240.20343563220; 7.04409746474100e-08
203378.66885688674; 7.25800538514500e-08
203517.13427814128; 7.21916180091134e-08
203655.59969939583; 7.22739665887534e-08
203794.06512065037; 7.06712634555051e-08
203932.53054190491; 7.03398562189250e-08
204070.99596315945; 7.06019527336834e-08
204209.46138441400; 7.05683422185134e-08
204347.92680566854; 7.17967021806934e-08
204486.39222692308; 7.31726879336683e-08
204624.85764817763; 7.26982034161815e-08
204763.32306943217; 7.38970078274533e-08
204901.78849068671; 7.34229160263134e-08
205040.25391194125; 6.94782100309134e-08
205178.71933319580; 7.35142607731617e-08
205317.18475445034; 7.39038496007600e-08
205455.65017570488; 7.55257437907834e-08
205594.11559695943; 7.46551734551334e-08
205732.58101821397; 7.18494221838617e-08
205871.04643946851; 7.06436296485434e-08
206009.51186072305; 7.05936703590514e-08
206147.97728197760; 7.27213842893450e-08
206286.44270323214; 7.36839908454250e-08
206424.90812448665; 7.66338219501634e-08
206563.37354574120; 7.56411146031184e-08
206701.83896699574; 7.88569473328601e-08
206840.30438825028; 7.88410473794201e-08
206978.76980950483; 8.03076137017434e-08
207117.23523075937; 8.08403749912550e-08
207255.70065201391; 8.10036954379917e-08
207394.16607326845; 7.98193005904643e-08
207532.63149452300; 7.90199674112550e-08
207671.09691577754; 8.14493045941017e-08
207809.56233703208; 8.31487033772884e-08
207948.02775828663; 8.31567218790701e-08
208086.49317954117; 8.29444898263317e-08
208224.95860079571; 8.51719630794101e-08
208363.42402205025; 8.36167564423500e-08
208501.88944330480; 8.35727560573684e-08
208640.35486455934; 8.05670862151250e-08
208778.82028581388; 7.62303805902572e-08
208917.28570706843; 7.47729891178917e-08
209055.75112832297; 7.43892754424550e-08
209194.21654957751; 7.55915956536950e-08
209332.68197083205; 7.49523824954333e-08
209471.14739208660; 7.67235256681867e-08
209609.61281334114; 7.68327825392334e-08
209748.07823459568; 7.84514633080201e-08
209886.54365585023; 7.86948124713617e-08
210025.00907710477; 7.69220710831517e-08
210163.47449835931; 7.58380911106629e-08
210301.93991961383; 7.61474672577317e-08
210440.40534086837; 7.77935178073234e-08
210578.87076212291; 7.86554776811200e-08
210717.33618337745; 7.95293498785434e-08
210855.80160463200; 8.05019311559067e-08
210994.26702588654; 8.11550473478067e-08
211132.73244714108; 7.91031557489033e-08
211271.19786839563; 7.97509170799417e-08
211409.66328965017; 7.85082166606667e-08
211548.12871090471; 8.00567112888214e-08
211686.59413215925; 7.83835460437167e-08
211825.05955341380; 8.05045468670767e-08
211963.52497466834; 8.01610579046133e-08
212101.99039592288; 7.71956045668650e-08
212240.45581717743; 7.75480830692467e-08
212378.92123843197; 7.87107064191684e-08
212517.38665968651; 7.96725447879083e-08
212655.85208094105; 8.25797752180367e-08
212794.31750219560; 7.84257293747800e-08
212932.78292345014; 8.20550897218234e-08
213071.24834470468; 7.96799415814843e-08
213209.71376595923; 7.92546876180600e-08
213348.17918721377; 7.77128717430383e-08
213486.64460846831; 7.79048985243467e-08
213625.11002972285; 7.55897984551667e-08
213763.57545097740; 7.79431872804050e-08
213902.04087223194; 7.76696796479167e-08
214040.50629348645; 7.64678552236983e-08
214178.97171474100; 7.72586911937816e-08
214317.43713599554; 7.49044500082417e-08
214455.90255725008; 7.81447596941928e-08
214594.36797850463; 7.96331184392367e-08
214732.83339975917; 8.35391094897667e-08
214871.29882101371; 8.34424449101734e-08
215009.76424226825; 8.06040848190933e-08
215148.22966352280; 8.21623313130000e-08
215286.69508477734; 8.13577797589150e-08
215425.16050603188; 8.33696367973017e-08
215563.62592728643; 8.31253687732383e-08
215702.09134854097; 8.34687335371067e-08
215840.55676979551; 7.93379779228515e-08
215979.02219105005; 8.06384579618867e-08
216117.48761230460; 8.05087375466800e-08
216255.95303355914; 7.92762143640617e-08
216394.41845481368; 8.18754463796083e-08
216532.88387606823; 8.34662391942700e-08
216671.34929732277; 8.31314940835800e-08
216809.81471857731; 8.47210848278067e-08
216948.28013983186; 8.45257867995217e-08
217086.74556108640; 8.49847638685534e-08
217225.21098234094; 8.58242182796672e-08
217363.67640359548; 8.28953723772933e-08
217502.14182485003; 8.16112850556434e-08
217640.60724610457; 8.08742774720934e-08
217779.07266735911; 8.21700184173584e-08
217917.53808861363; 8.04147728627234e-08
218056.00350986817; 8.16063474524100e-08
218194.46893112271; 8.31553786618800e-08
218332.93435237725; 8.22161734163217e-08
218471.39977363180; 8.05044179753917e-08
218609.86519488634; 7.92785207439314e-08
218748.33061614088; 7.87253388979517e-08
218886.79603739543; 7.79554935401300e-08
219025.26145864997; 7.52641053909150e-08
219163.72687990451; 7.76111443170184e-08
219302.19230115906; 7.93463633062101e-08
219440.65772241360; 7.71222318117167e-08
219579.12314366814; 8.20212157853384e-08
219717.58856492268; 8.06322490801884e-08
219856.05398617723; 8.04176781863067e-08
219994.51940743177; 8.08141913697086e-08
220132.98482868631; 8.01863012697567e-08
220271.45024994086; 8.07329427997634e-08
220409.91567119540; 8.29742912369734e-08
220548.38109244994; 8.20875727325734e-08
220686.84651370448; 8.40921587961584e-08
220825.31193495903; 8.57369066821067e-08
220963.77735621357; 8.87656043317284e-08
221102.24277746811; 8.66956464817984e-08
221240.70819872266; 8.95210577364584e-08
221379.17361997720; 8.77381844845851e-08
221517.63904123174; 8.80292510548743e-08
221656.10446248628; 8.62602614542901e-08
221794.56988374080; 8.30342959038567e-08
221933.03530499534; 8.34879896937884e-08
222071.50072624988; 8.32474429075434e-08
222209.96614750443; 8.20189020341233e-08
222348.43156875897; 8.20383692241534e-08
222486.89699001351; 8.14242875239667e-08
222625.36241126806; 8.12980091695300e-08
222763.82783252260; 7.95494436162884e-08
222902.29325377714; 7.63985096032086e-08
223040.75867503168; 7.53567683403150e-08
223179.22409628623; 7.18185401242450e-08
223317.68951754077; 7.28484467787334e-08
223456.15493879531; 7.41781768819617e-08
223594.62036004986; 7.31954808376334e-08
223733.08578130440; 7.27250185399734e-08
223871.55120255894; 7.45008686930900e-08
224010.01662381348; 7.43647706299283e-08
224148.48204506803; 7.58500696095117e-08
224286.94746632257; 7.77811781715601e-08
224425.41288757711; 8.01394293570133e-08
224563.87830883166; 7.88191538284084e-08
224702.34373008620; 7.66645962411450e-08
224840.80915134074; 7.81497895554417e-08
224979.27457259528; 7.78996091596351e-08
225117.73999384983; 7.84148195723267e-08
225256.20541510437; 8.01314744818184e-08
225394.67083635891; 8.03988253477267e-08
225533.13625761346; 8.30696949416250e-08
225671.60167886797; 8.33009944604786e-08
225810.06710012251; 8.20826123647117e-08
225948.53252137706; 8.08822001067250e-08
226086.99794263160; 7.99250527206000e-08
226225.46336388614; 7.85274876963283e-08
226363.92878514068; 8.09949872231117e-08
226502.39420639523; 8.24207606367784e-08
226640.85962764977; 8.28860250919684e-08
226779.32504890431; 8.14195679009767e-08
226917.79047015886; 7.96644577207867e-08
227056.25589141340; 7.99091033627529e-08
227194.72131266794; 8.01524786259783e-08
227333.18673392248; 7.99344832896550e-08
227471.65215517703; 7.85166754138584e-08
227610.11757643157; 7.70706487021867e-08
227748.58299768611; 7.81872400350484e-08
227887.04841894066; 7.78413102202200e-08
228025.51384019520; 8.00316248574800e-08
228163.97926144974; 7.81826261424601e-08
228302.44468270428; 7.88306346259051e-08
228440.91010395883; 7.87940772538186e-08
228579.37552521337; 7.86175547964250e-08
228717.84094646791; 7.80419276486017e-08
228856.30636772246; 7.70195473273450e-08
228994.77178897700; 7.73842213953733e-08
229133.23721023154; 7.85899215769334e-08
229271.70263148609; 7.97738438865383e-08
229410.16805274060; 8.13050399440084e-08
229548.63347399514; 8.34251202107084e-08
229687.09889524968; 8.10478135294617e-08
229825.56431650423; 7.93327328263515e-08
229964.02973775877; 8.14343056023067e-08
230102.49515901331; 7.93400519000867e-08
230240.96058026786; 8.05757801711317e-08
230379.42600152240; 7.90321126998483e-08
230517.89142277694; 7.64001266611767e-08
230656.35684403148; 7.64408849254383e-08
230794.82226528603; 7.65850834688250e-08
230933.28768654057; 7.92885633129684e-08
231071.75310779511; 8.04341119519317e-08
231210.21852904966; 7.81665731425617e-08
231348.68395030420; 7.85455849374114e-08
231487.14937155874; 7.62705837680234e-08
231625.61479281329; 7.56182052014150e-08
231764.08021406783; 7.64114817984784e-08
231902.54563532237; 7.57254141896966e-08
232041.01105657691; 7.50048937655334e-08
232179.47647783146; 7.38668974589067e-08
232317.94189908600; 7.36053916404467e-08
232456.40732034054; 7.13131424356467e-08
232594.87274159509; 7.14979868779717e-08
232733.33816284963; 7.31357927317257e-08
232871.80358410417; 6.95534883796367e-08
233010.26900535871; 7.16810893635234e-08
233148.73442661326; 7.00323102241417e-08
233287.19984786777; 6.91997773822417e-08
233425.66526912231; 6.83294729422100e-08
233564.13069037686; 6.94600639237783e-08
233702.59611163140; 7.04134247809267e-08
233841.06153288594; 7.07309469541167e-08
233979.52695414049; 6.90881384389917e-08
234117.99237539503; 6.89901961873500e-08
234256.45779664957; 7.22635588478334e-08
234394.92321790411; 7.10557272839417e-08
234533.38863915866; 7.11917527699351e-08
234671.85406041320; 7.07341009828217e-08
234810.31948166774; 6.92216983751634e-08
234948.78490292229; 6.90125198753683e-08
235087.25032417683; 7.06657395471183e-08
235225.71574543137; 7.11858195887050e-08
235364.18116668591; 6.85586784091267e-08
235502.64658794046; 6.75096677558672e-08
235641.11200919500; 6.67203548964117e-08
235779.57743044954; 6.72162197661583e-08
235918.04285170409; 6.32065277659034e-08
236056.50827295863; 6.60814336294734e-08
236194.97369421317; 6.43571905916317e-08
236333.43911546771; 6.63521710850518e-08
236471.90453672226; 6.54921517278184e-08
236610.36995797680; 6.56201755525783e-08
236748.83537923134; 6.54006682589117e-08
236887.30080048589; 6.45094595562229e-08
237025.76622174043; 6.41282173540050e-08
237164.23164299494; 6.54979561454684e-08
237302.69706424949; 6.31103816773584e-08
237441.16248550403; 6.37048270396601e-08
237579.62790675857; 6.14468842672617e-08
237718.09332801311; 6.19112986737050e-08
237856.55874926766; 6.22723196631517e-08
237995.02417052220; 6.02838520838700e-08
238133.48959177674; 5.98226736075700e-08
238271.95501303129; 5.95298998257386e-08
238410.42043428583; 5.90367441706484e-08
238548.88585554037; 5.69685647023384e-08
238687.35127679491; 6.01922324502084e-08
238825.81669804946; 5.81180025173750e-08
238964.28211930400; 5.56528489473000e-08
239102.74754055854; 5.48050395475651e-08
239241.21296181309; 5.37623450605866e-08
239379.67838306763; 5.27407820847717e-08
239518.14380432217; 5.18640752434850e-08
239656.60922557671; 5.10627635149886e-08
239795.07464683126; 5.13560744259301e-08
239933.54006808580; 5.07229717066933e-08
240072.00548934034; 5.13873490292734e-08
240210.47091059489; 5.07615417012683e-08
240348.93633184943; 5.24260952924484e-08
240487.40175310397; 5.21916742121400e-08
240625.86717435851; 5.02783381816084e-08
240764.33259561306; 4.89831959396767e-08
240902.79801686757; 5.13514885387267e-08
241041.26343812211; 5.11926707211583e-08
241179.72885937666; 5.27482407118572e-08
241318.19428063120; 5.07038866815450e-08
241456.65970188574; 4.82481171279484e-08
241595.12512314029; 4.78201519906984e-08
241733.59054439483; 4.70676038377451e-08
241872.05596564937; 4.82809541494067e-08
242010.52138690391; 4.48712919642684e-08
242148.98680815846; 4.54386880837167e-08
242287.45222941300; 4.38855530562317e-08
242425.91765066754; 4.43450236697951e-08
242564.38307192209; 4.65555277177743e-08
242702.84849317663; 4.53291753830817e-08
242841.31391443117; 4.24656701820217e-08
242979.77933568571; 4.16070301796950e-08
243118.24475694026; 4.38578016409600e-08
243256.71017819480; 4.64311946520317e-08
243395.17559944934; 4.22225434407500e-08
243533.64102070389; 4.28480779102450e-08
243672.10644195843; 4.24709983073934e-08
243810.57186321297; 4.36896671142417e-08
243949.03728446751; 4.31203758772272e-08
244087.50270572206; 4.36023875078917e-08
244225.96812697660; 4.28973864830934e-08
244364.43354823114; 4.10621865923684e-08
244502.89896948569; 4.19278321097667e-08
244641.36439074023; 3.85369831810617e-08
244779.82981199474; 3.98728139912467e-08
244918.29523324929; 4.11775775969567e-08
245056.76065450383; 4.04401476970317e-08
245195.22607575837; 4.06272794178650e-08
245333.69149701291; 4.10048420227829e-08
245472.15691826746; 4.02619585739500e-08
245610.62233952200; 3.22575691061034e-08
245749.08776077654; 3.47023367821733e-08
245887.55318203109; 3.61256267889334e-08
246026.01860328563; 3.55852274572067e-08
246164.48402454017; 3.70574974563184e-08
246302.94944579471; 3.54220551720151e-08
246441.41486704926; 3.67752858020550e-08
246579.88028830380; 3.94146252008317e-08
246718.34570955834; 4.01828007738986e-08
246856.81113081289; 4.00736213124516e-08
246995.27655206743; 4.13723728936800e-08
247133.74197332197; 3.91290353213934e-08
247272.20739457652; 3.87326946288133e-08
247410.67281583106; 4.04630630500567e-08
247549.13823708560; 3.85818569113667e-08
247687.60365834014; 3.68940246201467e-08
247826.06907959469; 3.91280068427350e-08
247964.53450084923; 3.76013127741384e-08
248102.99992210377; 3.85063771056972e-08
248241.46534335832; 3.74577999592234e-08
248379.93076461286; 3.76867004235967e-08
248518.39618586740; 3.99164036311250e-08
248656.86160712191; 3.70020482180601e-08
248795.32702837646; 3.56358902816867e-08
248933.79244963100; 3.66212301899367e-08
249072.25787088554; 3.62470933044950e-08
249210.72329214009; 3.43903539279567e-08
249349.18871339463; 3.45853559623300e-08
249487.65413464917; 3.36808400730172e-08
249626.11955590372; 3.36959187243517e-08
249764.58497715826; 3.26672447107767e-08
249903.05039841280; 3.29858441671567e-08
250041.51581966734; 3.45192225771984e-08
250179.98124092189; 3.13760885829784e-08
250318.44666217643; 3.20244677509100e-08
250456.91208343097; 2.81560231774084e-08
250595.37750468552; 3.02717845846200e-08
250733.84292594006; 3.06168654434617e-08
250872.30834719460; 2.76001490994033e-08
251010.77376844914; 2.75815459276772e-08
251149.23918970369; 2.82187571981867e-08
251287.70461095823; 2.87220270975284e-08
251426.17003221277; 3.03531463195184e-08
251564.63545346732; 3.09062452040101e-08
251703.10087472186; 3.18740813135000e-08
251841.56629597640; 3.05768076676233e-08
251980.03171723094; 2.90891407770317e-08
252118.49713848549; 2.94332376537017e-08
252256.96255974003; 3.15842001909750e-08
252395.42798099454; 2.94331889065786e-08
252533.89340224909; 2.81579299734050e-08
252672.35882350363; 2.73040341175000e-08
252810.82424475817; 2.47470685571001e-08
252949.28966601272; 2.18302995436900e-08
253087.75508726726; 1.31694453972984e-08
253226.22050852180; 1.07198584595017e-08
253364.68592977634; 1.05278007607300e-08
253503.15135103089; 1.29845829307268e-08
253641.61677228543; 7.27312551196172e-09
253780.08219353997; 9.41591243916998e-09
253918.54761479452; 1.54101015559633e-08
254057.01303604906; 1.69247179724934e-08
254195.47845730360; 1.00233903663017e-08
254333.94387855814; 1.26779847347617e-08
254472.40929981269; 1.34406753384217e-08
254610.87472106723; 1.35294035795917e-08
254749.34014232177; 1.29737755091967e-08
254887.80556357632; 1.41830819509267e-08
255026.27098483086; 1.52323286983250e-08
255164.73640608540; 1.57701818076415e-08
255303.20182733994; 1.80680545996467e-08
255441.66724859449; 1.83043678355600e-08
255580.13266984903; 2.02533742759083e-08
255718.59809110357; 2.33653740233750e-08
255857.06351235812; 2.50051151710617e-08
255995.52893361266; 2.46595147169634e-08
256133.99435486720; 2.34044412096767e-08
256272.45977612172; 2.68019876334384e-08
256410.92519737626; 2.19128849181067e-08
256549.39061863080; 1.84853370063700e-08
256687.85603988534; 1.47583987722883e-08
256826.32146113989; 1.59318757789151e-08
256964.78688239443; 1.62837934254533e-08
257103.25230364897; 1.58741811191900e-08
257241.71772490352; 1.57869137437900e-08
257380.18314615806; 1.53275763146501e-08
257518.64856741260; 1.59557310073750e-08
257657.11398866714; 1.89744631365450e-08
257795.57940992169; 1.79270936950933e-08
257934.04483117623; 2.03191530532101e-08
258072.51025243077; 1.99878404414317e-08
258210.97567368532; 2.28633670937033e-08
258349.44109493986; 2.26965485469350e-08
258487.90651619440; 2.30653271416051e-08
258626.37193744894; 2.55078184221317e-08
258764.83735870349; 2.40625757627684e-08
258903.30277995803; 2.24564759926251e-08
259041.76820121257; 2.23796645685267e-08
259180.23362246712; 2.49417590165650e-08
259318.69904372166; 2.44566996428201e-08
259457.16446497620; 2.44089369959584e-08
259595.62988623074; 2.60229983625134e-08
259734.09530748529; 2.50713715056534e-08
259872.56072873983; 2.25337872776300e-08
260011.02614999437; 2.29220024297484e-08
260149.49157124889; 2.18451335360651e-08
260287.95699250343; 2.01848958345167e-08
260426.42241375797; 1.79945897806084e-08
260564.88783501252; 1.45912836931000e-08
260703.35325626706; 1.40124194445400e-08
260841.81867752160; 1.23020973029543e-08
260980.28409877614; 1.39379020746900e-08
261118.74952003069; 1.45153213351833e-08
261257.21494128523; 1.28544052970617e-08
261395.68036253977; 1.14691655026150e-08
261534.14578379432; 1.07658623395101e-08
261672.61120504886; 1.18334737561917e-08
261811.07662630340; 1.00828975913200e-08
261949.54204755794; 1.30795112625834e-08
262088.00746881249; 1.07712255013284e-08
262226.47289006703; 1.00813764772786e-08
262364.93831132160; 1.15384788386617e-08
262503.40373257612; 1.20823946116667e-08
262641.86915383069; 1.11502880260267e-08
262780.33457508520; 1.21679027183801e-08
262918.79999633977; 1.02313062032084e-08
263057.26541759429; 9.91308846385671e-09
263195.73083884886; 1.14139098023484e-08
263334.19626010337; 1.04961106635517e-08
263472.66168135795; 1.24475948659267e-08
263611.12710261246; 1.31336914995858e-08
263749.59252386697; 1.27200200464967e-08
263888.05794512155; 1.40031169979817e-08
264026.52336637606; 1.10345702605317e-08
264164.98878763063; 1.19766834370617e-08
264303.45420888514; 1.35740034344117e-08
264441.91963013972; 1.29605390455633e-08
264580.38505139423; 1.39096295481467e-08
264718.85047264880; 1.46194189229701e-08
264857.31589390332; 1.29161094905001e-08
264995.78131515789; 1.17223402578343e-08
265134.24673641240; 1.24425164460367e-08
265272.71215766697; 1.22174795787634e-08
265411.17757892149; 1.33309570762534e-08
265549.64300017606; 1.36917026086417e-08
265688.10842143057; 1.32043706899767e-08
265826.57384268509; 1.51555642104167e-08
265965.03926393966; 1.33515048014284e-08
266103.50468519417; 1.08349509142484e-08
266241.97010644875; 1.06386868866267e-08
266380.43552770326; 9.89977439490290e-09
266518.90094895783; 7.71360171444838e-09
266657.36637021234; 6.68974137823003e-09
266795.83179146692; 4.16208966677171e-09
266934.29721272143; 4.31382051948339e-09
267072.76263397600; 4.74043465439503e-09
267211.22805523052; 4.04906423551336e-09
267349.69347648509; 4.30141018378501e-09
267488.15889773960; 3.63016639350501e-09
267626.62431899417; 3.66372102092337e-09
267765.08974024869; 4.77435736069862e-09
