Time, s; Heat flow, Watt
1500.47654014361; 3.24136816321505e-05
1575.77939791239; 2.58104749891932e-05
1651.08225568118; 2.57396156703106e-05
1726.38511344998; 2.76164646166151e-05
1801.68797121876; 2.65958193812411e-05
1876.99082898756; 2.65745207126062e-05
2023.34230767412; 2.67700182289320e-05
2240.74240727844; 2.71606106692867e-05
2387.09388596499; 2.77419336964662e-05
2533.44536465154; 2.72311143086718e-05
2679.79684333810; 2.71068062718883e-05
2826.14832202466; 2.63737571531990e-05
2972.49980071121; 2.59132899067546e-05
3118.85127939777; 2.61305234969625e-05
3265.20275808433; 2.59702090665978e-05
3411.55423677088; 2.56625338960761e-05
3557.90571545744; 2.56888456401209e-05
3704.25719414399; 2.55362058688539e-05
3850.60867283055; 2.52545093188543e-05
3996.96015151711; 2.50718886348466e-05
4143.31163020367; 2.49244874920489e-05
4289.66310889022; 2.46319208019069e-05
4436.01458757677; 2.47175249094398e-05
4653.41468718110; 2.43112299463473e-05
4799.76616586766; 2.44421981820949e-05
4946.11764455422; 2.44491032785918e-05
5092.46912324077; 2.38150850681935e-05
5238.82060192732; 2.42635186680412e-05
5385.17208061388; 2.37926658972388e-05
5531.52355930043; 2.39826333589532e-05
5677.87503798699; 2.35389346313555e-05
5824.22651667355; 2.31897150209610e-05
5970.57799536010; 2.37049366539261e-05
6116.92947404666; 2.17157428639535e-05
6263.28095273322; 1.92156927153140e-05
6409.63243141978; 1.92928650510714e-05
6555.98391010633; 1.94601790083608e-05
6702.33538879288; 1.90650119544336e-05
6848.68686747944; 1.90908457558517e-05
6995.03834616600; 1.92463795314564e-05
7212.43844577032; 1.88814455310768e-05
7358.78992445687; 1.91401417438201e-05
7505.14140314343; 1.88818357240334e-05
7651.49288182998; 1.89448260971636e-05
7797.84436051654; 1.89668239392516e-05
7944.19583920310; 1.84467145811408e-05
8090.54731788966; 1.88582011599881e-05
8236.89879657622; 1.85203359886253e-05
8383.25027526277; 1.82657739889679e-05
8529.60175394933; 1.84287051972781e-05
8675.95323263588; 1.82427636619200e-05
8822.30471132243; 1.83709289837777e-05
8968.65619000899; 1.81919905550735e-05
9115.00766869555; 1.80722134561715e-05
9261.35914738211; 1.80836853610341e-05
9407.71062606867; 1.79966492329398e-05
9554.06210475522; 1.77707005538944e-05
9771.46220435954; 1.79179032339259e-05
9917.81368304610; 1.78885662801657e-05
10064.16516173265; 1.76083994739614e-05
10210.51664041921; 1.77154326514037e-05
10356.86811910577; 1.75206231091806e-05
10503.21959779233; 1.74151447501788e-05
10649.57107647888; 1.77377149850569e-05
10795.92255516543; 1.70491647074638e-05
10942.27403385199; 1.75176217573085e-05
11088.62551253855; 1.71666792954679e-05
11234.97699122510; 1.69671839850673e-05
11381.32846991166; 1.72213128484838e-05
11527.67994859822; 1.68264700282713e-05
11674.03142728477; 1.70823213747457e-05
11820.38290597132; 1.68038765696218e-05
11966.73438465789; 1.68637606476317e-05
12184.13448426221; 1.67340290533453e-05
12330.48596294877; 1.66338878108760e-05
12476.83744163532; 1.65272784983103e-05
12623.18892032187; 1.65404189174078e-05
12769.54039900843; 1.64768043116256e-05
12915.89187769499; 1.62027223593321e-05
13062.24335638154; 1.66067013767313e-05
13208.59483506810; 1.58556394777887e-05
13354.94631375466; 1.59955086746195e-05
13501.29779244122; 1.62496461444099e-05
13647.64927112777; 1.58475131795607e-05
13794.00074981432; 1.57957943915744e-05
13940.35222850088; 1.57095763335984e-05
14086.70370718744; 1.56889134791183e-05
14233.05518587399; 1.55149955773557e-05
14379.40666456055; 1.52076623968795e-05
14525.75814324711; 1.53943037873007e-05
14743.15824285142; 1.52054972029689e-05
14889.50972153799; 1.52982746083530e-05
15035.86120022454; 1.51518020751445e-05
15182.21267891110; 1.49417085569179e-05
15328.56415759766; 1.50666485791857e-05
15474.91563628421; 1.48214862976158e-05
15621.26711497076; 1.47110358446331e-05
15767.61859365732; 1.44942739868115e-05
15913.97007234388; 1.46870266691904e-05
16060.32155103043; 1.43088650042065e-05
16206.67302971699; 1.43655807969035e-05
16353.02450840355; 1.42179451678037e-05
16499.37598709010; 1.39275890223832e-05
16645.72746577666; 1.40461725625644e-05
16792.07894446322; 1.36357094695997e-05
16938.43042314977; 1.38408973978175e-05
17084.78190183633; 1.36061402447940e-05
17302.18200144065; 1.35995371286558e-05
17448.53348012720; 1.36104064059918e-05
17594.88495881376; 1.30459941507686e-05
17741.23643750032; 1.31487849118552e-05
17887.58791618688; 1.29489667792301e-05
18033.93939487343; 1.28700103507255e-05
18180.29087355999; 1.28643041881509e-05
18326.64235224654; 1.25228287699239e-05
18472.99383093310; 1.25419352021135e-05
18619.34530961965; 1.21864450564854e-05
18765.69678830621; 1.22415681764163e-05
18912.04826699277; 1.19936922121522e-05
19058.39974567932; 1.20139929893596e-05
19204.75122436588; 1.17505822228486e-05
19351.10270305244; 1.15284695348684e-05
19497.45418173899; 1.13934634734490e-05
19643.80566042555; 1.11529747037372e-05
19861.20576002987; 1.14351587667700e-05
20007.55723871643; 1.09504301850259e-05
20153.90871740298; 1.10030741283766e-05
20300.26019608954; 1.08851037267276e-05
20446.61167477610; 1.02674639390274e-05
20592.96315346265; 1.05460400836659e-05
20739.31463214921; 1.02926777211765e-05
20885.66611083577; 9.98638724934990e-06
21032.01758952233; 1.00671754773301e-05
21178.36906820888; 9.73579225247380e-06
21324.72054689543; 9.51310291971250e-06
21471.07202558199; 9.49704583119810e-06
21617.42350426855; 9.30664629634910e-06
21763.77498295510; 8.97639333785660e-06
21910.12646164165; 8.82375493655650e-06
22056.47794032822; 8.57038281330160e-06
22273.87803993254; 8.76090992123630e-06
22420.22951861910; 8.63921506361820e-06
22566.58099730565; 8.21651837716050e-06
22712.93247599220; 8.15820198164510e-06
22859.28395467876; 7.80803236673640e-06
23005.63543336532; 7.78384088676030e-06
23151.98691205188; 7.76526581921320e-06
23298.33839073843; 7.41919198823770e-06
23444.68986942499; 7.47313749629530e-06
23591.04134811154; 7.02726663158640e-06
23737.39282679810; 7.03366164429030e-06
23883.74430548466; 7.01944687962620e-06
24030.09578417121; 6.75066226897720e-06
24176.44726285777; 6.47473453049510e-06
24322.79874154433; 6.50442341127120e-06
24469.15022023088; 6.29404783965570e-06
24615.50169891743; 6.03427379863710e-06
24832.90179852175; 5.99677781628550e-06
24979.25327720831; 5.82630446232860e-06
25125.60475589488; 5.80992746510190e-06
25271.95623458143; 5.60322318189720e-06
25418.30771326798; 5.42095520016760e-06
25564.65919195454; 5.17404685518740e-06
25711.01067064110; 4.99245526463190e-06
25857.36214932765; 5.03566496773070e-06
26003.71362801421; 4.84179855096800e-06
26150.06510670076; 4.74481255195840e-06
26296.41658538732; 4.34625596817720e-06
26442.76806407388; 4.33332396665550e-06
26589.11954276043; 4.31189551165230e-06
26735.47102144699; 4.10661205578190e-06
26881.82250013354; 4.04375327634820e-06
27028.17397882010; 3.62910325096100e-06
27174.52545750666; 3.64065230837230e-06
27391.92555711098; 3.63758311626710e-06
27538.27703579754; 3.37937890693870e-06
27684.62851448409; 3.29058695009040e-06
27830.97999317064; 3.07185528394700e-06
27977.33147185721; 2.96897769666290e-06
28123.68295054376; 3.09596678859120e-06
28270.03442923032; 2.63755066521310e-06
28416.38590791688; 2.68650362431710e-06
28562.73738660343; 2.46700382803450e-06
28709.08886528998; 2.32119977087220e-06
28855.44034397654; 2.43693179836100e-06
29001.79182266310; 2.18673791660640e-06
29148.14330134966; 2.13725067993990e-06
29294.49478003621; 1.73525368448740e-06
29440.84625872277; 1.73641146835780e-06
29587.19773740933; 1.66809593905740e-06
29804.59783701364; 1.64636419322610e-06
29950.94931570021; 1.51596467698880e-06
30097.30079438676; 1.31640339180530e-06
30243.65227307332; 1.11930948555280e-06
30390.00375175987; 1.16471124368160e-06
30536.35523044642; 9.78707097955498e-07
30682.70670913298; 9.03663604431700e-07
30829.05818781954; 6.58275391369200e-07
30975.40966650609; 8.30213753045399e-07
31121.76114519266; 5.10965537710801e-07
31268.11262387921; 3.84949633046900e-07
31414.46410256577; 6.10910305768100e-07
31560.81558125232; 3.88484011197993e-08
31707.16705993887; 4.13537007961012e-08
31853.51853862543; 1.23960176228501e-07
31999.87001731199; -9.32457269820994e-08
32146.22149599854; -9.29537184423009e-08
32363.62159560287; -1.91374511638300e-07
32509.97307428942; -3.84673161812240e-07
32656.32455297598; -2.13293415928701e-07
32802.67603166253; -4.44148903970820e-07
32949.02751034909; -4.64853176571031e-07
33095.37898903564; -5.94331532475219e-07
33241.73046772220; -7.80116817832981e-07
33388.08194640875; -5.66045113110329e-07
33534.43342509531; -8.42846979890269e-07
33680.78490378187; -8.17190235235890e-07
33827.13638246842; -8.86521574401041e-07
33973.48786115498; -1.17597071554377e-06
34119.83933984154; -9.47512158781830e-07
34266.19081852810; -9.96127394563709e-07
34412.54229721466; -1.30415908089803e-06
34558.89377590121; -1.16684420115996e-06
34705.24525458777; -1.38004842082608e-06
34922.64535419209; -1.25430682058989e-06
35068.99683287863; -1.26524771409977e-06
35215.34831156519; -1.34547724970422e-06
35361.69979025175; -1.28929830785153e-06
35508.05126893832; -1.49331632648095e-06
35654.40274762487; -1.44013534382767e-06
35800.75422631142; -1.51038673925659e-06
35947.10570499797; -1.56242145431937e-06
36093.45718368454; -1.57604652204480e-06
36239.80866237108; -1.70019172801603e-06
36386.16014105765; -1.81124772269071e-06
36532.51161974421; -1.64420301760811e-06
36678.86309843076; -1.66231628380939e-06
36825.21457711732; -1.78851260291789e-06
36971.56605580387; -1.94828514477921e-06
37117.91753449042; -1.81942640488875e-06
37335.31763409475; -1.83056026724396e-06
37481.66911278131; -1.91140900021772e-06
37628.02059146787; -1.90209959687523e-06
37774.37207015442; -2.07959258681548e-06
37920.72354884098; -2.07032872427556e-06
38067.07502752753; -1.90611829796721e-06
38213.42650621409; -2.15911076678144e-06
38359.77798490065; -2.05756055120528e-06
38506.12946358720; -2.15618834872554e-06
38652.48094227376; -2.03932692120452e-06
38798.83242096032; -2.17137047613077e-06
38945.18389964687; -2.09376828322781e-06
39091.53537833343; -2.00429843645565e-06
39237.88685701998; -2.30139923801923e-06
39384.23833570654; -2.11060130547240e-06
39530.58981439310; -2.06306800994158e-06
39676.94129307965; -2.12293357605652e-06
39894.34139268397; -2.03478794334304e-06
40040.69287137054; -2.17087113167262e-06
40187.04435005709; -2.23180915745714e-06
40333.39582874364; -2.11891672096434e-06
40479.74730743020; -2.12352798610935e-06
40626.09878611675; -2.18246497048801e-06
40772.45026480331; -2.16719442811381e-06
40918.80174348987; -2.26156672551189e-06
41065.15322217643; -2.22529180525694e-06
41211.50470086298; -2.12295833701792e-06
41357.85617954953; -2.15016467343591e-06
41504.20765823609; -2.09401742769263e-06
41650.55913692265; -2.27868459775927e-06
41796.91061560920; -2.14817506065872e-06
41943.26209429576; -2.06496459529485e-06
42089.61357298231; -2.14729134906561e-06
42235.96505166887; -2.13283614626189e-06
42453.36515127319; -2.12196492130057e-06
42599.71662995974; -2.13664643133042e-06
42746.06810864630; -2.02665890168232e-06
42892.41958733286; -2.10317278037498e-06
43038.77106601941; -2.09993815232006e-06
43185.12254470598; -2.21942295073971e-06
43331.47402339253; -2.11870908057866e-06
43477.82550207909; -2.03645316749020e-06
43624.17698076565; -2.08684277782637e-06
43770.52845945219; -2.09113933421059e-06
43916.87993813875; -2.11243649730298e-06
44063.23141682531; -2.17907277339328e-06
44209.58289551187; -2.06992173500480e-06
44355.93437419843; -2.02176505194644e-06
44502.28585288498; -2.10606979207159e-06
44648.63733157154; -2.21984967693345e-06
44794.98881025809; -2.00507681179793e-06
45012.38890986242; -2.05434147378016e-06
45158.74038854898; -1.98964533167082e-06
45305.09186723553; -2.12779356018060e-06
45451.44334592209; -2.11635283825755e-06
45597.79482460864; -1.97972825027178e-06
45744.14630329520; -2.09901378078802e-06
45890.49778198176; -2.03877578297464e-06
46036.84926066831; -1.98187339630140e-06
46183.20073935486; -2.03441830880689e-06
46329.55221804143; -2.03223728258624e-06
46475.90369672798; -1.97120315096621e-06
46622.25517541454; -2.02803909518400e-06
46768.60665410110; -2.04490465082182e-06
46914.95813278764; -2.15092587818592e-06
47061.30961147420; -2.02389418414650e-06
47207.66109016076; -1.94290366880289e-06
47425.06118976508; -1.94874563335270e-06
47571.41266845164; -1.95706393899957e-06
47717.76414713819; -2.00670941273476e-06
47864.11562582475; -1.94017328748430e-06
48010.46710451131; -1.83706179022751e-06
48156.81858319786; -1.99438925895495e-06
48303.17006188442; -1.95975241762513e-06
48449.52154057098; -1.86324192409957e-06
48595.87301925753; -1.90009976123476e-06
48742.22449794409; -1.86996937918620e-06
48888.57597663064; -1.81332166979455e-06
49034.92745531720; -1.96695664104744e-06
49181.27893400376; -1.88172145215148e-06
49327.63041269031; -1.85384297744982e-06
49473.98189137687; -1.89380208928818e-06
49620.33337006342; -1.76032654847721e-06
49766.68484874998; -1.99556063110819e-06
49984.08494835430; -1.85694053537358e-06
50130.43642704086; -1.78905927258215e-06
50276.78790572741; -1.82556296223584e-06
50423.13938441397; -1.75094724277114e-06
50569.49086310052; -1.95626576437381e-06
50715.84234178709; -1.83178987940918e-06
50862.19382047364; -1.68891902048401e-06
51008.54529916019; -1.82329148131959e-06
51154.89677784675; -1.82506117166274e-06
51301.24825653330; -1.71286323501337e-06
51447.59973521986; -1.74883411934230e-06
51593.95121390642; -1.73594979399392e-06
51740.30269259297; -1.77080086019280e-06
51886.65417127953; -1.83693466340482e-06
52033.00564996609; -1.67792788781844e-06
52179.35712865264; -1.75372343452610e-06
52325.70860733920; -1.69510498902637e-06
52543.10870694352; -1.70438372173223e-06
52689.46018563008; -1.70003788853899e-06
52835.81166431664; -1.60980198614892e-06
52982.16314300319; -1.64187790993933e-06
53128.51462168975; -1.64306663238650e-06
53274.86610037630; -1.63294352394072e-06
53421.21757906285; -1.63084273660069e-06
53567.56905774941; -1.56065928494446e-06
53713.92053643598; -1.54681526665946e-06
53860.27201512254; -1.64244731923045e-06
54006.62349380909; -1.63123588751919e-06
54152.97497249563; -1.53664529511892e-06
54299.32645118219; -1.62392433499545e-06
54445.67792986875; -1.50848146157043e-06
54592.02940855532; -1.58438374574916e-06
54738.38088724187; -1.58625187194127e-06
54955.78098684619; -1.40252814661829e-06
55102.13246553273; -1.39729214219483e-06
55248.48394421930; -1.37697691410637e-06
55394.83542290586; -1.42657944837996e-06
55541.18690159242; -1.42870596135784e-06
55687.53838027897; -1.32717712813799e-06
55833.88985896552; -1.39185798837257e-06
55980.24133765209; -1.33166574104725e-06
56126.59281633864; -1.34191110316605e-06
56272.94429502520; -1.41540997666271e-06
56419.29577371175; -1.30795351206284e-06
56565.64725239831; -1.26763724147023e-06
56711.99873108487; -1.32710843963647e-06
56858.35020977142; -1.36586776738171e-06
57004.70168845798; -1.33074145287635e-06
57151.05316714454; -1.34398271401840e-06
57297.40464583109; -1.23713863649184e-06
57514.80474543541; -1.28662077543084e-06
57661.15622412197; -1.39478703549179e-06
57807.50770280852; -1.25866277141319e-06
57953.85918149508; -1.25435055048613e-06
58100.21066018164; -1.27112441433924e-06
58246.56213886820; -1.24000401995655e-06
58392.91361755475; -1.29758799480726e-06
58539.26509624130; -1.19981709559344e-06
58685.61657492786; -1.29795569709418e-06
58831.96805361442; -1.21218151676859e-06
58978.31953230097; -1.25113032467469e-06
59124.67101098753; -1.30587865787107e-06
59271.02248967409; -1.17356870310334e-06
59417.37396836064; -1.21729047255815e-06
59563.72544704720; -1.21623569338288e-06
59710.07692573375; -1.25069012382249e-06
59856.42840442031; -1.26230656400727e-06
60073.82850402463; -1.19904766108479e-06
60220.17998271119; -1.13585318246742e-06
60366.53146139775; -1.21053656098552e-06
60512.88294008430; -1.28508329023696e-06
60659.23441877086; -1.22540437144451e-06
60805.58589745741; -1.17801270915980e-06
60951.93737614397; -1.15755840129350e-06
61098.28885483052; -1.24758282989193e-06
61244.64033351708; -1.21966551697607e-06
61390.99181220364; -1.14362127596182e-06
61537.34329089019; -1.20218679742747e-06
61683.69476957676; -1.17816981027250e-06
61830.04624826330; -1.21068045474084e-06
61976.39772694986; -1.20752902261263e-06
62122.74920563641; -1.10875689766366e-06
62269.10068432297; -1.16338486286150e-06
62486.50078392730; -1.13678689686813e-06
62632.85226261386; -1.17287456094412e-06
62779.20374130041; -1.17585526261113e-06
62925.55521998696; -1.15297037802412e-06
63071.90669867352; -1.14241854797600e-06
63218.25817736008; -1.14451806846437e-06
63364.60965604664; -1.19570402643250e-06
63510.96113473320; -1.10794868751978e-06
63657.31261341975; -1.11196649293203e-06
63803.66409210631; -1.07402682610833e-06
63950.01557079286; -1.12434442348094e-06
64096.36704947942; -1.15659068821455e-06
64242.71852816597; -1.06308677717743e-06
64389.07000685253; -1.12995535089415e-06
64535.42148553909; -1.08696940288003e-06
64681.77296422564; -1.09309711892629e-06
64828.12444291220; -1.10773078358914e-06
65045.52454251652; -1.02341690776653e-06
65191.87602120308; -1.09601920707701e-06
65338.22749988962; -1.07248285681433e-06
65484.57897857619; -1.07719822311255e-06
65630.93045726274; -1.09342366604233e-06
65777.28193594930; -1.07971157943284e-06
65923.63341463586; -1.03005180402883e-06
66069.98489332241; -1.10021087465889e-06
66216.33637200897; -1.08382932884151e-06
66362.68785069551; -1.08945169669877e-06
66509.03932938208; -1.06299735914522e-06
66655.39080806864; -1.02993263500957e-06
66801.74228675519; -1.08786890183982e-06
66948.09376544175; -1.13647146796720e-06
67094.44524412831; -1.04325050575145e-06
67240.79672281486; -1.07372539693164e-06
67387.14820150142; -1.01476944122228e-06
67604.54830110574; -1.08898965069347e-06
67750.89977979229; -1.01048187726504e-06
67897.25125847885; -9.48524409873141e-07
68043.60273716541; -9.70926242498209e-07
68189.95421585196; -9.73760461427568e-07
68336.30569453852; -9.81969575566659e-07
68482.65717322507; -9.92877173212951e-07
68629.00865191163; -9.82111976962000e-07
68775.36013059819; -9.23072743616684e-07
68921.71160928474; -1.02880857183813e-06
69068.06308797130; -9.60694834155451e-07
69214.41456665786; -9.62648831785577e-07
69360.76604534441; -9.64948188365855e-07
69507.11752403097; -8.66299962079381e-07
69653.46900271752; -9.44297753545441e-07
69799.82048140408; -9.49635555178521e-07
69946.17196009064; -8.88112859968910e-07
70163.57205969497; -9.03908431073920e-07
70309.92353838152; -8.40719808584529e-07
70456.27501706808; -9.50392860440176e-07
70602.62649575464; -9.00143409120316e-07
70748.97797444119; -8.30708837652696e-07
70895.32945312775; -8.92956423971172e-07
71041.68093181431; -8.44303076296475e-07
71188.03241050086; -9.04903925976301e-07
71334.38388918742; -9.16989331492860e-07
71480.73536787397; -8.44910627201741e-07
71627.08684656053; -9.01866495528604e-07
71773.43832524709; -9.18684594910350e-07
71919.78980393364; -9.12907148266016e-07
72066.14128262020; -9.26538189932848e-07
72212.49276130676; -8.82890685046220e-07
72358.84423999331; -8.23237908457087e-07
72576.24433959763; -8.55288216257417e-07
72722.59581828419; -8.80025405678614e-07
72868.94729697073; -9.16141209518784e-07
73015.29877565730; -8.66470717376583e-07
73161.65025434384; -8.20140195289833e-07
73308.00173303041; -8.45572425109121e-07
73454.35321171695; -8.33989181029991e-07
73600.70469040352; -8.17135561896328e-07
73747.05616909008; -8.47638239793339e-07
73893.40764777662; -7.75915492697708e-07
74039.75912646319; -7.95945380186295e-07
74186.11060514973; -8.53915272021604e-07
74332.46208383630; -7.99224841479118e-07
74478.81356252285; -8.17482223192839e-07
74625.16504120942; -8.25992186682284e-07
74771.51651989597; -7.67047691605784e-07
74917.86799858251; -8.37990209080775e-07
75135.26809818685; -7.92120450899723e-07
75281.61957687340; -7.50514906082982e-07
75427.97105555996; -7.48957942565224e-07
75574.32253424652; -7.37027890272271e-07
75720.67401293307; -8.33888610438257e-07
75867.02549161963; -8.02926198350708e-07
76013.37697030618; -7.53752060253665e-07
76159.72844899274; -7.86518286735802e-07
76306.07992767930; -7.34780433656447e-07
76452.43140636585; -7.36411220110572e-07
76598.78288505241; -7.71742588569163e-07
76745.13436373897; -5.27254439308797e-07
76891.48584242552; -5.33747007631909e-07
77037.83732111208; -5.47555335873528e-07
77184.18879979863; -5.74685627638472e-07
77330.54027848519; -5.60328010578943e-07
77476.89175717175; -5.40998672499645e-07
77694.29185677606; -4.93145354730831e-07
77840.64333546264; -5.33411759480746e-07
77986.99481414919; -5.58031833434910e-07
78133.34629283575; -5.85363259179966e-07
78279.69777152230; -5.32333435016334e-07
78426.04925020885; -4.65460497462776e-07
78572.40072889542; -5.24034069663034e-07
78718.75220758196; -5.93462224032300e-07
78865.10368626853; -5.05833986469102e-07
79011.45516495508; -5.34061959863228e-07
79157.80664364164; -4.72602139880057e-07
79304.15812232820; -4.70715321967254e-07
79450.50960101474; -5.72126660465234e-07
79596.86107970131; -4.63464694109046e-07
79743.21255838785; -4.72342616359836e-07
79889.56403707442; -4.81223138886093e-07
80106.96413667873; -4.05602258281180e-07
80253.31561536530; -5.37750719073381e-07
80399.66709405184; -5.01664230192271e-07
80546.01857273841; -4.41280602706184e-07
80692.37005142495; -4.65606260478540e-07
80838.72153011151; -4.06543233940518e-07
80985.07300879806; -4.96526659407233e-07
81131.42448748462; -3.70467045164548e-07
81277.77596617119; -3.34956641927624e-07
81424.12744485773; -3.82191047631575e-07
81570.47892354430; -3.52663367044276e-07
81716.83040223084; -3.83329354949135e-07
81863.18188091740; -3.99010166594139e-07
82009.53335960396; -3.28952526933006e-07
82155.88483829051; -3.43665114889712e-07
82302.23631697708; -3.48399382696875e-07
82448.58779566363; -3.83331822676941e-07
82665.98789526796; -3.96931635988560e-07
82812.33937395451; -3.66528798155109e-07
82958.69085264107; -3.38045135713034e-07
83105.04233132763; -3.68559095049075e-07
83251.39381001418; -3.77189302178003e-07
83397.74528870074; -3.61232747477006e-07
83544.09676738729; -3.79070841968112e-07
83690.44824607385; -3.00130514301173e-07
83836.79972476041; -3.60409583968042e-07
83983.15120344696; -3.78056773552963e-07
84129.50268213352; -2.86244708116774e-07
84275.85416082008; -3.32760175894560e-07
84422.20563950663; -2.98302897771913e-07
84568.55711819319; -3.80700933930846e-07
84714.90859687974; -4.39405862820562e-07
84861.26007556630; -3.28611614288730e-07
85007.61155425286; -3.43001573045216e-07
85225.01165385717; -3.37477850132461e-07
85371.36313254373; -3.25896849337214e-07
85517.71461123030; -3.43628397081921e-07
85664.06608991684; -2.92740568198629e-07
85810.41756860341; -2.90684500706179e-07
85956.76904728996; -3.36055587616098e-07
86103.12052597653; -3.29072802872170e-07
86249.47200466307; -4.00133185896279e-07
86395.82348334962; -3.67632088618511e-07
86542.17496203620; -3.12179846140793e-07
86688.52644072274; -3.15388843126788e-07
86834.87791940931; -3.43386742174656e-07
86981.22939809585; -4.16762020773098e-07
87127.58087678242; -3.03997617688029e-07
87273.93235546896; -2.53852114666926e-07
87420.28383415552; -3.09243728182117e-07
87637.68393375984; -3.09629599116213e-07
87784.03541244639; -2.91601382146463e-07
87930.38689113295; -3.10437982288477e-07
88076.73836981950; -3.18034850290556e-07
88223.08984850606; -2.78219579043761e-07
88369.44132719262; -3.76494487595966e-07
88515.79280587917; -3.54066538282459e-07
88662.14428456573; -5.05271460852278e-07
88808.49576325229; -2.59208478873896e-07
88954.84724193884; -2.52167535870293e-07
89101.19872062540; -3.39514975008389e-07
89247.55019931195; -4.67326899829495e-07
89393.90167799851; -2.55490465048211e-07
89540.25315668507; -2.51777878258228e-07
89686.60463537162; -2.10277010412616e-07
89832.95611405818; -2.92914942937956e-07
89979.30759274474; -3.39217503047211e-07
90196.70769234907; -2.76711150411154e-07
90343.05917103562; -3.06839238736345e-07
90489.41064972218; -2.71880252672766e-07
90635.76212840874; -2.79086923720573e-07
90782.11360709529; -3.46844343203540e-07
90928.46508578185; -2.62806982257168e-07
91074.81656446840; -2.71534458996507e-07
91221.16804315496; -3.37157192589362e-07
91367.51952184152; -3.30583847605179e-07
91513.87100052807; -3.16183251000057e-07
91660.22247921463; -3.16655195938139e-07
91806.57395790119; -2.48768334761743e-07
91952.92543658774; -2.91224233881327e-07
92099.27691527430; -2.89709597746588e-07
92245.62839396085; -2.71185538577030e-07
92391.97987264741; -2.90734961044479e-07
92538.33135133397; -2.15271176487017e-07
92755.73145093828; -2.93706873923236e-07
92902.08292962484; -2.89377107598822e-07
93048.43440831140; -1.46761788605966e-07
93194.78588699795; -2.47194168380490e-07
93341.13736568451; -1.08987630796989e-07
93487.48884437107; 6.28287704180497e-09
93633.84032305762; -9.92942965656180e-08
93780.19180174418; -1.50157079548411e-07
93926.54328043073; -7.16940260452131e-08
94072.89475911731; -8.09372049942800e-08
94219.24623780385; -1.96929577552530e-08
94365.59771649040; -1.11317590803538e-07
94511.94919517696; -1.80218785998802e-07
94658.30067386352; -7.08402421082580e-08
94804.65215255007; -4.84920242508050e-08
94951.00363123663; -2.89310536988850e-08
95097.35510992320; -6.62939469859921e-08
95314.75520952750; -1.48066833760344e-07
95461.10668821406; -9.52113506267440e-08
95607.45816690061; -8.28560771255751e-08
95753.80964558717; -5.96303518116149e-08
95900.16112427373; -2.64264781331701e-09
96046.51260296028; -1.25755211128733e-07
96192.86408164684; -5.78115063086450e-08
96339.21556033340; -7.01708567294070e-08
96485.56703901995; -8.19459108301310e-08
96631.91851770651; -8.29744722259160e-08
96778.26999639306; -1.63691979302370e-07
96924.62147507962; -1.41210972155324e-07
97070.97295376618; -1.29006607020148e-07
97217.32443245273; -1.43556663261877e-07
97363.67591113929; -1.19374365757165e-07
97510.02738982585; -9.70053938125321e-08
97727.42748943018; -5.61013240326310e-08
97873.77896811673; 2.55295295956497e-09
98020.13044680329; -3.00886763880430e-08
98166.48192548985; -5.24402287449420e-08
98312.83340417640; -5.45357241162881e-08
98459.18488286296; -5.07767421305160e-08
98605.53636154952; -2.26460674944511e-08
98751.88784023607; 8.06587317963298e-09
98898.23931892263; -2.97252532658402e-09
99044.59079760918; -3.94308255253700e-08
99190.94227629574; -4.70880236486430e-08
99337.29375498230; -4.73790952283940e-08
99483.64523366885; -1.29442369460020e-08
99629.99671235541; -3.45931856859620e-08
99776.34819104197; -1.49496871159902e-07
99922.69966972852; -7.85377897682710e-08
100069.05114841508; -3.76537863185979e-08
100286.45124801940; 3.40721859204360e-08
100432.80272670595; -1.43805088845709e-08
100579.15420539251; -7.99787651491600e-08
100725.50568407906; 1.16222444012070e-08
100871.85716276562; -2.19979037075750e-08
101018.20864145216; -1.94660616181319e-08
101164.56012013873; -1.51524124043479e-08
101310.91159882527; -8.01287000978710e-08
101457.26307751185; 6.12687246704920e-10
101603.61455619840; -8.22267496570230e-08
101749.96603488496; -5.62418265350721e-08
101896.31751357151; 2.63097072746290e-08
102042.66899225807; -9.49193240082240e-08
102189.02047094463; -6.07309071532610e-08
102335.37194963117; 2.90691441962890e-08
102481.72342831774; 1.87190207019780e-08
102628.07490700429; 1.19608740681640e-08
102845.47500660861; -4.86408952103520e-08
102991.82648529517; -2.07174792766610e-08
103138.17796398173; 2.41990236435250e-08
103284.52944266828; 3.60473191171097e-09
103430.88092135484; 6.33766917814797e-09
103577.23240004139; -9.33335847986597e-09
103723.58387872795; -2.52522285202140e-08
103869.93535741451; -2.36970984770840e-08
104016.28683610106; 3.62610124895380e-08
104162.63831478762; -1.09624637860750e-08
104308.98979347417; -4.58190284610220e-08
104455.34127216073; -1.35680699195212e-07
104601.69275084729; -1.46273825754575e-07
104748.04422953384; -1.17216161403789e-07
104894.39570822040; -1.42109950534631e-07
105040.74718690696; -2.02439729377473e-07
105258.14728651129; -1.11468732429377e-07
105404.49876519784; -8.87911633961760e-08
105550.85024388439; -2.93566165349880e-08
105697.20172257096; -5.07956559862320e-08
105843.55320125751; -1.48091689908617e-07
105989.90467994407; -1.52340198805412e-07
106136.25615863063; -1.43584513243513e-07
106282.60763731718; -1.33974043850789e-07
106428.95911600374; -4.82608212701710e-08
106575.31059469029; -1.75856761468236e-07
106721.66207337685; -1.04093157621637e-07
106868.01355206341; -1.02405214272744e-07
107014.36503074996; -1.01116744147096e-07
107160.71650943652; -5.52571516987269e-08
107307.06798812308; -1.79512218216163e-07
107453.41946680963; -1.44711021210000e-07
107599.77094549619; -8.32240709466450e-08
107817.17104510051; -1.17156164472796e-07
107963.52252378705; -3.52655607419160e-08
108109.87400247362; -1.18878624776970e-07
108256.22548116016; -1.10278164411345e-07
108402.57695984673; -3.81685014763860e-08
108548.92843853327; -6.35855638712850e-08
108695.27991721984; -3.34475916360629e-08
108841.63139590640; -5.91177166221780e-08
108987.98287459294; -6.06142550002230e-08
109134.33435327951; -4.02816545695010e-08
109280.68583196605; -1.77563159551331e-08
109427.03731065262; -3.13847386650840e-08
109573.38878933917; -1.12104643361679e-07
109719.74026802574; -1.26507480163093e-07
109866.09174671228; -1.00143257279798e-07
110012.44322539883; -4.43565081200840e-08
110158.79470408541; -5.70740103312010e-08
110376.19480368972; -1.79395095123017e-07
110522.54628237628; -1.04182687083359e-07
110668.89776106284; -6.74447986833140e-08
110815.24923974939; -2.03086674049180e-08
110961.60071843595; 7.99295260946098e-09
111107.95219712250; -5.73612093801570e-08
111254.30367580906; -2.87814276269199e-09
111400.65515449562; -1.98921179759130e-08
111547.00663318217; 3.66929374988304e-09
111693.35811186873; 3.29917784212610e-08
111839.70959055529; -8.31504984327750e-08
111986.06106924184; -3.47200701720780e-08
112132.41254792840; -4.28765540761770e-08
112278.76402661495; -2.03678459112460e-08
112425.11550530151; 5.01124600104020e-08
112571.46698398807; -1.40437161097240e-08
112788.86708359238; -4.55921849869550e-08
112935.21856227895; 3.00589160165930e-08
113081.57004096550; 2.43213043198204e-09
113227.92151965207; 5.27887296756290e-08
113374.27299833862; -5.59857142811820e-08
113520.62447702517; -2.33116440789200e-08
113666.97595571174; 2.58928679085190e-08
113813.32743439828; 2.58386013397100e-08
113959.67891308485; 5.30230460710690e-08
114106.03039177139; 4.11770545929297e-09
114252.38187045796; -6.29927027859199e-09
114398.73334914452; 2.43614069128904e-09
114545.08482783106; 4.73658566969050e-08
114691.43630651763; 1.43293792320080e-08
114837.78778520417; -8.25388555672040e-08
114984.13926389074; -5.31068339487450e-08
115130.49074257728; 3.01097891414350e-08
115347.89084218162; 5.04232190337090e-08
115494.24232086816; -1.43541271911003e-10
115640.59379955473; -5.51723216693840e-08
115786.94527824127; 9.50183419674797e-09
115933.29675692783; 1.38139392197120e-08
116079.64823561438; 4.98456831588210e-08
116225.99971430094; 3.62385311190350e-08
116372.35119298751; -2.37925719776100e-08
116518.70267167405; 1.23476148703840e-08
116665.05415036062; 2.50631810635630e-08
116811.40562904716; 2.55424219616960e-08
116957.75710773372; 8.28596461185880e-08
117104.10858642028; -6.33135266780005e-09
117250.46006510683; 7.80795020178399e-09
117396.81154379339; -7.50030270333600e-09
117543.16302247994; 2.65040030414330e-08
117689.51450116652; 1.02147243713555e-07
117906.91460077083; 2.90651019592201e-09
118053.26607945739; -1.15902812586420e-08
118199.61755814395; 5.32569617295440e-08
118345.96903683050; 3.13476165482690e-08
118492.32051551706; 6.35103133706450e-08
118638.67199420361; -1.05988618888586e-07
118785.02347289017; -1.08495530255959e-07
118931.37495157673; -3.28784888272781e-08
119077.72643026328; -7.41435465628401e-08
119224.07790894984; -8.91906555415070e-08
119370.42938763640; -9.71747294699081e-08
119516.78086632295; -1.06717485912298e-07
119663.13234500951; -5.86270851655740e-08
119809.48382369606; 2.11818326970301e-09
119955.83530238262; -1.62629895117400e-08
120102.18678106918; -4.68367878990750e-08
120248.53825975573; -1.41825836907303e-07
120465.93835936005; -9.17450813537303e-09
120612.28983804662; 6.22536155392003e-09
120758.64131673316; -6.76417121004504e-09
120904.99279541973; -8.17199345723240e-08
121051.34427410628; -5.25564263462060e-08
121197.69575279285; -8.04952146362460e-08
121344.04723147939; -6.47073369628760e-08
121490.39871016594; -6.09418969556669e-08
121636.75018885250; -1.31795170434853e-07
121783.10166753906; -7.43406655049330e-08
121929.45314622563; -7.97341343467500e-08
122075.80462491217; -1.01543550298984e-07
122222.15610359874; -2.62717493583497e-09
122368.50758228528; -7.83356679356110e-08
122514.85906097184; -1.39713243458770e-08
122661.21053965839; -3.70776503904420e-08
122878.61063926271; 1.28208095825210e-08
123024.96211794927; 4.41101641389460e-08
123171.31359663582; -3.26988571697070e-08
123317.66507532238; -4.21224929124920e-08
123464.01655400894; -1.89513543611240e-08
123610.36803269549; -1.09098924085943e-07
123756.71951138205; -7.94577074192520e-08
123903.07099006861; -1.82311394824092e-07
124049.42246875516; -1.51988598403628e-07
124195.77394744172; -1.15008030707639e-07
124342.12542612827; -1.05083302577018e-07
124488.47690481483; -7.05355823504820e-08
124634.82838350139; -1.22164594954921e-07
124781.17986218794; -5.58060377844460e-08
124927.53134087450; 3.79862927742750e-08
125073.88281956105; 3.92385586215400e-08
125220.23429824761; -9.18921862255202e-09
125437.63439785194; -2.05436798199240e-08
125583.98587653850; -5.34740714912940e-08
125730.33735522506; -1.81106696182090e-08
125876.68883391161; 2.09252503800680e-08
126023.04031259817; -5.39456114641290e-08
126169.39179128472; -8.04169168532090e-08
126315.74326997128; -5.13144048192360e-08
126462.09474865784; -1.08751680291612e-07
126608.44622734439; -3.13859979576540e-08
126754.79770603095; -5.13188461814600e-08
126901.14918471751; -6.25015721899330e-08
127047.50066340406; -3.15557612094670e-08
127193.85214209062; -3.88643600513370e-08
127340.20362077717; -2.84430660465976e-10
127486.55509946373; -9.23188563707150e-08
127632.90657815029; -5.79246512445620e-08
127779.25805683684; 4.02668961796420e-08
127996.65815644116; 1.99670655439490e-08
128143.00963512773; 2.16194352759630e-08
128289.36111381427; -3.09393951983890e-08
128435.71259250083; -7.65372532631410e-08
128582.06407118739; -2.73957100759150e-08
128728.41554987394; -1.30466414323410e-08
128874.76702856050; 5.00018904218040e-08
129021.11850724705; 6.54610233604290e-08
129167.46998593363; 9.14227330872240e-08
129313.82146462017; 1.14991235667242e-07
129460.17294330672; 1.59456463787410e-07
129606.52442199328; 1.67667117873434e-07
129752.87590067984; 1.02151735380565e-07
129899.22737936639; 1.41251500461629e-07
130045.57885805295; 1.29242355642005e-07
130191.93033673950; 2.02466136554715e-07
130409.33043634382; 1.33858019023002e-07
130555.68191503038; 1.36635981724977e-07
130702.03339371693; 1.84901379474178e-07
130848.38487240349; 1.60259039489612e-07
130994.73635109005; 9.36874870662680e-08
131141.08782977663; 1.46256525031718e-07
131287.43930846316; 1.70185594806633e-07
131433.79078714974; 1.95525002097578e-07
131580.14226583627; 1.13447953048878e-07
131726.49374452283; 1.51699021696789e-07
131872.84522320938; 1.88451749568582e-07
132019.19670189597; 1.79065061028575e-07
132165.54818058250; 1.07399358168703e-07
132311.89965926905; 1.31078502979678e-07
132458.25113795564; 1.32931285999930e-07
132604.60261664219; 1.51795488852255e-07
132750.95409532872; 1.04483683620933e-07
132968.35419493302; 1.22665904735007e-07
133114.70567361961; 1.37618843893814e-07
133261.05715230617; 1.56038715616557e-07
133407.40863099269; 8.62169042289630e-08
133553.76010967928; 1.30889882348835e-07
133700.11158836583; 1.34480754463338e-07
133846.46306705236; 1.52978743004561e-07
133992.81454573892; 1.23700249836311e-07
134139.16602442550; 1.12532087138688e-07
134285.51750311206; 1.52632636720490e-07
134431.86898179859; 1.58248390938432e-07
134578.22046048517; 9.91648008055010e-08
134724.57193917173; 1.39327111686834e-07
134870.92341785828; 1.47115246853170e-07
135017.27489654481; 1.68139641534773e-07
135163.62637523140; 1.26492902219226e-07
135309.97785391795; 1.53320227732648e-07
135527.37795352226; 2.29442025917869e-07
135673.72943220881; 2.11109447983720e-07
135820.08091089537; 1.63008724849213e-07
135966.43238958193; 1.71793748905659e-07
136112.78386826848; 1.72143712061657e-07
136259.13534695504; 1.52503707465954e-07
136405.48682564159; 1.51438112084419e-07
136551.83830432815; 1.52108102857066e-07
136698.18978301471; 1.75980022306300e-07
136844.54126170126; 1.43995538271536e-07
136990.89274038782; 1.17199595013827e-07
137137.24421907437; 1.61248164590155e-07
137283.59569776093; 1.47202614062467e-07
137429.94717644749; 1.10509370675994e-07
137576.29865513404; 1.49325940845977e-07
137722.65013382060; 1.42968231943951e-07
137940.05023342493; 2.12836646774993e-07
138086.40171211149; 1.45485075413279e-07
138232.75319079804; 1.24662540504740e-07
138379.10466948460; 1.76923205870075e-07
138525.45614817116; 1.85081414817554e-07
138671.80762685771; 1.24636781322344e-07
138818.15910554427; 1.55730201283209e-07
138964.51058423083; 1.53036108895366e-07
139110.86206291738; 1.51421219838555e-07
139257.21354160394; 8.24024079168770e-08
139403.56502029049; 1.22584960827900e-07
139549.91649897705; 1.56336465832589e-07
139696.26797766361; 1.68933034603954e-07
139842.61945635016; 1.11548155333431e-07
139988.97093503672; 1.65164660630755e-07
140135.32241372328; 1.54423713903776e-07
140281.67389240983; 1.16693073079675e-07
140499.07399201416; 1.89788655781797e-07
140645.42547070072; 2.36222919258977e-07
140791.77694938728; 2.82401591525811e-07
140938.12842807383; 1.74140490548708e-07
141084.47990676039; 1.79353864777049e-07
141230.83138544695; 1.77022994835121e-07
141377.18286413350; 2.31464933261315e-07
141523.53434282006; 1.63983087398811e-07
141669.88582150661; 1.76519078237631e-07
141816.23730019317; 1.89075748276567e-07
141962.58877887973; 1.85243453765105e-07
142108.94025756628; 1.24119932863941e-07
142255.29173625284; 1.58291127931084e-07
142401.64321493939; 2.01076162429995e-07
142547.99469362595; 2.22134404792052e-07
142694.34617231251; 1.84229931854618e-07
142840.69765099906; 2.16038617499924e-07
143058.09775060340; 1.79969107494207e-07
143204.44922928995; 1.86640505164426e-07
143350.80070797651; 1.73888477726229e-07
143497.15218666304; 1.40703383261183e-07
143643.50366534962; 1.95950626889727e-07
143789.85514403618; 1.29820904337276e-07
143936.20662272273; 1.56195551321784e-07
144082.55810140926; 2.04518620988543e-07
144228.90958009585; 2.52378328953087e-07
144375.26105878240; 1.96105672766118e-07
144521.61253746893; 1.97804532233583e-07
144667.96401615551; 1.98251772547888e-07
144814.31549484207; 2.32064438586440e-07
144960.66697352863; 1.68259844676005e-07
145107.01845221515; 1.55248795291179e-07
145253.36993090174; 2.05114224087720e-07
145399.72140958830; 1.90238895462622e-07
145617.12150919260; 1.64936964693144e-07
145763.47298787915; 2.24785816544408e-07
145909.82446656571; 2.08204815138893e-07
146056.17594525227; 1.93157451051224e-07
146202.52742393882; 1.63383816315134e-07
146348.87890262538; 1.87169563493778e-07
146495.23038131194; 2.24329423281528e-07
146641.58185999849; 1.49774788989261e-07
146787.93333868505; 1.48224950025741e-07
146934.28481737160; 1.91178450751232e-07
147080.63629605816; 1.85142233364337e-07
147226.98777474472; 1.52432341899530e-07
147373.33925343127; 1.50468904550658e-07
147519.69073211783; 1.81214022834279e-07
147666.04221080439; 2.27530028131434e-07
147812.39368949094; 1.25644883011850e-07
148029.79378909525; 1.12880326507576e-07
148176.14526778183; 1.63509546229559e-07
148322.49674646836; 1.84836663455493e-07
148468.84822515491; 1.15312897048328e-07
148615.19970384150; 1.69364461454173e-07
148761.55118252803; 1.67874406636906e-07
148907.90266121458; 1.79803896556227e-07
149054.25413990114; 1.54339095261130e-07
149200.60561858772; 1.77335555573131e-07
149346.95709727425; 2.35079433094208e-07
149493.30857596081; 1.80842642726652e-07
149639.66005464739; 1.95371245061197e-07
149786.01153333392; 2.36965635053426e-07
149932.36301202048; 2.05966712910078e-07
150078.71449070703; 2.46102841717727e-07
150225.06596939362; 2.00636596727675e-07
150371.41744808014; 1.95397783665769e-07
150588.81754768448; 2.00312058977934e-07
150735.16902637103; 1.73048762769528e-07
150881.52050505759; 1.78687091124911e-07
151027.87198374415; 2.24918078332113e-07
151174.22346243070; 2.02720831078471e-07
151320.57494111726; 1.97264804702420e-07
151466.92641980381; 9.49417222680840e-08
151613.27789849037; 8.27567647913600e-08
151759.62937717693; 1.17097904039037e-07
151905.98085586348; 1.00676884650143e-07
152052.33233455004; 8.54622863943670e-08
152198.68381323660; 1.09467821283149e-07
152345.03529192315; 4.29576276828980e-08
152491.38677060971; 5.99653529135740e-08
152637.73824929626; 5.61256472677730e-08
152784.08972798282; 3.13692980353730e-08
152930.44120666938; 5.54965605307430e-08
153147.84130627371; 4.31213786199340e-08
153294.19278496027; 4.10824257881670e-08
153440.54426364682; 8.74133319438550e-08
153586.89574233338; 5.20719458747150e-08
153733.24722101993; 7.34819391449360e-08
153879.59869970649; 1.00979631948357e-07
154025.95017839305; 1.32264265638597e-07
154172.30165707960; 1.57063363532181e-07
154318.65313576616; 1.29386879679284e-07
154465.00461445272; 1.39610747237750e-07
154611.35609313927; 1.06695923960493e-07
154757.70757182583; 1.02972098693043e-07
154904.05905051238; 4.75032313153370e-08
155050.41052919894; 8.24138902544390e-08
155196.76200788550; 4.24702300515560e-08
155343.11348657205; 6.61584206153040e-08
155560.51358617638; 1.27818246145587e-07
155706.86506486294; 1.62124183454095e-07
155853.21654354950; 1.37043320143483e-07
155999.56802223605; 7.83187237668420e-08
156145.91950092261; 1.27292221146653e-07
156292.27097960917; 1.19501399778433e-07
156438.62245829572; 6.72218485032390e-08
156584.97393698228; 9.40440549790350e-08
156731.32541566883; -5.54659044347460e-08
156877.67689435539; -7.11168348564760e-08
157024.02837304195; -4.82371113774360e-08
157170.37985172850; -7.46054793589400e-08
157316.73133041506; -4.72118393717760e-08
157463.08280910162; -2.95264279503460e-08
157609.43428778817; -5.96679702627550e-08
157755.78576647473; -3.62829254760040e-08
157902.13724516128; -5.60342693788900e-08
158119.53734476562; -9.51943407173099e-09
158265.88882345217; 2.56228914177880e-08
158412.24030213870; 3.04769895460595e-09
158558.59178082526; 1.79709011579400e-08
158704.94325951184; 3.37124115993390e-08
158851.29473819837; -4.61702457326301e-09
158997.64621688492; -9.16941772383600e-09
159143.99769557151; 2.77408921088860e-08
159290.34917425807; -1.11019084390020e-08
159436.70065294459; 2.97417561194880e-08
159583.05213163115; -3.51694143858290e-08
159729.40361031774; -5.02836915375310e-08
159875.75508900429; -2.83001365275803e-09
160022.10656769082; -5.04443843095140e-08
160168.45804637737; 1.88702676064630e-08
160314.80952506396; 4.43391402113140e-08
160461.16100375049; -1.23371593569900e-08
160678.56110335482; 9.22818351979798e-09
160824.91258204138; -2.26178180259100e-08
160971.26406072793; -2.49693770189000e-08
161117.61553941446; 1.97556275120450e-08
161263.96701810104; -3.37916236060960e-08
161410.31849678760; -6.60428214846810e-08
161556.66997547413; -2.60661511814990e-08
161703.02145416071; -1.40603879150379e-07
161849.37293284727; -4.11350082869630e-08
161995.72441153383; -5.63051369754220e-08
162142.07589022035; -2.67542751770050e-08
162288.42736890694; -1.60595025007210e-08
162434.77884759349; -6.95736381639960e-08
162581.13032628002; -6.27843895285360e-08
162727.48180496661; -4.54475840327330e-08
162873.83328365316; -3.37228603673220e-08
163091.23338325747; 1.32617551494770e-08
163237.58486194402; -5.80807632701440e-08
163383.93634063058; -5.08344270200450e-08
163530.28781931713; -3.79567370242460e-08
163676.63929800369; -8.78412821648670e-08
163822.99077669025; -5.49184992175220e-08
163969.34225537680; -3.40672883272330e-08
164115.69373406336; -3.43819756467490e-08
164262.04521274992; -2.03507500063250e-08
164408.39669143647; -4.78404878889699e-09
164554.74817012303; -3.28592376240900e-08
164701.09964880958; 2.74625166383780e-08
164847.45112749614; -1.45836938683240e-08
164993.80260618270; -2.32685266978170e-08
165140.15408486925; -2.42617745190310e-08
165286.50556355581; -1.74323096080420e-08
165432.85704224237; -3.45478644384480e-08
165650.25714184670; 1.68171470801660e-08
165796.60862053325; -3.36327267649590e-08
165942.96009921981; 2.08503446114400e-08
166089.31157790637; -4.94338520022670e-08
166235.66305659292; -3.82123533679500e-08
166382.01453527948; 5.42652179726399e-09
166528.36601396604; -6.04337174057660e-08
166674.71749265259; -2.21565210148840e-08
166821.06897133915; -3.54181409043300e-09
166967.42045002570; -2.83425286848550e-08
167113.77192871226; -2.63628896492720e-08
167260.12340739882; -5.76036701821760e-08
167406.47488608537; -8.18358777512600e-08
167552.82636477193; -5.34798040815420e-08
167699.17784345848; -2.15719764687510e-08
167845.52932214504; -4.13704701572680e-08
167991.88080083160; 3.76205651014520e-08
168209.28090043593; -1.68150979494090e-08
168355.63237912249; -1.06019405358900e-08
168501.98385780904; -5.71434342467380e-08
168648.33533649560; -4.38672523857550e-08
168794.68681518215; 1.94025377315800e-08
168941.03829386871; 1.33840914229601e-09
169087.38977255527; 1.62000555529750e-08
169233.74125124182; 2.99940115295910e-08
169380.09272992838; 5.15889950206401e-09
169526.44420861494; -2.43462523543230e-08
169672.79568730149; 3.78532986069702e-09
169819.14716598805; -3.28411712198399e-09
169965.49864467460; -1.71846923490160e-08
170111.85012336116; -1.01126647283160e-08
170258.20160204772; -1.13808422461499e-09
170404.55308073427; 1.53009753600680e-08
170550.90455942083; -8.04984653688002e-09
170768.30465902516; -7.48699766810897e-09
170914.65613771172; 2.35977932075020e-08
171061.00761639827; -2.06670643300510e-08
171207.35909508483; -1.35095284510320e-08
171353.71057377139; -1.72788106544890e-08
171500.06205245794; -5.51259409705820e-08
171646.41353114447; -1.27263210789490e-08
171792.76500983106; -1.72769559031000e-08
171939.11648851761; -5.15405132482190e-08
172085.46796720417; -4.87500280461980e-08
172231.81944589072; -8.75813441948750e-08
172378.17092457728; -3.00993109594540e-08
172524.52240326384; -5.21036296797820e-08
172670.87388195036; -3.63717549338120e-08
172817.22536063695; -5.19842043042599e-09
172963.57683932350; -4.42645211612930e-08
173180.97693892784; -1.87617260638210e-08
173327.32841761436; -2.13163064612220e-08
173473.67989630092; -3.38086266225870e-08
173620.03137498748; -3.79310644358798e-09
173766.38285367403; -3.21836435517740e-08
173912.73433236059; -1.26432303245490e-08
174059.08581104715; 5.32010353353398e-09
174205.43728973373; -5.17000157206170e-08
174351.78876842026; -4.28930133195960e-08
174498.14024710681; -7.48088430155097e-09
174644.49172579337; -4.84745949163740e-08
174790.84320447993; -4.05855837832220e-08
174937.19468316648; -5.70610195372530e-08
175083.54616185304; -7.24989451264250e-08
175229.89764053962; -2.09546075158900e-08
175376.24911922615; -9.74859885278560e-08
175522.60059791271; -5.91682882501640e-08
175740.00069751704; 1.13113270905340e-08
175886.35217620357; 1.43317930397060e-08
176032.70365489012; 8.07243452459983e-10
176179.05513357668; -1.41284288001397e-09
176325.40661226326; -6.85064452654970e-08
176471.75809094979; -1.10063558568199e-09
176618.10956963635; -2.92960986856170e-08
176764.46104832293; -3.03895242369480e-08
176910.81252700949; -3.26607672969999e-09
177057.16400569602; -1.51892527197160e-08
177203.51548438257; -2.07114187717750e-08
177349.86696306916; -9.33570666797801e-09
177496.21844175569; -3.31995290733350e-08
177642.56992044224; -1.15028580656560e-08
177788.92139912883; -9.39662694722499e-09
177935.27287781538; -3.15460469370580e-08
178081.62435650191; 5.15688035664300e-09
178299.02445610624; -6.30692657951670e-08
178445.37593479280; -1.99622606352690e-08
178591.72741347936; -2.29472107724605e-09
178738.07889216591; -8.11738356474099e-09
178884.43037085247; 1.36262362371020e-08
179030.78184953902; -5.58544615651002e-09
179177.13332822558; -3.68894317700080e-08
179323.48480691214; -1.01839826079600e-08
179469.83628559869; -1.68991077542800e-08
179616.18776428525; -5.36053050070290e-08
179762.53924297180; -2.07771326440730e-08
179908.89072165836; -4.65669177188930e-08
180055.24220034492; -2.19528707978360e-08
180201.59367903147; -4.46627760333460e-08
180347.94515771803; -4.13076213062900e-08
180494.29663640459; -8.58632121126801e-09
180711.69673600892; 1.39965291119962e-11
180858.04821469547; -1.31411047725680e-08
181004.39969338203; 3.40106309380840e-08
181150.75117206859; -2.17081128530480e-08
181297.10265075514; 3.00545951705402e-09
181443.45412944170; -3.66089502084640e-08
181589.80560812826; -4.59292785532580e-08
181736.15708681481; 2.32865398713985e-10
181882.50856550137; -4.30738299348710e-08
182028.86004418792; -2.77952975309760e-08
182175.21152287448; -3.46241375115620e-08
182321.56300156104; -4.39576034332040e-08
182467.91448024759; -5.20120720668350e-08
182614.26595893415; -2.87386823076760e-08
182760.61743762071; -5.35028089741170e-08
182906.96891630726; -4.32585469550460e-08
183053.32039499382; -4.69490556447770e-08
183270.72049459815; -1.61325781717850e-08
183417.07197328471; -1.82259210104320e-08
183563.42345197126; -3.54695618846220e-08
183709.77493065782; -6.87238705038600e-08
183856.12640934438; -3.65700636450690e-08
184002.47788803093; -6.73127433009100e-08
184148.82936671749; -4.50997654672410e-08
184295.18084540404; -4.30833115215320e-08
184441.53232409060; -6.57003915596100e-08
184587.88380277716; -1.79442331079610e-08
184734.23528146371; -5.27687186699300e-08
184880.58676015027; -2.13230835385260e-08
185026.93823883682; -4.25056384650803e-09
185173.28971752338; -6.18019408783770e-08
185319.64119620994; -6.45133490633005e-10
185465.99267489649; -5.22572503498630e-08
185612.34415358305; -2.90346076095810e-08
185829.74425318738; -2.22968443514120e-08
185976.09573187394; -5.42921725174210e-08
186122.44721056047; -7.81703793397260e-08
186268.79868924705; -2.93981359725490e-08
186415.15016793361; -5.00087996050480e-08
186561.50164662013; 1.15976189679700e-09
186707.85312530669; -3.33540994541540e-08
186854.20460399328; -4.72571702072810e-08
187000.55608267983; -3.47363177781440e-08
187146.90756136636; -7.42241537085590e-08
187293.25904005294; -5.12953796245480e-08
187439.61051873950; -1.31476483675960e-08
187585.96199742603; -5.50850162070250e-08
187732.31347611258; -4.58446468592290e-08
187878.66495479917; -3.50316577557820e-08
188025.01643348573; -8.01818366569580e-08
188242.41653309003; -3.76591151222290e-08
188388.76801177658; -4.24402332887740e-08
188535.11949046314; -1.33950937527780e-08
188681.47096914967; 6.63334662974799e-09
188827.82244783625; -1.01959582870800e-08
188974.17392652281; -4.85801680908560e-08
189120.52540520937; -1.34404339123800e-08
189266.87688389592; -3.64573757419830e-08
189413.22836258248; -8.38983422964500e-09
189559.57984126903; -3.08957164521580e-08
189705.93131995556; -4.85911741641860e-08
189852.28279864215; -4.74084758804780e-08
189998.63427732870; -5.82755481834000e-08
190144.98575601526; -5.63202413871420e-08
190291.33723470182; -2.12816734171930e-08
190437.68871338837; -5.10921176071790e-08
190584.04019207493; 1.14023148683230e-08
190801.44029167923; -6.74165465723210e-08
190947.79177036579; -8.58827771697430e-08
191094.14324905234; -1.61397112681180e-08
191240.49472773893; -8.59174733036210e-08
191386.84620642546; -8.87318215865030e-08
191533.19768511201; -7.56521895259440e-08
191679.54916379857; -8.47987933841150e-08
191825.90064248512; -5.79834777862100e-08
191972.25212117168; -7.64546823488170e-08
192118.60359985824; -5.02054363532510e-08
192264.95507854479; -3.42679097537570e-08
192411.30655723135; -6.41361378797480e-08
192557.65803591791; -6.85445886787860e-08
192704.00951460446; -6.77979032380310e-08
192850.36099329102; -8.08226697617270e-08
192996.71247197757; -9.89187784752330e-08
193143.06395066413; -4.87939587294090e-08
193360.46405026846; -7.59321844117710e-08
193506.81552895502; -3.83274433603330e-08
193653.16700764158; -8.62699242134520e-08
193799.51848632813; -6.96670018318000e-08
193945.86996501469; -4.08464716423700e-08
194092.22144370124; -5.39636616530290e-08
194238.57292238780; -7.29900223014810e-08
194384.92440107436; -3.12712380467180e-08
194531.27587976091; -5.56791972552680e-08
194677.62735844747; -4.44091807309650e-08
194823.97883713403; -7.44222812377250e-08
194970.33031582058; -8.59466110448500e-08
195116.68179450714; -4.22505060501870e-08
195263.03327319369; -6.08105907447550e-08
195409.38475188025; -7.61558341292630e-08
195555.73623056681; -2.40154806099920e-08
195702.08770925336; -5.58480803980580e-08
195919.48780885770; -5.19800226228760e-08
196065.83928754425; -6.88766894834670e-08
196212.19076623081; -7.41742221055390e-08
196358.54224491736; -5.40269059849810e-08
196504.89372360392; -7.96747094489670e-08
196651.24520229048; -6.92300435421130e-08
196797.59668097703; -5.16029478107920e-08
196943.94815966359; -7.00695307077540e-08
197090.29963835014; -2.14828737768020e-08
197236.65111703670; -5.16574632182650e-08
197383.00259572326; -2.81513462224830e-08
197529.35407440981; -1.36631301041902e-09
197675.70555309637; -2.78083673287490e-08
197822.05703178293; -3.63272583067280e-08
197968.40851046948; -3.72084464517590e-08
198114.75998915604; -3.92898955770310e-08
198332.16008876037; -1.69242213346710e-08
198478.51156744693; -5.90386067078580e-08
198624.86304613348; -4.55545396765890e-08
198771.21452482004; -3.81966225940610e-08
198917.56600350660; -6.06094031773340e-08
199063.91748219315; -7.16928866548460e-08
199210.26896087971; -4.70827018490250e-08
199356.62043956626; -4.55750856496860e-08
199502.97191825282; -5.36398908648070e-08
199649.32339693938; -1.54246693651830e-08
199795.67487562593; -8.40938054663070e-08
199942.02635431249; -2.69971791486090e-08
200088.37783299905; -6.91007296344640e-08
200234.72931168560; -8.25041176525640e-08
200381.08079037216; -5.78242985189120e-08
200527.43226905871; -8.89893504295330e-08
200673.78374774527; -7.21789806944430e-08
200891.18384734957; -4.93840050308030e-08
201037.53532603613; -6.98837414154160e-08
201183.88680472269; -5.19176779009910e-08
201330.23828340927; -9.73380690249660e-08
201476.58976209580; -8.87641250816050e-08
201622.94124078235; -8.87949246985750e-08
201769.29271946891; -8.61454493569030e-08
201915.64419815547; -9.45590026522990e-08
202061.99567684202; -7.65930794178170e-08
202208.34715552858; -9.30846078581610e-08
202354.69863421516; -9.66255998671480e-08
202501.05011290169; -7.29687420660910e-08
202647.40159158825; -7.23949336620530e-08
202793.75307027480; -5.89456524641480e-08
202940.10454896139; -5.92978620093300e-08
203086.45602764792; -5.97854393395070e-08
203232.80750633447; -4.90066030533690e-08
203450.20760593881; -8.18952783826120e-08
203596.55908462533; -8.19163114114040e-08
203742.91056331189; -7.82051672419500e-08
203889.26204199847; -8.41973128062230e-08
204035.61352068503; -5.73081033121080e-08
204181.96499937156; -5.89832370342680e-08
204328.31647805814; -2.93388612459920e-08
204474.66795674470; -4.32216310545540e-08
204621.01943543123; -8.13712718851360e-08
204767.37091411778; -8.96752034495430e-08
204913.72239280437; -1.89432752646830e-08
205060.07387149092; -6.60072502288810e-08
205206.42535017745; -7.40201566931220e-08
205352.77682886404; -7.88352030181070e-08
205499.12830755059; -1.08262573953446e-07
205645.47978623712; -7.25678847857990e-08
205862.87988584145; -1.20385788999141e-07
206009.23136452801; -9.96760352510050e-08
206155.58284321456; -6.77780552494640e-08
206301.93432190112; -4.79672757597810e-08
206448.28580058768; -4.89379474512230e-08
206594.63727927423; -1.10160591504593e-07
206740.98875796079; -9.14695969704470e-08
206887.34023664735; -6.06946696429220e-08
207033.69171533390; -8.36958835326810e-08
207180.04319402046; -9.43697355053000e-08
207326.39467270701; -6.67607206358110e-08
207472.74615139357; -7.61226737488100e-08
207619.09763008013; -8.65283296646340e-08
207765.44910876668; -1.01671611887190e-07
207911.80058745324; -5.17612159142210e-08
208058.15206613980; -3.24486738750430e-08
208204.50354482635; -2.63550236123750e-08
208421.90364443068; -6.82426851961040e-08
208568.25512311724; -8.29092232568150e-08
208714.60660180380; -9.15493874715760e-08
208860.95808049035; -6.07289250694410e-08
209007.30955917691; -6.33786217514870e-08
209153.66103786347; -6.70262655201500e-08
209300.01251655002; -4.84054732037760e-08
209446.36399523658; -7.12430645488390e-08
209592.71547392313; -6.96645941517640e-08
209739.06695260969; -2.69964616360110e-08
209885.41843129625; -9.49089315937630e-08
210031.76990998280; -4.41335750271330e-08
210178.12138866936; -5.23781782394490e-08
210324.47286735591; -7.15443570986260e-08
210470.82434604247; -5.99954788182810e-08
210617.17582472903; -1.02165240997665e-07
210763.52730341558; -8.32484836828830e-08
210980.92740301992; -7.72269294601890e-08
211127.27888170647; -1.01414645089975e-07
211273.63036039303; -1.00682809585022e-07
211419.98183907958; -8.36344514072040e-08
211566.33331776614; -7.76815299925240e-08
211712.68479645270; -6.84629013785350e-08
211859.03627513925; -8.57769834482830e-08
212005.38775382581; -9.81903655362210e-08
212151.73923251237; -1.03873281484195e-07
212298.09071119892; -1.31627383050052e-07
212444.44218988548; -1.35242262432286e-07
212590.79366857203; -5.87101035297150e-08
212737.14514725859; -6.07605026749420e-08
212883.49662594515; -5.96399271663590e-08
213029.84810463170; -6.86347707006220e-08
213176.19958331826; -7.96401112514700e-08
213393.59968292259; -5.89821469238380e-08
213539.95116160915; -5.42829907847440e-08
213686.30264029567; -4.45120255681790e-08
213832.65411898226; -7.05309908378300e-08
213979.00559766882; -6.52825579189410e-08
214125.35707635537; -6.09131052743990e-08
214271.70855504190; -5.99729546426980e-08
214418.06003372848; -8.29308024640240e-08
214564.41151241504; -6.19393846476640e-08
214710.76299110157; -6.84326469641630e-08
214857.11446978815; -4.35794185446070e-08
215003.46594847471; -4.54122267643040e-08
215149.81742716127; -6.93365447198550e-08
215296.16890584779; -5.59416904432480e-08
215442.52038453438; -8.36959225668070e-08
215588.87186322093; -5.87986806390900e-08
215735.22334190746; -6.57164894515630e-08
215952.62344151179; -9.19444249650430e-08
216098.97492019835; -8.26353014930390e-08
216245.32639888491; -6.40446495176090e-08
216391.67787757146; -1.12286484405725e-07
216538.02935625802; -8.61720867847850e-08
216684.38083494458; -8.00692353413560e-08
216830.73231363110; -5.19912569383760e-08
216977.08379231769; -5.78562635145120e-08
217123.43527100424; -5.15908670859900e-08
217269.78674969080; -3.49286824384780e-08
217416.13822837736; -5.48787732276740e-08
217562.48970706391; -5.37247646735190e-08
217708.84118575047; -8.07733717560190e-08
217855.19266443700; -4.94331641526820e-08
218001.54414312358; -6.63333556184890e-08
218147.89562181014; -5.44621295707050e-08
218294.24710049669; -7.59801802691970e-08
218511.64720010100; -5.65584995792150e-08
218657.99867878755; -4.03587319155670e-08
218804.35015747411; -1.08765338755560e-08
218950.70163616067; -1.86729107412950e-08
219097.05311484722; -3.09280374272820e-08
219243.40459353378; -1.02211105078385e-07
219389.75607222036; -3.08965044051970e-08
219536.10755090689; -7.85023735804210e-08
219682.45902959345; -8.19880938452730e-08
219828.81050828000; -8.66786301920200e-08
219975.16198696659; -9.88237695342060e-08
220121.51346565312; -9.61550745393060e-08
220267.86494433967; -1.16752347704230e-07
220414.21642302626; -9.97827655185290e-08
220560.56790171278; -7.26838482821540e-08
220706.91938039934; -7.33598746768570e-08
220853.27085908590; -6.60307187486700e-08
221070.67095869023; -1.04441397660469e-07
221217.02243737679; -1.47137561319727e-07
221363.37391606334; -1.29054039929255e-07
221509.72539474990; -1.14818556087336e-07
221656.07687343645; -1.15505443062913e-07
221802.42835212301; -8.47250014566220e-08
221948.77983080957; -4.88912462228770e-08
222095.13130949612; -7.61558207482680e-08
222241.48278818268; -8.83431740717460e-08
222387.83426686923; -9.19505247281770e-08
222534.18574555579; -6.09880025661990e-08
222680.53722424235; -5.84982078315800e-08
222826.88870292890; -8.04910938450920e-08
222973.24018161546; -8.01202022849650e-08
223119.59166030202; -7.68496752862140e-08
223265.94313898857; -1.80152822132880e-07
223483.34323859290; -1.12236329567224e-07
223629.69471727946; -1.06963002007092e-07
223776.04619596602; -1.31728899677925e-07
223922.39767465257; -1.99180750716863e-07
224068.74915333913; -1.07878547372818e-07
224215.10063202569; -1.71194407757772e-07
224361.45211071224; -1.64609042877477e-07
224507.80358939880; -1.84427387645977e-07
224654.15506808535; -1.77079863894347e-07
224800.50654677191; -1.82936031630955e-07
224946.85802545847; -1.91760100205463e-07
225093.20950414502; -1.83797430461852e-07
225239.56098283158; -2.16583177196910e-07
225385.91246151814; -1.86554170528969e-07
225532.26394020469; -1.66250105365620e-07
225678.61541889125; -2.03732038663964e-07
225824.96689757780; -1.79761583021560e-07
226042.36699718214; -2.01581139190585e-07
226188.71847586869; -2.09994113031360e-07
226335.06995455525; -1.83344353125753e-07
226481.42143324181; -1.69812805464126e-07
226627.77291192836; -1.22396762629696e-07
226774.12439061492; -1.02713602868966e-07
226920.47586930147; -1.39219459226302e-07
227066.82734798803; -1.95719501533934e-07
227213.17882667459; -1.50321946702262e-07
227359.53030536114; -1.48819856382147e-07
227505.88178404770; -1.50572066770348e-07
227652.23326273425; -1.46536345246138e-07
227798.58474142081; -1.55366354562039e-07
227944.93622010737; -1.53910090523069e-07
228091.28769879392; -1.55350720092016e-07
228237.63917748048; -1.00765755169663e-07
228383.99065616704; -9.58336856238480e-08
228601.39075577134; -1.37312223637981e-07
228747.74223445790; -1.55754251186726e-07
228894.09371314448; -1.25683592237082e-07
229040.44519183104; -1.86489621036732e-07
229186.79667051756; -1.58980391901181e-07
229333.14814920412; -1.47589130791686e-07
229479.49962789071; -1.71550564090335e-07
229625.85110657723; -1.51450122817355e-07
229772.20258526379; -1.79814767857048e-07
229918.55406395037; -1.67093230192858e-07
230064.90554263693; -2.29453150527418e-07
230211.25702132346; -2.21812118685431e-07
230357.60850001001; -2.21267140907300e-07
230503.95997869660; -1.92546885410890e-07
230650.31145738313; -2.13120056996164e-07
230796.66293606968; -1.70597381161938e-07
231014.06303567401; -1.29730467532230e-07
231160.41451436057; -1.15816227114779e-07
231306.76599304710; -1.35519120072532e-07
231453.11747173368; -1.48046863417260e-07
231599.46895042024; -1.32000097865013e-07
231745.82042910677; -1.32330938398352e-07
231892.17190779335; -1.52207419647800e-07
232038.52338647991; -1.83243377081695e-07
232184.87486516646; -1.62924628935417e-07
232331.22634385299; -1.66447750379775e-07
232477.57782253958; -1.59922453354865e-07
232623.92930122613; -1.28068327900955e-07
232770.28077991266; -1.25497613307989e-07
232916.63225859922; -4.75458335979908e-07
233062.98373728580; -5.98181622479617e-07
233209.33521597236; -4.13677327720305e-07
233355.68669465889; -5.02458120298025e-07
233573.08679426322; -5.53427380751769e-07
233719.43827294977; -5.31029260469191e-07
233865.78975163633; -5.55979171981048e-07
234012.14123032289; -5.35066564681128e-07
234158.49270900944; -5.47382128437591e-07
234304.84418769600; -5.70016514443846e-07
234451.19566638255; -5.38065982079438e-07
234597.54714506911; -5.51318140870822e-07
234743.89862375567; -5.62973638802371e-07
234890.25010244222; -5.67895533702697e-07
235036.60158112878; -5.99732519173327e-07
235182.95305981534; -5.68534183082204e-07
235329.30453850189; -5.24793785679018e-07
235475.65601718845; -4.53256005891171e-07
235622.00749587500; -3.90055188260611e-07
235768.35897456156; -3.52395135281574e-07
235914.71045324812; -3.83879840211613e-07
236132.11055285245; -4.21071637555412e-07
236278.46203153901; -4.43984738875776e-07
236424.81351022556; -4.57244307568887e-07
236571.16498891212; -4.57875091794785e-07
236717.51646759867; -4.80973497438754e-07
236863.86794628523; -4.77318927850453e-07
237010.21942497179; -4.52521430149785e-07
237156.57090365834; -4.12575390553049e-07
237302.92238234490; -3.74889477670443e-07
237449.27386103146; -3.91231892182636e-07
237595.62533971801; -4.87404166923493e-07
237741.97681840457; -4.26084004939315e-07
237888.32829709112; -4.04858289379293e-07
238034.67977577768; -4.83033173864318e-07
238181.03125446424; -4.85714046866035e-07
238327.38273315079; -4.89508666273911e-07
238544.78283275513; -4.58995451941056e-07
238691.13431144168; -4.96821824360870e-07
238837.48579012824; -5.07222336499424e-07
238983.83726881479; -4.88679734070610e-07
239130.18874750135; -4.84941536963044e-07
239276.54022618791; -4.90563811648926e-07
239422.89170487446; -5.16888714181549e-07
239569.24318356102; -5.06748857707112e-07
239715.59466224757; -5.08703071305648e-07
239861.94614093413; -5.15916529125609e-07
240008.29761962069; -5.30794499113235e-07
240154.64909830724; -4.71353620675502e-07
240301.00057699380; -3.77396751426098e-07
240447.35205568036; -3.77414947034062e-07
240593.70353436691; -3.95934127549986e-07
240740.05501305347; -4.22620318559851e-07
240886.40649174002; -4.30239867525979e-07
241103.80659134436; -4.56972075751776e-07
241250.15807003091; -4.40915362424391e-07
241396.50954871744; -4.61743650364779e-07
241542.86102740403; -4.81508460057435e-07
241689.21250609058; -4.28091410169116e-07
241835.56398477711; -3.64815662240355e-07
241981.91546346369; -3.38653318394414e-07
242128.26694215025; -3.64735870998948e-07
242274.61842083681; -5.62158874657776e-07
242420.96989952333; -3.58096744189582e-07
242567.32137820992; -4.23889807619323e-07
242713.67285689648; -4.62765076618412e-07
242860.02433558300; -4.85301749703629e-07
243006.37581426959; -5.58534898932314e-07
243152.72729295614; -5.85128705421301e-07
243299.07877164270; -5.46904867164913e-07
243445.43025032923; -5.36917346907081e-07
243662.83034993356; -4.97582042037128e-07
243809.18182862012; -4.69862308822542e-07
243955.53330730667; -4.73354627613774e-07
244101.88478599323; -4.65804341483677e-07
244248.23626467978; -4.71171386585836e-07
244394.58774336634; -1.74039640412916e-06
244540.93922205290; -1.72222644035392e-06
244687.29070073945; 1.56709348607130e-07
244833.64217942601; -1.18650147377257e-07
244979.99365811257; -2.62399011277353e-07
245126.34513679912; -3.56039070010550e-07
245272.69661548568; -3.94648668695150e-07
245419.04809417223; -3.70458623655997e-07
245565.39957285879; -3.48437926082098e-07
245711.75105154535; -3.34748082588345e-07
245858.10253023190; -3.94724211711979e-07
246004.45400891849; -4.06353612116461e-07
246221.85410852276; -4.48030651601815e-07
246368.20558720932; -4.73002713547183e-07
246514.55706589590; -4.76969505076725e-07
246660.90854458243; -5.36023424736835e-07
246807.26002326899; -1.68396846688983e-07
246953.61150195557; -2.67783308003268e-07
247099.96298064213; -3.65365868867165e-07
247246.31445932866; -4.24795981163380e-07
247392.66593801521; -4.12977664560682e-07
247539.01741670180; -4.44544278166354e-07
247685.36889538832; -4.57434736591114e-07
247831.72037407488; -4.47657998077820e-07
247978.07185276147; -4.53002440450768e-07
248124.42333144802; -4.46071055036586e-07
248270.77481013455; -4.50678000815869e-07
248417.12628882111; -4.59662936929308e-07
248634.52638842544; -5.07031475717284e-07
248780.87786711199; -4.77195878005286e-07
248927.22934579855; -4.66425276423070e-07
249073.58082448511; -4.50501904833528e-07
249219.93230317166; -3.62563550974575e-07
249366.28378185822; -3.24614491144320e-07
249512.63526054478; -3.44037526782251e-07
249658.98673923133; -3.26574045893092e-07
249805.33821791789; -2.92210802078794e-07
249951.68969660444; -2.98178118879760e-07
250098.04117529100; -2.84438546491922e-07
250244.39265397756; -3.00402851364916e-07
250390.74413266411; -3.72099284227550e-07
250537.09561135067; -3.71149120558914e-07
250683.44709003723; -3.76950138590470e-07
250829.79856872378; -3.67186750537316e-07
250976.15004741034; -3.71522578428586e-07
251193.55014701467; -3.86219951573402e-07
251339.90162570123; -3.81707880765788e-07
251486.25310438778; -3.22242523185348e-07
251632.60458307434; -2.65326126081544e-07
251778.95606176089; -3.84941924623743e-07
251925.30754044745; -3.06631454041428e-07
252071.65901913401; -2.60797399794674e-07
252218.01049782056; -3.00198925882579e-07
252364.36197650712; -3.12979059820772e-07
252510.71345519368; -3.52965252174173e-07
252657.06493388023; -3.86072201072116e-07
252803.41641256679; -3.70404640300547e-07
252949.76789125334; -3.69604656024262e-07
253096.11936993990; -3.38306237195181e-07
253242.47084862646; -3.58178306747385e-07
253388.82232731301; -3.83673790823162e-07
253535.17380599957; -3.64838679246463e-07
253752.57390560390; -2.11260538714510e-06
253898.92538429046; -1.76123414078540e-07
254045.27686297701; 1.36330743124002e-09
254191.62834166357; -1.52173909560152e-07
254337.97982035013; -2.42104561233716e-07
254484.33129903668; -2.97007429619044e-07
254630.68277772324; -3.45470551428454e-07
254777.03425640980; -3.48714825489957e-07
254923.38573509635; -2.62738736694960e-07
255069.73721378291; -1.27334780222018e-07
255216.08869246946; -1.43377127802545e-07
255362.44017115602; -1.89147385080467e-07
255508.79164984258; -2.23154746288049e-07
255655.14312852913; -2.31481463979993e-07
255801.49460721569; -2.58862045386483e-07
255947.84608590225; -2.47277718049656e-07
256165.24618550658; -2.88511491489052e-07
256311.59766419310; -3.01566400903377e-07
256457.94914287969; -4.19529312982096e-07
256604.30062156625; -2.26272197379214e-07
256750.65210025277; -3.62508463951291e-07
256897.00357893933; -3.67590921760460e-07
257043.35505762591; -3.48366702384795e-07
257189.70653631247; -3.86117630540078e-07
257336.05801499900; -3.84259795877953e-07
257482.40949368555; -3.70495342251548e-07
257628.76097237214; -3.88615366756515e-07
257775.11245105867; -3.80856207361482e-07
257921.46392974522; -3.88771177303736e-07
258067.81540843181; -3.27267582173177e-07
258214.16688711836; -3.53988571946568e-07
258360.51836580489; -3.78648719169087e-07
258506.86984449145; -3.53909837095197e-07
258724.26994409578; -3.83947305176429e-07
258870.62142278231; -3.68759311189759e-07
259016.97290146889; -3.48353398126255e-07
259163.32438015545; -2.71420160053218e-07
259309.67585884201; -3.22175415130233e-07
259456.02733752853; -3.56807462195887e-07
259602.37881621512; -3.76416281405732e-07
259748.73029490167; -3.83091508559155e-07
259895.08177358820; -3.56801990508928e-07
260041.43325227479; -3.79442681325635e-07
260187.78473096134; -4.07766009516477e-07
260334.13620964790; -3.94607402613523e-07
260480.48768833443; -3.80789460986893e-07
260626.83916702101; -3.48717599292385e-07
260773.19064570757; -3.09940443721151e-07
260919.54212439409; -3.40054809644515e-07
261065.89360308068; -4.28074799003082e-07
261283.29370268498; -4.09555674845734e-07
261429.64518137154; -5.06824505057605e-07
261575.99666005810; -4.64913305613368e-07
261722.34813874465; -4.92315348293500e-07
261868.69961743121; -5.18153124699995e-07
262015.05109611776; -4.76598443193414e-07
262161.40257480432; -4.92459710274294e-07
262307.75405349088; -4.93056830500295e-07
262454.10553217749; -4.52677211918786e-07
262600.45701086405; -4.73614046748902e-07
262746.80848955055; -4.20995603500028e-07
262893.15996823716; -1.54669550950359e-06
263039.51144692372; -1.44904918965791e-06
263185.86292561021; -9.27989245320660e-08
263332.21440429683; -1.64309948762167e-07
263478.56588298333; -3.15057550649160e-07
263695.96598258766; -4.17407627964637e-07
263842.31746127422; -4.23047137848240e-07
263988.66893996077; -4.29810669865076e-07
264135.02041864733; -4.25935619616400e-07
264281.37189733388; -2.40331456254287e-07
264427.72337602044; -2.21401596378474e-07
264574.07485470700; -2.77753478267522e-07
264720.42633339355; -2.90965305590645e-07
264866.77781208011; -2.90264924957952e-07
265013.12929076666; -2.91281887117825e-07
265159.48076945322; -3.36972323725121e-07
265305.83224813978; -3.60406231014951e-07
265452.18372682633; -3.56299869196187e-07
265598.53520551289; -3.54822535234420e-07
265744.88668419945; -3.75558608569937e-07
265891.23816288600; -4.98069688789244e-07
266037.58964157256; -2.83560496048342e-07
266254.98974117689; -4.20039782292978e-07
266401.34121986345; -4.31189458901700e-07
266547.69269854994; -4.59838874681215e-07
266694.04417723656; -4.14708091284605e-07
266840.39565592312; -4.51676553319944e-07
266986.74713460967; -4.44365099197441e-07
267133.09861329623; -3.62529313852631e-07
267279.45009198278; -4.10827441038004e-07
267425.80157066934; -4.06390699444067e-07
267572.15304935590; -4.25133109620775e-07
267718.50452804239; -4.25893390202000e-07
267864.85600672901; -4.02787811093875e-07
268011.20748541557; -4.18668077037814e-07
268157.55896410206; -4.36608075919445e-07
268303.91044278868; -3.72619980852257e-07
268450.26192147523; -3.59900783850058e-07
268596.61340016179; -3.55810436239279e-07
268814.01349976612; -3.98846050602362e-07
268960.36497845268; -3.96638966213077e-07
269106.71645713923; -4.21557161090225e-07
269253.06793582579; -4.15921011971359e-07
269399.41941451235; -4.24647017621545e-07
269545.77089319890; -4.34227823089308e-07
269692.12237188546; -4.44768538520138e-07
269838.47385057202; -4.37772266962296e-07
269984.82532925857; -3.82614124083550e-07
270131.17680794513; -3.57991799954129e-07
270277.52828663168; -3.45159472505224e-07
270423.87976531824; -4.67246003999233e-07
270570.23124400480; -2.87900307722196e-07
270716.58272269135; -3.74496010416144e-07
270862.93420137791; -4.12461414263262e-07
271009.28568006447; -4.01772728553969e-07
271155.63715875102; -4.35808712289471e-07
271373.03725835530; -4.50337674521632e-07
271519.38873704185; -4.51118556657069e-07
271665.74021572841; -3.93368929275998e-07
271812.09169441496; -4.29393093601630e-07
271958.44317310152; -4.40216424792263e-07
272104.79465178808; -4.16567205414571e-07
272251.14613047463; -6.20447827545554e-07
272397.49760916119; -2.18167680150841e-06
272543.84908784775; -3.65432346342155e-07
272690.20056653430; -6.64798108742980e-08
272836.55204522092; -2.22522502382139e-07
272982.90352390741; -3.14810137623101e-07
273129.25500259397; -3.64934907465357e-07
273275.60648128053; -3.95319397688939e-07
273421.95795996708; -4.11573522265472e-07
273568.30943865364; -3.71779602117535e-07
273785.70953825803; -1.79998712997545e-07
273932.06101694459; -2.42590563142020e-07
274078.41249563108; -2.77972392097967e-07
274224.76397431770; -2.93348343545089e-07
274371.11545300425; -3.38061124791885e-07
274517.46693169075; -3.45331939831610e-07
274663.81841037737; -3.48478170890815e-07
274810.16988906392; -3.54454960844065e-07
274956.52136775048; -3.66362382133515e-07
275102.87284643704; -3.89150596304680e-07
275249.22432512353; -4.74131969800293e-07
275395.57580381015; -3.52089012465253e-07
275541.92728249670; -4.20701597768202e-07
275688.27876118320; -4.05078013359874e-07
275834.63023986982; -4.14308324290142e-07
275980.98171855637; -4.51478053583488e-07
276127.33319724287; -4.45542179992231e-07
276344.73329684720; -4.47289535105557e-07
276491.08477553376; -4.28028230267897e-07
276637.43625422032; -4.38268708129136e-07
276783.78773290687; -4.34949600898091e-07
276930.13921159343; -4.44943577133551e-07
277076.49069027998; -4.41408345649834e-07
277222.84216896654; -4.26061509732037e-07
277369.19364765310; -4.04226612034098e-07
277515.54512633965; -3.81443134638099e-07
277661.89660502621; -3.69289988007560e-07
277808.24808371277; -3.37843313958684e-07
277954.59956239932; -3.77670540320020e-07
278100.95104108588; -3.84398642132625e-07
278247.30251977243; -3.84908340479287e-07
278393.65399845899; -4.17502083660088e-07
278540.00547714555; -4.37198978816446e-07
278686.35695583210; -4.29274653483220e-07
278903.75705543644; -4.10124095785413e-07
279050.10853412299; -4.05003733414815e-07
279196.46001280955; -4.29684411373375e-07
279342.81149149610; -3.65495119992970e-07
279489.16297018266; -3.65254252506150e-07
279635.51444886922; -3.57742339627907e-07
279781.86592755577; -4.38479738142058e-07
279928.21740624233; -3.80970400652541e-07
280074.56888492889; -4.03048581164834e-07
280220.92036361544; -4.64060154514638e-07
280367.27184230200; -4.54676966380505e-07
280513.62332098855; -4.88239039233767e-07
280659.97479967511; -4.83178162901448e-07
280806.32627836167; -4.44082661997531e-07
280952.67775704822; -4.47721059795774e-07
281099.02923573478; -4.82213638913243e-07
281316.42933533911; -4.67118198014972e-07
281462.78081402567; -4.70382224897896e-07
281609.13229271222; -6.88024466328928e-07
281755.48377139878; -2.17473622261783e-06
281901.83525008534; -3.77215688748470e-08
282048.18672877189; -8.47239289697890e-08
282194.53820745845; -2.40164186266010e-07
282340.88968614500; -3.26158063167485e-07
282487.24116483156; -3.87422995272412e-07
282633.59264351812; -4.13300797563406e-07
282779.94412220467; -3.99789393120637e-07
282926.29560089123; -2.30497127957337e-07
283072.64707957779; -2.08707153732841e-07
283218.99855826434; -2.46277148437696e-07
283365.35003695090; -2.70827586668536e-07
283511.70151563745; -2.88615376576683e-07
283658.05299432401; -3.10031895325475e-07
283875.45309392834; -3.40298242104137e-07
284021.80457261484; -3.26708477336083e-07
284168.15605130140; -3.42948570219060e-07
284314.50752998801; -3.54266916669672e-07
284460.85900867451; -5.00094159775675e-07
284607.21048736112; -2.83718115514745e-07
284753.56196604762; -4.30733271920802e-07
284899.91344473418; -3.94055726384733e-07
285046.26492342079; -4.07538214946500e-07
285192.61640210729; -3.99935016036158e-07
285338.96788079385; -4.16296472577479e-07
285485.31935948046; -4.22270873895190e-07
285631.67083816696; -4.31750391366523e-07
285778.02231685352; -4.32050001117084e-07
285924.37379554013; -4.00236221947796e-07
286070.72527422663; -4.19048836204088e-07
286217.07675291318; -4.00011802039722e-07
286434.47685251758; -4.00250331579725e-07
286580.82833120413; -4.19826491338796e-07
286727.17980989069; -4.29077685099160e-07
286873.53128857724; -4.13093303223324e-07
287019.88276726380; -3.27618916724552e-07
287166.23424595036; -3.46544583953562e-07
287312.58572463691; -3.53515730549045e-07
287458.93720332347; -3.61147597446223e-07
287605.28868201002; -3.77109914984217e-07
287751.64016069658; -3.98183509703418e-07
287897.99163938314; -4.18824653733742e-07
288044.34311806969; -4.12652053204521e-07
288190.69459675625; -3.91667524748593e-07
288337.04607544275; -4.38235955919382e-07
288483.39755412936; -4.11562295880955e-07
288629.74903281592; -4.29109708340081e-07
288847.14913242019; -3.45328612044780e-07
288993.50061110675; -3.13231232247304e-07
289139.85208979330; -4.24505360421043e-07
289286.20356847986; -3.89009356354315e-07
289432.55504716642; -3.55067156375175e-07
289578.90652585297; -4.35379920319168e-07
289725.25800453953; -4.59667724651040e-07
289871.60948322609; -4.39138793470880e-07
290017.96096191264; -4.33619923853267e-07
290164.31244059920; -4.57711652897907e-07
290310.66391928575; -4.59659522124022e-07
290457.01539797231; -4.73988511382022e-07
290603.36687665887; -4.33901958535927e-07
290749.71835534542; -3.93352183221154e-07
290896.06983403198; -3.83992458002815e-07
291042.42131271854; -4.22511368828372e-07
291188.77279140509; -1.28397212707589e-06
291406.17289100948; 5.98138336162501e-09
291552.52436969598; -9.09313180151570e-08
291698.87584838254; -2.63548188878132e-07
291845.22732706915; -3.36641642596291e-07
291991.57880575565; -3.84812942598423e-07
292137.93028444221; -3.98860036356023e-07
292284.28176312876; -3.02731644005122e-07
292430.63324181532; -1.72122315739996e-07
292576.98472050193; -2.19929108079667e-07
292723.33619918843; -2.55666988319228e-07
292869.68767787499; -2.65688433901322e-07
293016.03915656160; -2.78144302478412e-07
293162.39063524810; -3.04690488060246e-07
293308.74211393466; -3.32071022704900e-07
293455.09359262127; -3.31482490031862e-07
293601.44507130777; -3.39670669906145e-07
293747.79654999432; -3.33518543512693e-07
293965.19664959866; -2.23571065250684e-07
294111.54812828521; -3.76844400215403e-07
294257.89960697177; -3.50070443450000e-07
294404.25108565832; -3.64359180240293e-07
294550.60256434488; -4.06055418747215e-07
294696.95404303144; -3.94461301779602e-07
294843.30552171799; -3.99549479521859e-07
294989.65700040455; -4.08067173970012e-07
295136.00847909111; -4.15457395527107e-07
295282.35995777766; -4.25313689430728e-07
295428.71143646422; -4.21536324072062e-07
295575.06291515077; -3.90238810943262e-07
295721.41439383733; -3.75855347611232e-07
295867.76587252389; -4.04174999033999e-07
296014.11735121044; -4.05455871175007e-07
296160.46882989700; -3.79056720553994e-07
296306.82030858356; -3.59622088928785e-07
296524.22040818789; -3.30394344005640e-07
296670.57188687439; -3.25738426999705e-07
296816.92336556100; -3.61758417940597e-07
296963.27484424756; -3.69545278988915e-07
297109.62632293405; -3.75656635596560e-07
297255.97780162067; -4.17131527927175e-07
297402.32928030723; -4.72732659485763e-07
297548.68075899372; -4.67369643416283e-07
297695.03223768034; -4.83622407647860e-07
297841.38371636684; -4.35410341103650e-07
297987.73519505339; -4.03234876200317e-07
298134.08667374001; -3.94820744211947e-07
298280.43815242650; -3.95482100300590e-07
298426.78963111306; -4.21782719005234e-07
298573.14110979968; -4.27882853014824e-07
298719.49258848617; -4.44871390147735e-07
298936.89268809056; -3.67073736852712e-07
299083.24416677712; -4.49648877988815e-07
299229.59564546368; -4.99582836665942e-07
299375.94712415023; -4.91986624372873e-07
299522.29860283679; -4.92451135991592e-07
299668.65008152334; -4.32180415234654e-07
299815.00156020990; -4.80837387571600e-07
299961.35303889646; -4.80972756547175e-07
300107.70451758301; -4.73239764028804e-07
300254.05599626957; -6.33769176334058e-07
300400.40747495613; -1.87482124286749e-06
300546.75895364268; -2.69433732341993e-07
300693.11043232924; -1.77083167135815e-07
300839.46191101579; -3.14294086511696e-07
300985.81338970235; -3.83885992495768e-07
301132.16486838891; -4.17307038414277e-07
301278.51634707546; -4.40935696594026e-07
301495.91644667974; -2.10558560944592e-07
301642.26792536629; -2.53324918087495e-07
301788.61940405285; -2.89930578630687e-07
301934.97088273941; -3.13483516294015e-07
302081.32236142596; -3.28495816695503e-07
302227.67384011252; -3.48160057021367e-07
302374.02531879907; -3.57271004510461e-07
302520.37679748563; -3.77378323966352e-07
302666.72827617219; -3.78041332087103e-07
302813.07975485874; -3.77151854586365e-07
302959.43123354530; -4.44550332410688e-07
303105.78271223186; -4.23645670153268e-07
303252.13419091841; -4.14745999737232e-07
303398.48566960497; -4.30867025361513e-07
303544.83714829152; -4.18277874526057e-07
303691.18862697808; -4.40881142884937e-07
303837.54010566464; -4.34742571948504e-07
304054.94020526903; -4.53512413505737e-07
304201.29168395553; -4.66839485707937e-07
304347.64316264208; -4.29668739531480e-07
304493.99464132870; -4.39621537785508e-07
304640.34612001519; -4.65083076456264e-07
304786.69759870181; -4.54515827155094e-07
304933.04907738836; -4.46992413209793e-07
305079.40055607486; -4.20222543125150e-07
305225.75203476148; -3.81991923534546e-07
305372.10351344798; -3.59900629292016e-07
305518.45499213453; -3.49084270303228e-07
305664.80647082115; -3.43346451728858e-07
305811.15794950764; -3.23941527399905e-07
305957.50942819420; -3.63814148868009e-07
306103.86090688081; -3.63767687320134e-07
306250.21238556731; -3.99399093291778e-07
306467.61248517164; -3.89934207540760e-07
306613.96396385820; -4.28770908347511e-07
306760.31544254476; -4.44860276413902e-07
306906.66692123131; -4.13731267293534e-07
307053.01839991787; -3.81035781592632e-07
307199.36987860443; -4.10127670040003e-07
307345.72135729098; -4.32838249510072e-07
307492.07283597754; -4.26353169547560e-07
307638.42431466409; -3.80273211281902e-07
307784.77579335065; -5.03248308410272e-07
307931.12727203721; -3.47040371960349e-07
308077.47875072376; -4.20046035574060e-07
308223.83022941032; -4.59151044029818e-07
308370.18170809688; -4.66440722941603e-07
308516.53318678343; -4.25877982695486e-07
308662.88466546999; -4.29424638730232e-07
308809.23614415654; -4.77642186855117e-07
309026.63624376088; -4.62074369822735e-07
309172.98772244743; -1.68535918379810e-06
309319.33920113393; -7.19038925607356e-07
309465.69067982055; -1.28818464610782e-07
309612.04215850710; -2.54637890333512e-07
309758.39363719360; -3.42253907326754e-07
309904.74511588021; -3.87829395492438e-07
310051.09659456677; -4.13647452241818e-07
310197.44807325327; -3.51262266817144e-07
310343.79955193988; -1.74501295414756e-07
310490.15103062644; -2.27763394614552e-07
310636.50250931300; -2.53453520395776e-07
310782.85398799955; -2.76421028525644e-07
310929.20546668605; -2.93082351660466e-07
311075.55694537266; -3.14861570032952e-07
311221.90842405922; -3.43357281452991e-07
311368.25990274572; -3.47659219838280e-07
311585.66000235011; -3.44328974186146e-07
311732.01148103666; -3.70235750436283e-07
311878.36295972322; -5.09782786455502e-07
312024.71443840978; -3.43798680416930e-07
312171.06591709633; -4.16488673620327e-07
312317.41739578289; -4.07398710125416e-07
312463.76887446945; -4.08795717742745e-07
312610.12035315600; -4.36865093581684e-07
312756.47183184256; -3.97303444700768e-07
312902.82331052911; -4.25814656141272e-07
313049.17478921567; -4.45517683080008e-07
313195.52626790223; -4.29693753514745e-07
313341.87774658878; -4.14461059232803e-07
313488.22922527534; -4.39181140192458e-07
313634.58070396190; -4.27121894827750e-07
313780.93218264845; -3.98439939769611e-07
313998.33228225273; -4.22842294783379e-07
314144.68376093928; -4.06386620841190e-07
314291.03523962584; -3.33160142544532e-07
314437.38671831239; -3.21207572141685e-07
314583.73819699895; -3.20554336765294e-07
314730.08967568551; -3.43310794626591e-07
314876.44115437206; -3.57043981358010e-07
315022.79263305862; -3.52919902709773e-07
315169.14411174518; -3.89437598673635e-07
315315.49559043173; -4.04985661033939e-07
315461.84706911829; -3.72869480902910e-07
315608.19854780484; -3.79380600784747e-07
315754.55002649140; -3.71759806976575e-07
315900.90150517796; -3.75022120009244e-07
316047.25298386451; -3.48767964532936e-07
316193.60446255107; -3.18130734521715e-07
316339.95594123763; -3.57979866140323e-07
316557.35604084196; -3.89461986418080e-07
316703.70751952857; -4.30052784121234e-07
316850.05899821507; -3.49170157780874e-07
316996.41047690168; -4.06768928272437e-07
317142.76195558824; -4.13177989215673e-07
317289.11343427474; -4.06594645342247e-07
317435.46491296135; -3.95150693813990e-07
317581.81639164791; -4.08834165307058e-07
317728.16787033441; -4.07516164607274e-07
317874.51934902102; -3.45787071675244e-07
318020.87082770758; -3.97332609729000e-07
318167.22230639408; -7.28319980170268e-07
318313.57378508069; -1.75205783943817e-06
318459.92526376719; -2.19113965441545e-07
318606.27674245380; -1.47766183749227e-07
318752.62822114036; -2.56734979795363e-07
318898.97969982686; -3.11030875440765e-07
319116.37979943119; -3.82453951239332e-07
319262.73127811775; -3.53436979307201e-07
319409.08275680430; -2.93567036870879e-07
319555.43423549086; -2.63791049421642e-07
319701.78571417741; -1.56173101329910e-07
319848.13719286397; -1.41617331142149e-07
319994.48867155053; -2.17641345561170e-07
320140.84015023708; -2.41644414814089e-07
320287.19162892364; -2.46923462310492e-07
320433.54310761020; -2.84315848213787e-07
320579.89458629675; -3.36107390377348e-07
320726.24606498331; -3.23068847514769e-07
320872.59754366986; -3.34769585115213e-07
321018.94902235642; -3.30793138841421e-07
321165.30050104298; -3.62684467597508e-07
321311.65197972953; -3.97071470786707e-07
321458.00345841609; -3.09623432324066e-07
321675.40355802042; -3.99358848077290e-07
321821.75503670698; -3.64659088554891e-07
321968.10651539353; -4.07891810324749e-07
322114.45799408009; -3.87180849828014e-07
322260.80947276665; -4.10827230532790e-07
322407.16095145314; -4.03097861246848e-07
322553.51243013976; -3.61893844887603e-07
322699.86390882632; -3.88361192543974e-07
322846.21538751287; -3.84637233615721e-07
322992.56686619943; -3.78611365639080e-07
323138.91834488598; -3.65702463963686e-07
323285.26982357254; -3.25535822096778e-07
323431.62130225910; -3.27268281153987e-07
323577.97278094565; -3.56820554804126e-07
323724.32425963221; -3.65310317756430e-07
323870.67573831877; -3.47450911714523e-07
324088.07583792310; -3.79910895580669e-07
324234.42731660965; -3.34580407181987e-07
324380.77879529621; -3.02636883618802e-07
324527.13027398277; -2.97698370618810e-07
324673.48175266932; -2.90511922000554e-07
324819.83323135588; -3.13325519038853e-07
324966.18471004243; -3.54843208242592e-07
325112.53618872899; -3.49090870106197e-07
325258.88766741555; -3.59150445692586e-07
325405.23914610210; -3.63450928924404e-07
325551.59062478866; -3.97520924558598e-07
325697.94210347522; -4.02797314400068e-07
325773.24496124400; -4.00787254921890e-07
325848.54781901278; -4.09676433429920e-07
325923.85067678156; -4.09107926822490e-07
325999.15353455034; -4.04141493379605e-07
326074.45639231917; -4.07321563969148e-07
326149.75925008790; -4.18788506040573e-07
