Time, s; Heat flow, Watt
1601.89349758919; 1.82761852422002e-07
1671.12620821646; 3.51623633065090e-06
1740.35891884373; 3.96618564588370e-06
1809.59162947101; 5.29957511498220e-06
1878.82434009828; 4.63433191863910e-06
2019.10567164331; 5.05863119288580e-06
2159.38700318835; 5.98795916865550e-06
2299.66833473339; 6.18894084128550e-06
2439.94966627842; 6.72348461005060e-06
2580.23099782346; 6.02772217775160e-06
2720.51232936850; 6.35528745375580e-06
2860.79366091353; 6.03843084404530e-06
3001.07499245857; 6.03072577174300e-06
3141.35632400361; 6.49054966908820e-06
3281.63765554864; 6.75267361565060e-06
3421.91898709368; 6.94303330473030e-06
3562.20031863872; 7.27431712712220e-06
3702.48165018375; 7.13626773221290e-06
3842.76298172879; 7.39607195719980e-06
3983.04431327383; 7.77092710145820e-06
4123.32564481886; 8.07938699653980e-06
4263.60697636390; 7.84778182216390e-06
4403.88830790894; 8.08556958056760e-06
4544.16963945397; 8.08325409676100e-06
4684.45097099901; 8.42434571846160e-06
4824.73230254405; 8.55121453835280e-06
4965.01363408908; 8.72739229379890e-06
5105.29496563412; 8.58364134869040e-06
5245.57629717916; 8.87959542613030e-06
5385.85762872419; 8.92876498748360e-06
5526.13896026923; 9.07244207826730e-06
5666.42029181427; 9.18388712951090e-06
5806.70162335930; 9.19495403546950e-06
5946.98295490434; 9.39620303737150e-06
6087.26428644938; 7.87081777841830e-06
6227.54561799441; 5.90400794014980e-06
6367.82694953945; 5.77942555724660e-06
6508.10828108449; 5.80504541958690e-06
6648.38961262952; 6.12380910815150e-06
6788.67094417456; 6.28151580270690e-06
6928.95227571960; 6.35412231683470e-06
7069.23360726463; 6.56348157311450e-06
7138.46631789191; 6.49918581952250e-06
7278.74764943694; 6.65126860671070e-06
7419.02898098198; 6.46777856772560e-06
7559.31031252701; 6.71158749393230e-06
7699.59164407205; 6.91480355784540e-06
7839.87297561709; 6.97090366013690e-06
7980.15430716213; 6.95572451646790e-06
8120.43563870716; 6.92578604163810e-06
8260.71697025220; 7.05043146794460e-06
8400.99830179723; 7.17688765635600e-06
8541.27963334227; 7.26733630005240e-06
8681.56096488731; 7.31526817078380e-06
8821.84229643234; 7.42655063504060e-06
8962.12362797737; 7.29876949992980e-06
9102.40495952242; 7.40569419562300e-06
9242.68629106745; 7.33374991090910e-06
9382.96762261249; 7.36665188011480e-06
9523.24895415753; 7.67409229913150e-06
9663.53028570256; 7.54533564652750e-06
9803.81161724759; 7.56849814351080e-06
9944.09294879264; 7.67661833329600e-06
10084.37428033767; 7.79365128294670e-06
10224.65561188271; 7.85647700216790e-06
10364.93694342775; 7.73553057439330e-06
10505.21827497278; 7.91288505569830e-06
10645.49960651781; 7.83254661738630e-06
10785.78093806286; 7.76995042627850e-06
10926.06226960789; 7.99267040659860e-06
11066.34360115293; 8.11195503542510e-06
11206.62493269797; 7.84225460057640e-06
11346.90626424300; 8.06751622380230e-06
11487.18759578804; 8.03137696355210e-06
11627.46892733308; 8.10103426000270e-06
11767.75025887811; 8.08922273078530e-06
11908.03159042315; 7.91166326851620e-06
12048.31292196819; 8.06320746012690e-06
12188.59425351322; 7.97668621002860e-06
12328.87558505826; 8.09664444799640e-06
12469.15691660330; 8.10149432990110e-06
12538.38962723056; 7.95929120081340e-06
12678.67095877560; 8.00092833132490e-06
12818.95229032063; 7.84931331680260e-06
12959.23362186567; 7.91739280721050e-06
13099.51495341071; 8.00500662097810e-06
13239.79628495575; 7.69829280099040e-06
13380.07761650078; 7.88514315162320e-06
13520.35894804582; 7.71003914958770e-06
13660.64027959086; 7.67756451166310e-06
13800.92161113589; 7.74821777968410e-06
13941.20294268093; 7.83574677383100e-06
14081.48427422597; 7.61599374993850e-06
14221.76560577100; 7.70369741698990e-06
14362.04693731604; 7.49430577299000e-06
14502.32826886108; 7.49195868187110e-06
14642.60960040611; 7.54679429817220e-06
14782.89093195115; 7.30829514670640e-06
14923.17226349619; 7.20256082489290e-06
15063.45359504122; 7.43904385695820e-06
15203.73492658626; 7.23001176298600e-06
15344.01625813130; 7.17851795511770e-06
15484.29758967633; 7.25213680761310e-06
15624.57892122137; 6.96208909631150e-06
15764.86025276640; 7.05609827525410e-06
15905.14158431144; 7.14887113927070e-06
16045.42291585648; 6.84008907279530e-06
16185.70424740152; 6.94675361997090e-06
16325.98557894655; 6.58936196017730e-06
16466.26691049159; 6.54421456337290e-06
16606.54824203662; 6.70042524394360e-06
16746.82957358166; 6.57191251927990e-06
16887.11090512670; 6.26218482178390e-06
17027.39223667174; 6.42436936113540e-06
17167.67356821677; 6.26259730691300e-06
17307.95489976181; 6.18879313512680e-06
17448.23623130685; 6.15389311913460e-06
17588.51756285188; 5.89693045817190e-06
17728.79889439692; 5.93990040351790e-06
17869.08022594196; 5.94478604868040e-06
17938.31293656923; 5.76325929768300e-06
18078.59426811426; 5.52567110032160e-06
18218.87559965930; 5.49183141203720e-06
18359.15693120434; 5.36618298879290e-06
18499.43826274938; 5.26366117887090e-06
18639.71959429441; 5.28840536384190e-06
18780.00092583945; 5.13064470014100e-06
18920.28225738448; 4.96962816773670e-06
19060.56358892952; 4.92802771098870e-06
19200.84492047456; 4.80446403752400e-06
19341.12625201960; 4.73767917627460e-06
19481.40758356463; 4.78132986759510e-06
19621.68891510967; 4.59752283100340e-06
19761.97024665471; 4.39214769614130e-06
19902.25157819974; 4.55575938188000e-06
20042.53290974478; 4.28493130149570e-06
20182.81424128982; 4.30594666776080e-06
20323.09557283485; 4.12486947741230e-06
20463.37690437989; 3.96590180567730e-06
20603.65823592493; 3.99506655263620e-06
20743.93956746996; 3.93619721138230e-06
20884.22089901500; 3.78931156685530e-06
21024.50223056004; 3.74653468704640e-06
21164.78356210508; 3.65686200810500e-06
21305.06489365011; 3.45755110923480e-06
21445.34622519515; 3.64951409435900e-06
21585.62755674018; 3.58619496682970e-06
21725.90888828522; 3.29979274941040e-06
21866.19021983025; 3.24006501585600e-06
22006.47155137530; 3.10255644059130e-06
22146.75288292033; 3.11496580598320e-06
22287.03421446537; 3.11657016055560e-06
22427.31554601040; 2.92041247348170e-06
22567.59687755544; 2.86893336516400e-06
22707.87820910047; 2.79556664194040e-06
22848.15954064551; 2.62258791168360e-06
22988.44087219055; 2.74366435633370e-06
23128.72220373559; 2.47703923277610e-06
23269.00353528062; 2.46583222196530e-06
23338.23624590789; 2.33863452310870e-06
23478.51757745293; 2.35985038162640e-06
23618.79890899796; 2.21541453038300e-06
23759.08024054300; 2.32148750227270e-06
23899.36157208803; 2.09759166725230e-06
24039.64290363307; 2.06558691857810e-06
24179.92423517811; 1.88044014907400e-06
24320.20556672315; 1.92592088193260e-06
24460.48689826818; 1.83530117343240e-06
24600.76822981322; 1.67640719329760e-06
24741.04956135825; 1.71877684802420e-06
24881.33089290329; 1.55383988930050e-06
25021.61222444833; 1.59862703466850e-06
25161.89355599337; 1.48155923603860e-06
25302.17488753840; 1.37591681770340e-06
25442.45621908344; 1.19264338246820e-06
25582.73755062847; 1.13657928724080e-06
25723.01888217351; 9.95403950545402e-07
25863.30021371855; 1.05334569532730e-06
26003.58154526359; 1.16455745447750e-06
26143.86287680862; 8.33966798884601e-07
26284.14420835366; 8.53805714769200e-07
26424.42553989870; 7.06395810072900e-07
26564.70687144373; 6.45428038654900e-07
26704.98820298877; 7.85715902175699e-07
26845.26953453381; 5.61771990902101e-07
26985.55086607884; 5.49835707966400e-07
27125.83219762387; 4.48937741650600e-07
27266.11352916892; 4.95821377193201e-07
27406.39486071395; 4.27157045904699e-07
27546.67619225899; 2.22577744575201e-07
27686.95752380403; 1.82723610498699e-07
27827.23885534906; 6.58632597898001e-08
27967.52018689409; 8.98211733384007e-08
28107.80151843914; -3.04531277159943e-09
28248.08284998417; 4.32522603805000e-08
28388.36418152921; -1.17254300315200e-07
28528.64551307425; -1.90637563004300e-07
28668.92684461928; -9.23631836737005e-08
28809.20817616432; -2.57044650013200e-07
28878.44088679159; -1.30703820092800e-07
29018.72221833663; -5.51421179667399e-07
29159.00354988167; -4.63024191287600e-07
29299.28488142670; -6.15047258532401e-07
29439.56621297173; -7.16266293404900e-07
29579.84754451678; -5.72429138853200e-07
29720.12887606181; -7.77571755020700e-07
29860.41020760684; -7.96182994435400e-07
30000.69153915189; -9.57650838431102e-07
30140.97287069692; -8.30348950253901e-07
30281.25420224196; -1.13462171973350e-06
30421.53553378700; -8.45582074383099e-07
30561.81686533203; -1.08646667857770e-06
30702.09819687706; -1.31476519581130e-06
30842.37952842210; -1.18927734932100e-06
30982.66085996713; -1.20406880468901e-06
31122.94219151218; -1.12201855273790e-06
31263.22352305722; -1.17159741559538e-06
31403.50485460225; -8.93533323217020e-07
31543.78618614728; -9.50477235588100e-07
31684.06751769232; -7.36843442215199e-07
31824.34884923735; -6.79382167956299e-07
31964.63018078239; -8.40547356246909e-07
32104.91151232744; -8.55892752100760e-07
32245.19284387247; -9.70963606693539e-07
32385.47417541750; -8.82044151002930e-07
32525.75550696254; -8.66917820636770e-07
32666.03683850758; -9.47439961721600e-07
32806.31817005262; -9.94132187662549e-07
32946.59950159765; -9.63992223817190e-07
33086.88083314268; -1.03201130434027e-06
33227.16216468773; -9.48636237507110e-07
33367.44349623277; -9.65497928754860e-07
33507.72482777780; -1.20573225451276e-06
33648.00615932283; -9.14784222406748e-07
33788.28749086787; -1.06540869300899e-06
33928.56882241291; -1.14924835070259e-06
34068.85015395794; -9.79353039500830e-07
34209.13148550299; -1.12156188418823e-06
34278.36419613026; -1.18537985739878e-06
34418.64552767529; -1.42694588168040e-06
34558.92685922033; -1.22052944668793e-06
34699.20819076536; -1.40692204753077e-06
34839.48952231040; -1.39010531672747e-06
34979.77085385544; -1.39275334512101e-06
35120.05218540047; -1.59841950425165e-06
35260.33351694550; -1.44633463558283e-06
35400.61484849054; -1.40968596993085e-06
35540.89618003558; -1.52627535415239e-06
35681.17751158062; -1.49975909857891e-06
35821.45884312566; -1.57290066549886e-06
35961.74017467069; -1.65101726622925e-06
36102.02150621572; -1.59970655509524e-06
36242.30283776076; -1.62432031346108e-06
36382.58416930580; -1.80064444475829e-06
36522.86550085084; -1.67122867674301e-06
36663.14683239588; -1.75166821607743e-06
36803.42816394091; -1.74187309480131e-06
36943.70949548594; -1.78994414050523e-06
37083.99082703098; -1.82378815505255e-06
37224.27215857603; -1.97043120429729e-06
37364.55349012106; -1.79624356378006e-06
37504.83482166610; -1.98872819654518e-06
37645.11615321113; -1.89375856066528e-06
37785.39748475616; -1.94295390453342e-06
37925.67881630120; -2.06333581927093e-06
38065.96014784624; -1.85266085881372e-06
38206.24147939128; -2.05354637953416e-06
38346.52281093632; -2.07826203780707e-06
38486.80414248135; -1.95728795867656e-06
38627.08547402638; -1.95775183825554e-06
38767.36680557142; -2.05093130858980e-06
38907.64813711647; -2.00309433575740e-06
39047.92946866150; -2.02615934814706e-06
39188.21080020654; -2.13000405315087e-06
39328.49213175157; -1.93195502789586e-06
39468.77346329660; -2.11167887290951e-06
39609.05479484164; -2.05136883908754e-06
39678.28750546891; -2.11979603789609e-06
39818.56883701395; -2.10362689527789e-06
39958.85016855900; -2.06198367079989e-06
40099.13150010403; -2.07195801356255e-06
40239.41283164906; -2.06254527817641e-06
40379.69416319410; -2.08675797440073e-06
40519.97549473913; -2.03507029464280e-06
40660.25682628417; -2.01420639415807e-06
40800.53815782921; -2.05223489266731e-06
40940.81948937425; -1.99216702453624e-06
41081.10082091929; -2.04660983890445e-06
41221.38215246431; -2.06764668327423e-06
41361.66348400935; -1.95900182551746e-06
41501.94481555439; -1.98493120446318e-06
41642.22614709943; -2.02519854942422e-06
41782.50747864446; -2.02870342186362e-06
41922.78881018950; -2.02432575407595e-06
42063.07014173454; -1.99896200281799e-06
42203.35147327957; -1.98430880218226e-06
42343.63280482461; -2.03943920320455e-06
42483.91413636965; -1.98743749129087e-06
42624.19546791469; -2.12807379657131e-06
42764.47679945972; -1.92922320967019e-06
42904.75813100476; -2.01077550764238e-06
43045.03946254979; -1.97325850758166e-06
43185.32079409483; -2.06079809447745e-06
43325.60212563987; -1.96178477583463e-06
43465.88345718490; -1.88503089344306e-06
43606.16478872994; -1.96669825476811e-06
43746.44612027498; -1.90788124698374e-06
43886.72745182001; -1.93783268663975e-06
44027.00878336505; -1.96484545999792e-06
44167.29011491009; -1.91207031843385e-06
44307.57144645513; -1.92164756496804e-06
44447.85277800016; -1.82787414376567e-06
44588.13410954520; -1.83554417957318e-06
44728.41544109023; -1.74047863539568e-06
44868.69677263527; -1.82341463123817e-06
45008.97810418031; -1.79653338839718e-06
45078.21081480758; -1.82975937967549e-06
45218.49214635261; -1.76689302711182e-06
45358.77347789766; -1.81959183729241e-06
45499.05480944269; -1.75464787732244e-06
45639.33614098773; -1.76432820989869e-06
45779.61747253276; -1.76257808098432e-06
45919.89880407779; -1.74964914876622e-06
46060.18013562283; -1.72402038155485e-06
46200.46146716787; -1.74520717252274e-06
46340.74279871290; -1.72150453238711e-06
46481.02413025795; -1.72058682374357e-06
46621.30546180298; -1.71224898151928e-06
46761.58679334802; -1.70364270946793e-06
46901.86812489305; -1.75477224731255e-06
47042.14945643809; -1.84774275045832e-06
47182.43078798312; -1.62569503440437e-06
47322.71211952817; -1.69526818920284e-06
47462.99345107320; -1.66498476557768e-06
47603.27478261824; -1.65043887609868e-06
47743.55611416328; -1.72533861180105e-06
47883.83744570831; -1.67761386370427e-06
48024.11877725334; -1.59524891736417e-06
48164.40010879838; -1.71581305802766e-06
48304.68144034341; -1.64356467099433e-06
48444.96277188846; -1.62609788637751e-06
48585.24410343349; -1.61053012619426e-06
48725.52543497853; -1.58032138685473e-06
48865.80676652356; -1.58240751529811e-06
49006.08809806861; -1.57888277377507e-06
49146.36942961364; -1.58052462362315e-06
49286.65076115867; -1.59839752020794e-06
49426.93209270371; -1.62724953001283e-06
49567.21342424875; -1.55626716434466e-06
49707.49475579379; -1.60856429495827e-06
49847.77608733882; -1.52856125327335e-06
49988.05741888385; -1.54271937095112e-06
50128.33875042890; -1.53420793566808e-06
50268.62008197393; -1.54032478049661e-06
50408.90141351896; -1.52489116187177e-06
50478.13412414624; -1.55614573517615e-06
50618.41545569128; -1.61251981918509e-06
50758.69678723631; -1.54475602612663e-06
50898.97811878135; -1.47844485207137e-06
51039.25945032638; -1.51248561208930e-06
51179.54078187142; -1.50355652612369e-06
51319.82211341646; -1.45923768486377e-06
51460.10344496150; -1.46234947077304e-06
51600.38477650653; -1.45856817384362e-06
51740.66610805157; -1.62690697985203e-06
51880.94743959661; -1.32805324745883e-06
52021.22877114164; -1.08663580924988e-06
52161.51010268668; -1.00384703444924e-06
52301.79143423171; -9.75677654964170e-07
52442.07276577675; -9.47583583734420e-07
52582.35409732178; -1.02482658399880e-06
52722.63542886682; -9.21878287314930e-07
52862.91676041186; -9.07474940738730e-07
53003.19809195690; -9.98349972005140e-07
53143.47942350194; -9.52273278595900e-07
53283.76075504697; -9.39369630481160e-07
53424.04208659200; -9.31978027278610e-07
53564.32341813704; -9.03029215664700e-07
53704.60474968208; -9.34323647441780e-07
53844.88608122712; -9.45079458286090e-07
53985.16741277216; -9.44812637442820e-07
54125.44874431719; -9.57958048352880e-07
54265.73007586222; -9.87152207555260e-07
54406.01140740726; -9.02930141672710e-07
54546.29273895230; -8.90853468127800e-07
54686.57407049734; -9.05188023076180e-07
54826.85540204238; -9.36160486745500e-07
54967.13673358741; -9.63081105820360e-07
55107.41806513244; -9.52483034656510e-07
55247.69939667748; -9.34882117872660e-07
55387.98072822252; -9.50377955781970e-07
55528.26205976756; -8.88712186555930e-07
55668.54339131260; -9.32469868650660e-07
55808.82472285763; -9.68848561814810e-07
55878.05743348489; -9.87870442984890e-07
56018.33876502994; -9.16242296296930e-07
56158.62009657497; -9.32863804944370e-07
56298.90142812002; -1.05315995209336e-06
56439.18275966505; -8.84882010352590e-07
56579.46409121009; -8.84810373779760e-07
56719.74542275512; -9.43071321849050e-07
56860.02675430015; -9.37232795076130e-07
57000.30808584519; -8.67529029721260e-07
57140.58941739023; -9.65845679139630e-07
57280.87074893527; -9.02776498089370e-07
57421.15208048031; -9.11832857784010e-07
57561.43341202534; -9.08049380399510e-07
57701.71474357038; -9.23792580373080e-07
57841.99607511541; -9.25814011621590e-07
57982.27740666045; -8.93598936958080e-07
58122.55873820549; -9.12764927113660e-07
58262.84006975053; -9.18599119147240e-07
58403.12140129557; -8.24844264910430e-07
58543.40273284059; -9.00291568462760e-07
58683.68406438563; -9.23360481606650e-07
58823.96539593067; -8.71785506495570e-07
58964.24672747571; -8.87063596656530e-07
59104.52805902075; -8.88029530052100e-07
59244.80939056579; -7.91296314340210e-07
59385.09072211082; -8.61607345785070e-07
59525.37205365585; -8.59222651713670e-07
59665.65338520089; -8.58231276192380e-07
59805.93471674593; -8.41478486236930e-07
59946.21604829097; -8.22807560618980e-07
60086.49737983600; -8.20961347145960e-07
60226.77871138105; -8.27702227503080e-07
60367.06004292607; -8.47856273848290e-07
60507.34137447111; -8.59792783974080e-07
60647.62270601615; -9.16990026717100e-07
60787.90403756118; -8.36684403006970e-07
60928.18536910622; -8.20530047997400e-07
61068.46670065126; -8.52827256602110e-07
61208.74803219629; -8.30133149547770e-07
61277.98074282357; -8.20349264382840e-07
61418.26207436860; -8.03402366335200e-07
61558.54340591364; -8.73435364926410e-07
61698.82473745868; -8.40734536411610e-07
61839.10606900371; -8.23927399922520e-07
61979.38740054875; -8.22343636638860e-07
62119.66873209379; -7.78565973033080e-07
62259.95006363882; -8.23681276523250e-07
62400.23139518386; -8.15273035313150e-07
62540.51272672889; -7.97647038008370e-07
62680.79405827394; -7.75626503563710e-07
62821.07538981897; -7.98975849377580e-07
62961.35672136401; -7.92830341281550e-07
63101.63805290904; -8.30809883902400e-07
63241.91938445407; -8.17365276266130e-07
63382.20071599912; -7.70278898770580e-07
63522.48204754415; -8.01026578931500e-07
63662.76337908919; -7.40730326330380e-07
63803.04471063423; -7.77679775600300e-07
63943.32604217926; -7.68557211074930e-07
64083.60737372430; -7.44871029963550e-07
64223.88870526933; -7.57893160814440e-07
64364.17003681437; -7.55370367074090e-07
64504.45136835941; -7.61717487496420e-07
64644.73269990445; -7.42875356489230e-07
64785.01403144948; -8.24654036038350e-07
64925.29536299452; -6.77559948737310e-07
65065.57669453956; -7.19426630648670e-07
65205.85802608459; -7.26580870363830e-07
65346.13935762963; -7.46601392788340e-07
65486.42068917467; -7.09033649875410e-07
65626.70202071971; -7.54573770497200e-07
65766.98335226474; -7.39125447779010e-07
65907.26468380977; -7.19057990964280e-07
66047.54601535480; -7.40424001535230e-07
66187.82734689984; -7.32531710117170e-07
66328.10867844487; -7.33907777006580e-07
66468.39000998992; -7.17027397788350e-07
66608.67134153497; -7.11537038429860e-07
66677.90405216222; -7.24922030590100e-07
66818.18538370726; -7.31980337381110e-07
66958.46671525230; -7.58482216146150e-07
67098.74804679734; -7.29460584430230e-07
67239.02937834238; -7.32284093156610e-07
67379.31070988742; -7.07214452624010e-07
67519.59204143245; -6.65489737460150e-07
67659.87337297748; -7.19406687127930e-07
67800.15470452252; -6.66657001746980e-07
67940.43603606755; -6.53177516754820e-07
68080.71736761258; -6.41788231589690e-07
68220.99869915763; -6.38081846755800e-07
68361.28003070266; -6.16026138965440e-07
68501.56136224771; -6.51579446596220e-07
68641.84269379274; -7.13034557515600e-07
68782.12402533778; -5.74313237790640e-07
68922.40535688281; -6.39302394966710e-07
69062.68668842784; -6.00502723682290e-07
69202.96801997288; -6.36749214771050e-07
69343.24935151792; -6.19758123825800e-07
69483.53068306296; -5.59108444746670e-07
69623.81201460799; -5.72461562071630e-07
69764.09334615304; -5.39203432616180e-07
69904.37467769807; -6.17698919309360e-07
70044.65600924310; -5.86826231455720e-07
70184.93734078814; -5.79561765042040e-07
70325.21867233317; -5.66973167604980e-07
70465.50000387822; -5.45733840159740e-07
70605.78133542325; -5.63001790420320e-07
70746.06266696830; -5.35212181979760e-07
70886.34399851333; -5.75181030785490e-07
71026.62533005836; -5.19591454571610e-07
71166.90666160340; -5.20899645442820e-07
71307.18799314843; -5.33285855108790e-07
71447.46932469346; -5.33720679373160e-07
71587.75065623850; -5.64259279517720e-07
71728.03198778354; -5.83602907387270e-07
71868.31331932858; -5.46908200398370e-07
72008.59465087362; -5.59955997728550e-07
72148.87598241866; -5.32289746286910e-07
72218.10869304591; -5.61941153209462e-07
72358.39002459096; -5.54725996752424e-07
72498.67135613601; -5.22154846810720e-07
72638.95268768104; -5.40383686278439e-07
72779.23401922607; -5.31087478680490e-07
72919.51535077111; -5.66465963687638e-07
73059.79668231614; -5.53221802700494e-07
73200.07801386117; -5.47593016821458e-07
73340.35934540621; -5.20851858343311e-07
73480.64067695124; -4.66546796603040e-07
73620.92200849629; -4.75785328016818e-07
73761.20334004133; -5.25536318366167e-07
73901.48467158637; -4.68295653967258e-07
74041.76600313140; -4.75339961591966e-07
74182.04733467643; -4.93256628560620e-07
74322.32866622147; -4.65444833974731e-07
74462.60999776650; -4.73770166950700e-07
74602.89132931155; -4.84399110822300e-07
74743.17266085660; -4.74311688932545e-07
74883.45399240163; -4.45823183752320e-07
75023.73532394666; -4.61894882840880e-07
75164.01665549169; -4.08095242125303e-07
75304.29798703673; -4.62940726136349e-07
75444.57931858176; -4.49752698117392e-07
75584.86065012679; -4.52968807241370e-07
75725.14198167184; -4.62849461368753e-07
75865.42331321687; -4.25914757602554e-07
76005.70464476192; -4.63450213958373e-07
76145.98597630695; -4.65518875409804e-07
76286.26730785199; -4.70385841607767e-07
76426.54863939702; -3.74145302903084e-07
76566.82997094205; -4.24558504890980e-07
76707.11130248709; -3.95233765386354e-07
76847.39263403213; -4.24635993441477e-07
76987.67396557718; -4.33597603838679e-07
77127.95529712220; -4.25633948443054e-07
77268.23662866725; -4.09125949473115e-07
77408.51796021228; -3.97901735161508e-07
77548.79929175731; -4.07615157278157e-07
77618.03200238459; -4.36314703824788e-07
77758.31333392962; -4.24829339852758e-07
77898.59466547467; -4.28779383301371e-07
78038.87599701970; -4.17458421897254e-07
78179.15732856473; -4.05554580431810e-07
78319.43866010976; -4.17526676950049e-07
78459.71999165480; -4.01555713864150e-07
78600.00132319985; -4.23960758578697e-07
78740.28265474488; -4.13104420282444e-07
78880.56398628993; -3.96362356668846e-07
79020.84531783496; -3.89819619612492e-07
79161.12664937999; -3.97591009322544e-07
79301.40798092503; -3.74774487449516e-07
79441.68931247006; -3.80439734231428e-07
79581.97064401509; -3.73946465872030e-07
79722.25197556012; -3.40583082695581e-07
79862.53330710517; -3.93033245573926e-07
80002.81463865022; -3.35310615401846e-07
80143.09597019525; -3.74028252359435e-07
80283.37730174029; -3.16492626255228e-07
80423.65863328532; -3.28262647951161e-07
80563.93996483035; -3.43546358448780e-07
80704.22129637538; -3.51408571103346e-07
80844.50262792043; -3.40802064591737e-07
80984.78395946545; -3.21347457090321e-07
81125.06529101050; -3.08950419702326e-07
81265.34662255555; -3.09998999182462e-07
81405.62795410058; -3.26290157125511e-07
81545.90928564561; -3.49469423410073e-07
81686.19061719064; -3.15017540568907e-07
81826.47194873568; -3.46334429560651e-07
81966.75328028071; -3.13960243775829e-07
82107.03461182576; -2.96525805925518e-07
82247.31594337081; -3.25921003155310e-07
82387.59727491584; -3.02002220349277e-07
82527.87860646087; -3.36817498337148e-07
82668.15993800591; -3.30858474959992e-07
82808.44126955094; -3.16744853282438e-07
82948.72260109597; -2.87063263064260e-07
83017.95531172324; -3.25623449803248e-07
83158.23664326829; -3.46089009724468e-07
83298.51797481332; -2.99083855930963e-07
83438.79930635836; -3.01292586156225e-07
83579.08063790339; -3.11250873363489e-07
83719.36196944842; -2.59378677079878e-07
83859.64330099347; -2.78633288154787e-07
83999.92463253850; -2.93465570567100e-07
84140.20596408355; -2.73295455814403e-07
84280.48729562858; -2.73523130356470e-07
84420.76862717362; -2.68996807443384e-07
84561.04995871865; -3.22078626270880e-07
84701.33129026368; -3.02610589414617e-07
84841.61262180872; -2.76140541487019e-07
84981.89395335375; -2.86867306805199e-07
85122.17528489880; -2.86594835322521e-07
85262.45661644383; -2.59829973794459e-07
85402.73794798888; -2.72506087746161e-07
85543.01927953391; -2.23104257209187e-07
85683.30061107894; -2.20085894182100e-07
85823.58194262398; -2.43212865706763e-07
85963.86327416901; -2.71068077598956e-07
86104.14460571406; -2.36331949096063e-07
86244.42593725909; -2.73724218476035e-07
86384.70726880414; -2.79276806636714e-07
86524.98860034917; -2.53078603986050e-07
86665.26993189420; -2.26758728805855e-07
86805.55126343924; -2.15339824023822e-07
86945.83259498427; -3.17427347890102e-07
87086.11392652930; -1.97107635692540e-07
87226.39525807434; -2.04741827552747e-07
87366.67658961938; -2.10972584045690e-07
87506.95792116443; -2.02816266859530e-07
87647.23925270946; -1.96769308557895e-07
87787.52058425450; -1.90891762602899e-07
87927.80191579953; -2.07747503672090e-07
88068.08324734456; -2.03623753798893e-07
88208.36457888960; -2.11902609738499e-07
88348.64591043464; -2.37835681786594e-07
88417.87862106191; -2.21049084969714e-07
88558.15995260695; -2.46744807299551e-07
88698.44128415198; -3.77639822558615e-07
88838.72261569701; -1.64645775635357e-07
88979.00394724205; -1.85696266470739e-07
89119.28527878709; -2.22339243321549e-07
89259.56661033213; -3.20934920463860e-07
89399.84794187717; -2.17566483144692e-07
89540.12927342221; -1.27367289913989e-07
89680.41060496724; -1.43263537010880e-07
89820.69193651227; -1.52084059263401e-07
89960.97326805731; -1.68924234718664e-07
90101.25459960235; -1.78833301310337e-07
90241.53593114739; -1.96875348127653e-07
90381.81726269244; -1.78066885680673e-07
90522.09859423745; -1.70326849669371e-07
90662.37992578250; -1.71338737044057e-07
90802.66125732753; -1.58320899699714e-07
90942.94258887257; -1.48257006191231e-07
91083.22392041760; -1.60424753070703e-07
91223.50525196263; -2.13859675049465e-07
91363.78658350768; -2.17120904088918e-07
91504.06791505271; -1.49186752452841e-07
91644.34924659776; -1.46687747712681e-07
91784.63057814279; -1.71382827008895e-07
91924.91190968783; -1.66560532800530e-07
92065.19324123286; -1.63551597519121e-07
92205.47457277789; -1.35477418551880e-07
92345.75590432294; -1.55006591917426e-07
92486.03723586796; -1.24551469848503e-07
92626.31856741301; -1.41980216163966e-07
92766.59989895804; -1.92082155392981e-07
92906.88123050309; -2.31699119806168e-07
93047.16256204812; -1.72009874269880e-07
93187.44389359315; -2.71261444677116e-07
93327.72522513819; -1.13410073668996e-07
93468.00655668322; -1.13222172976863e-07
93608.28788822827; -1.27076363671266e-07
93748.56921977330; -1.96188012938700e-07
93817.80193040057; -1.93962298163961e-07
93958.08326194561; -1.18552037713774e-07
94098.36459349065; -1.16033343365092e-07
94238.64592503569; -1.71646887536830e-07
94378.92725658072; -1.22397242217715e-07
94519.20858812575; -1.27164487412344e-07
94659.48991967080; -1.26746313045365e-07
94799.77125121583; -6.92581053130100e-08
94940.05258276087; -8.59774994838171e-08
95080.33391430590; -1.21432378748968e-07
95220.61524585093; -1.19717476044945e-07
95360.89657739598; -1.18404339121552e-07
95501.17790894101; -1.14351902913549e-07
95641.45924048606; -1.12025207855416e-07
95781.74057203109; -7.51198145659600e-08
95922.02190357613; -9.29562210699280e-08
96062.30323512116; -1.08559006704076e-07
96202.58456666619; -9.78422354234580e-08
96342.86589821122; -1.04365497869351e-07
96483.14722975626; -1.04016798517928e-07
96623.42856130131; -1.33261052346692e-07
96763.70989284634; -1.30785526905521e-07
96903.99122439139; -1.53262010073119e-07
97044.27255593642; -1.82265025631546e-07
97184.55388748145; -1.91745781106109e-07
97324.83521902648; -1.28318837327110e-07
97465.11655057152; -1.14225434801427e-07
97605.39788211657; -7.79006606084820e-08
97745.67921366160; -5.64997070896369e-08
97885.96054520665; -5.36957889036931e-08
98026.24187675168; -3.43449380842460e-08
98166.52320829671; -9.41725774742990e-08
98306.80453984175; -5.93838533881740e-08
98447.08587138678; -5.18179565229360e-08
98587.36720293181; -5.58910503895190e-08
98727.64853447684; -4.06925191546521e-08
98867.92986602189; -4.39110838745150e-08
99008.21119756692; -2.46440560352060e-08
99148.49252911197; -7.34650222348450e-08
99217.72523973923; -6.48491908227410e-08
99358.00657128428; -1.48203522952175e-07
99498.28790282931; -4.30784828574759e-08
99638.56923437436; -5.46158487690760e-08
99778.85056591939; -1.06399511645377e-07
99919.13189746442; -1.09864093231052e-07
100059.41322900946; -6.88280987731570e-08
100199.69456055449; -6.78476198263810e-08
100339.97589209952; -4.18668480353550e-08
100480.25722364456; -4.25705853595709e-08
100620.53855518960; -2.05823317836991e-08
100760.81988673464; -4.15408362961699e-08
100901.10121827968; -5.15574691683820e-08
101041.38254982472; -6.55036338947840e-08
101181.66388136975; -7.96747526469950e-08
101321.94521291478; -1.53284083039790e-08
101462.22654445982; -2.70162160543091e-08
101602.50787600486; -9.96420975522450e-08
101742.78920754990; -1.00299646474970e-07
101883.07053909494; -3.46341940490990e-08
102023.35187063996; -5.20421400309330e-08
102163.63320218501; -6.72780570919380e-08
102303.91453373004; -8.73977058297400e-09
102444.19586527508; -2.41899803568000e-08
102584.47719682011; -3.85283198632770e-08
102724.75852836514; -3.98866123699950e-08
102865.03985991019; -3.03920843020269e-08
103005.32119145522; -1.26872195734440e-08
103145.60252300027; -1.97288142285280e-08
103285.88385454530; -2.88607648800290e-08
103426.16518609034; -4.51666644090060e-08
103566.44651763537; -1.20426067885350e-08
103706.72784918040; -1.85751600484290e-08
103847.00918072545; -3.50397656754680e-08
103987.29051227047; -3.54421973131000e-08
104127.57184381552; -5.16864271908960e-08
104267.85317536055; -6.37866774587580e-08
104408.13450690560; -1.35164874653318e-07
104548.41583845063; -1.75587262588964e-07
104617.64854907790; -2.25166016581609e-07
104757.92988062293; -1.45416097389415e-07
104898.21121216798; -1.92592966478238e-07
105038.49254371302; -1.77151045442753e-07
105178.77387525805; -1.58060532833901e-07
105319.05520680308; -1.52493090473914e-07
105459.33653834811; -9.81847759315460e-08
105599.61786989315; -1.19984898516971e-07
105739.89920143819; -1.06847958185861e-07
105880.18053298323; -1.28742806788197e-07
106020.46186452826; -2.17932405229384e-07
106160.74319607331; -1.71379958778417e-07
106301.02452761834; -1.53606772886690e-07
106441.30585916337; -1.61353369685703e-07
106581.58719070841; -1.55415600917940e-07
106721.86852225344; -1.56235817941363e-07
106862.14985379849; -1.39047911204926e-07
107002.43118534352; -1.48221646657607e-07
107142.71251688857; -1.50519512939377e-07
107282.99384843360; -1.72939655482602e-07
107423.27517997863; -1.61805739374140e-07
107563.55651152367; -1.73133485867011e-07
107703.83784306870; -1.70606951785618e-07
107844.11917461373; -1.71199423046296e-07
107984.40050615877; -1.24509293081398e-07
108124.68183770381; -1.18826967213907e-07
108264.96316924885; -1.33053676967844e-07
108405.24450079389; -1.17735476530928e-07
108545.52583233893; -1.19293459161409e-07
108685.80716388396; -9.61723156439260e-08
108826.08849542899; -9.92409111396250e-08
108966.36982697403; -1.03008928264862e-07
109106.65115851907; -9.60389419456980e-08
109246.93249006411; -1.29553288838820e-07
109387.21382160916; -1.14514747373800e-07
109527.49515315419; -1.27158453100627e-07
109667.77648469922; -1.56866559572842e-07
109808.05781624425; -1.66834495928144e-07
109948.33914778929; -1.44880418902743e-07
110017.57185841656; -2.00060068775858e-07
110157.85318996161; -1.16185434928240e-07
110298.13452150664; -1.17232972810155e-07
110438.41585305167; -1.99363555013419e-07
110578.69718459671; -1.75291183104588e-07
110718.97851614174; -1.36990176634719e-07
110859.25984768677; -1.17892261935608e-07
110999.54117923182; -9.20734744275680e-08
111139.82251077687; -5.17030367662460e-08
111280.10384232190; -6.34715426936470e-08
111420.38517386693; -7.88527967675650e-08
111560.66650541197; -5.42943468040250e-08
111700.94783695700; -7.67050993362620e-08
111841.22916850203; -9.72647567055530e-08
111981.51050004706; -8.72998516810350e-08
112121.79183159211; -1.11899597888805e-07
112262.07316313715; -9.01947867235340e-08
112402.35449468219; -8.07002830251380e-08
112542.63582622723; -4.13828882974260e-08
112682.91715777226; -6.52040360339110e-08
112823.19848931729; -6.83564880218740e-08
112963.47982086233; -8.21181890152330e-08
113103.76115240736; -8.64992621211320e-08
113244.04248395241; -6.45198445551920e-08
113384.32381549745; -7.89802575742420e-08
113524.60514704247; -5.60283373018580e-08
113664.88647858752; -7.12354599832360e-08
113805.16781013255; -5.09669860231220e-08
113945.44914167759; -4.52824024753650e-08
114085.73047322262; -6.49432783930530e-08
114226.01180476765; -6.10437394677430e-08
114366.29313631270; -6.35798903870090e-08
114506.57446785773; -6.78903299531550e-08
114646.85579940278; -9.48054392116881e-08
114787.13713094781; -1.37006505865986e-07
114927.41846249285; -9.21500290990960e-08
115067.69979403788; -3.49317790981150e-08
115207.98112558291; -3.82917025779320e-08
115348.26245712796; -7.19287656518800e-08
115488.54378867298; -9.18010174933360e-08
115557.77649930026; -1.40360742613912e-07
115698.05783084530; -7.31755213366430e-08
115838.33916239033; -6.73341591249690e-08
115978.62049393536; -3.77975462437950e-08
116118.90182548040; -6.38751946872470e-08
116259.18315702544; -7.75092468887520e-08
116399.46448857049; -6.31121023063020e-08
116539.74582011552; -6.40802350088490e-08
116680.02715166056; -2.64571387926320e-08
116820.30848320559; -5.16488212056960e-08
116960.58981475062; -5.34481137779050e-08
117100.87114629566; -5.28176260854860e-08
117241.15247784070; -9.60894950810010e-08
117381.43380938572; -9.50194339552420e-08
117521.71514093077; -6.24794978591630e-08
117661.99647247582; -3.79252831700480e-08
117802.27780402085; -6.14575064065090e-08
117942.55913556588; -5.28096175487520e-08
118082.84046711092; -8.25264138714260e-08
118223.12179865595; -5.14870959249810e-08
118363.40313020098; -4.50349264232930e-08
118503.68446174603; -7.95167391227630e-08
118643.96579329108; -1.90613563200475e-07
118784.24712483611; -1.87486262182768e-07
118924.52845638114; -1.51087329487231e-07
119064.80978792618; -1.82200286201622e-07
119205.09111947121; -1.86423298381305e-07
119345.37245101624; -1.97148010865191e-07
119485.65378256128; -1.72320055592430e-07
119625.93511410632; -1.42837470192047e-07
119766.21644565136; -1.28000157798643e-07
119906.49777719640; -1.19914961296491e-07
120046.77910874144; -1.39155141586027e-07
120187.06044028647; -2.05846759695054e-07
120327.34177183150; -1.02046376471813e-07
120467.62310337654; -1.00776490820038e-07
120607.90443492158; -1.09598918988164e-07
120748.18576646662; -1.29266068000148e-07
120888.46709801166; -1.19597809482474e-07
120957.69980863892; -1.37905243054065e-07
121097.98114018395; -1.73531689391389e-07
121238.26247172899; -1.71201275249580e-07
121378.54380327402; -1.57793745884515e-07
121518.82513481907; -1.53405266488510e-07
121659.10646636410; -1.75608786644331e-07
121799.38779790915; -1.49793111240216e-07
121939.66912945418; -1.81604968289917e-07
122079.95046099921; -2.00739919134903e-07
122220.23179254425; -1.48230659018525e-07
122360.51312408928; -1.46676036034084e-07
122500.79445563433; -1.00801132973810e-07
122641.07578717936; -1.18600643802380e-07
122781.35711872441; -9.05201394855510e-08
122921.63845026944; -1.24357917093419e-07
123061.91978181447; -1.41322876169159e-07
123202.20111335951; -1.28916447290758e-07
123342.48244490454; -1.56894542574010e-07
123482.76377644957; -1.51305716673729e-07
123623.04510799461; -1.99877409234877e-07
123763.32643953965; -2.18016014604800e-07
123903.60777108470; -2.36901126382843e-07
124043.88910262974; -2.36863240830489e-07
124184.17043417477; -2.25856056405120e-07
124324.45176571980; -2.09036190078344e-07
124464.73309726483; -1.66982651240016e-07
124605.01442880987; -2.06572751989875e-07
124745.29576035491; -1.37041180711162e-07
124885.57709189996; -9.38104753291220e-08
125025.85842344498; -7.20384694972770e-08
125166.13975499003; -9.34115742906910e-08
125306.42108653506; -1.07219447119626e-07
125446.70241808009; -9.92300102475240e-08
125586.98374962513; -1.35902564124860e-07
125727.26508117016; -1.25975030012229e-07
125867.54641271519; -1.29079017358524e-07
126007.82774426024; -1.34943982010572e-07
126148.10907580529; -1.43312382049465e-07
126288.39040735032; -1.62863860660967e-07
126357.62311797758; -1.43317137449033e-07
126497.90444952263; -2.11023839001025e-07
126638.18578106766; -1.71347591455798e-07
126778.46711261271; -2.06534029097322e-07
126918.74844415773; -9.75006311803060e-08
127059.02977570277; -1.31122776840845e-07
127199.31110724781; -1.32703933589620e-07
127339.59243879284; -1.19595134908267e-07
127479.87377033787; -1.86900589322590e-07
127620.15510188291; -1.34537583271994e-07
127760.43643342795; -9.60829700115940e-08
127900.71776497299; -6.68173563867010e-08
128040.99909651803; -6.68390095695320e-08
128181.28042806307; -1.19136526345125e-07
128321.56175960810; -1.21616069358182e-07
128461.84309115313; -1.69914280082109e-07
128602.12442269817; -1.30179444098028e-07
128742.40575424321; -1.49801650266080e-07
128882.68708578823; -1.33080240028917e-07
129022.96841733328; -1.67267220129616e-07
129163.24974887833; -1.53004629372482e-07
129303.53108042336; -1.43914368141748e-07
129443.81241196839; -1.33103062056529e-07
129584.09374351343; -8.75318842121540e-08
129724.37507505846; -1.20406719656710e-07
129864.65640660349; -9.65088339935340e-08
130004.93773814854; -1.36706299955986e-07
130145.21906969357; -1.15771511292969e-07
130285.50040123862; -8.24865886588030e-08
130425.78173278365; -1.08533894446803e-07
130566.06306432869; -9.72270520133920e-08
130706.34439587372; -8.60398641707260e-08
130846.62572741875; -1.37520897504186e-07
130986.90705896378; -1.39112813736846e-07
131127.18839050882; -1.18782657966485e-07
131267.46972205385; -9.34776628102950e-08
131407.75105359891; -1.12529775054967e-07
131548.03238514395; -9.64721304278590e-08
131688.31371668898; -1.02311367995525e-07
131757.54642731627; -8.40814091017680e-08
131897.82775886130; -1.05517166436623e-07
132038.10909040633; -1.13524552569886e-07
132178.39042195136; -1.17316292337346e-07
132318.67175349640; -1.02917426471251e-07
132458.95308504143; -1.70049712035454e-07
132599.23441658646; -9.82031664933800e-08
132739.51574813150; -1.18541942529616e-07
132879.79707967653; -1.31993748114434e-07
133020.07841122156; -1.04143181442217e-07
133160.35974276662; -1.10190909220410e-07
133300.64107431166; -9.72669057109030e-08
133440.92240585669; -1.30290873904776e-07
133581.20373740172; -1.17744501130799e-07
133721.48506894676; -1.13619081865381e-07
133861.76640049179; -1.23406640381211e-07
134002.04773203682; -1.03178021437733e-07
134142.32906358188; -9.80475475639740e-08
134282.61039512692; -9.56317717650620e-08
134422.89172667195; -1.07094810427500e-07
134563.17305821698; -1.12816427276458e-07
134703.45438976202; -9.85353336977080e-08
134843.73572130705; -1.05438406728371e-07
134984.01705285208; -9.56701612630360e-08
135124.29838439712; -7.07210520695870e-08
135264.57971594215; -8.19111910592430e-08
135404.86104748718; -2.47488377992130e-08
135545.14237903222; -2.80178222872130e-08
135685.42371057728; -2.37681710037630e-08
135825.70504212231; -4.46680992392640e-08
135965.98637366734; -5.74135522859250e-08
136106.26770521241; -9.89707813786470e-08
136246.54903675744; -5.98637696403480e-08
136386.83036830247; -6.97040506252900e-08
136527.11169984750; -8.02638014891820e-08
136667.39303139254; -7.85086377048270e-08
136807.67436293757; -5.40346868263740e-08
136947.95569448260; -4.40246577680660e-08
137088.23702602764; -8.33263499304999e-09
137157.46973665492; -1.38016958945340e-08
137297.75106819996; -2.95875538166570e-08
137438.03239974496; -3.92349033270510e-08
137578.31373128999; 5.12398205696898e-09
137718.59506283505; -1.60767628322820e-08
137858.87639438009; 2.61297961970302e-09
137999.15772592512; 2.77923919766910e-08
138139.43905747018; -5.45728262507980e-08
138279.72038901522; 3.76722409395690e-08
138420.00172056025; 2.08191289057201e-09
138560.28305210528; 1.21497036916970e-08
138700.56438365031; -6.64126724957900e-09
138840.84571519535; 2.10843859180700e-09
138981.12704674038; -1.57728622275400e-08
139121.40837828541; -3.00593674838920e-08
139261.68970983045; -4.02682245351010e-08
139401.97104137548; -2.78410582944180e-08
139542.25237292051; -1.28246309310900e-08
139682.53370446558; -7.92452497742301e-09
139822.81503601061; 7.82556259240037e-11
139963.09636755564; -1.13236159633600e-08
140103.37769910070; -2.09558028539840e-08
140243.65903064574; -2.26290007234300e-08
140383.94036219077; 3.16553225114404e-09
140524.22169373580; 3.56336658385790e-08
140664.50302528084; 7.81210328452570e-08
140804.78435682587; 8.04307273705890e-08
140945.06568837090; 5.08735047476150e-08
141085.34701991593; 4.11917871162560e-08
141225.62835146097; 9.30031869601597e-09
141365.90968300600; 4.49319806729930e-08
141506.19101455103; 2.36896854563440e-08
141646.47234609607; 1.21043730967470e-08
141786.75367764110; 3.68048856625510e-08
141927.03500918613; 2.71180214438198e-09
142067.31634073119; -1.85529223653750e-08
142207.59767227623; 2.11068910868090e-08
142347.87900382126; 2.82702225442170e-08
142488.16033536629; 3.84807533088260e-08
142557.39304599358; 3.01385155149040e-08
142697.67437753861; 5.44210893509380e-08
142837.95570908365; 5.66061701322960e-08
142978.23704062868; 3.96840789583120e-08
143118.51837217371; 2.12770312660850e-08
143258.79970371875; 2.54668076616460e-08
143399.08103526378; 3.39024732056300e-08
143539.36236680881; -4.36937371588330e-08
143679.64369835387; 6.49791482871201e-09
143819.92502989891; -1.21662574044660e-08
143960.20636144394; -4.04364175385000e-08
144100.48769298897; 8.81858181311740e-08
144240.76902453403; 6.73040111923760e-08
144381.05035607907; 4.71588952744320e-08
144521.33168762410; 4.31378643760410e-08
144661.61301916913; 3.26689471527930e-08
144801.89435071417; 1.77988722825590e-08
144942.17568225920; 3.27289138169750e-08
145082.45701380423; 1.68015208038380e-08
145222.73834534927; 1.00054177904950e-08
145363.01967689430; 2.01509920736990e-08
145503.30100843933; 6.96913957495301e-09
145643.58233998436; 5.39365893036580e-08
145783.86367152940; 5.41269998150360e-08
145924.14500307443; 4.08638144181400e-08
146064.42633461946; 2.03208146503240e-08
146204.70766616453; 2.79915349646140e-08
146344.98899770956; 5.05383940737210e-08
146485.27032925459; 2.14400227016560e-08
146625.55166079965; 2.28996146369880e-08
146765.83299234469; 1.29359216021260e-08
146906.11432388972; 1.25385698789850e-08
147046.39565543475; 5.98048579035100e-09
147186.67698697979; 4.27178453817603e-09
147326.95831852482; 3.90878805335750e-08
147467.23965006985; 2.80545347876950e-08
147607.52098161489; 3.21319058275950e-08
147747.80231315992; -6.52980817423101e-09
147888.08364470495; -1.48971866657150e-08
147957.31635533224; -1.52213942044840e-08
148097.59768687727; -3.88658237200170e-08
148237.87901842233; 1.55390540400008e-11
148378.16034996737; -3.63365906793201e-09
148518.44168151240; 5.81734958059201e-09
148658.72301305743; 1.68070354892003e-10
148799.00434460246; 7.04910978812202e-09
148939.28567614750; 4.90903685286504e-09
149079.56700769253; -1.19448204456580e-08
149219.84833923756; 4.09184515621610e-08
149360.12967078260; 4.87531021048110e-08
149500.41100232763; 4.42549560021470e-08
149640.69233387266; 3.53677209700210e-08
149780.97366541770; -4.74007157493001e-09
149921.25499696273; 9.38812593982880e-08
150061.53632850776; 7.20502072371860e-08
150201.81766005282; 5.12066980271100e-08
150342.09899159786; 4.71520555641600e-08
150482.38032314289; 4.48992622956890e-08
150622.66165468795; 3.52920511399760e-08
150762.94298623299; 2.20821877723580e-08
150903.22431777802; 5.64577654043199e-09
151043.50564932305; 4.80844978704570e-08
151183.78698086808; 4.98818191610220e-08
151324.06831241312; 2.73940542168780e-08
151464.34964395815; -4.40167571111660e-08
151604.63097550318; -9.50325360912120e-08
151744.91230704822; -2.66220118591650e-08
151885.19363859325; -6.66966213912780e-08
152025.47497013828; -7.56829575542830e-08
152165.75630168334; -6.45158865248970e-08
152306.03763322838; -1.19892275434444e-07
152446.31896477341; -1.06204361679549e-07
152586.60029631844; -1.13355003200962e-07
152726.88162786351; -1.07115765238520e-07
152867.16295940851; -1.32370096962242e-07
153007.44429095354; -1.06668793411300e-07
153147.72562249860; -1.08214270001358e-07
153288.00695404364; -1.12836785694441e-07
153357.23966467089; -1.09802368831434e-07
153497.52099621593; -1.03634505657394e-07
153637.80232776096; -1.06182115849865e-07
153778.08365930599; -9.52963218311470e-08
153918.36499085103; -7.13982081048770e-08
154058.64632239606; -3.38793500985890e-08
154198.92765394112; -2.58867294178820e-08
154339.20898548616; -9.01895338290402e-09
154479.49031703119; -4.09967359175190e-08
154619.77164857622; -5.99944495233010e-08
154760.05298012128; -7.35242867737250e-08
154900.33431166632; -9.81174332637820e-08
155040.61564321135; -1.00869218191412e-07
155180.89697475638; -1.21223139067322e-07
155321.17830630142; -1.00929673697945e-07
155461.45963784645; -8.43929903203050e-08
155601.74096939148; -3.11025291637120e-08
155742.02230093651; -6.68700864467600e-09
155882.30363248155; -9.93549945134680e-08
156022.58496402658; -1.59451059904720e-08
156162.86629557164; -3.18781019451110e-08
156303.14762711668; -6.04149123585380e-08
156443.42895866171; -9.12035534057880e-08
156583.71029020671; -9.08051677414580e-08
156723.99162175177; -1.54162792678588e-07
156864.27295329681; -1.30942410116480e-07
157004.55428484184; -1.10864128223864e-07
157144.83561638690; -1.14272562773570e-07
157285.11694793194; -9.60848406365780e-08
157425.39827947697; -1.19186058807896e-07
157565.67961102200; -9.61073938746230e-08
157705.96094256704; -1.29778385045802e-07
157846.24227411207; -1.04552926310101e-07
157986.52360565710; -5.94923008792210e-08
158126.80493720213; -6.68512467094630e-08
158267.08626874717; -4.98598113343260e-08
158407.36760029220; -5.58607653437920e-08
158547.64893183723; -2.38185999184640e-08
158687.93026338230; -6.69589199530380e-08
158828.21159492733; -5.01757831000920e-08
158897.44430555461; -3.53620485420980e-08
159037.72563709965; -3.16322535553910e-08
159178.00696864468; -2.86545991161040e-08
159318.28830018971; -8.01189769630902e-09
159458.56963173475; -2.08176941805740e-08
159598.85096327978; -4.98483221863150e-08
159739.13229482481; -7.11284459989930e-08
159879.41362636985; -3.79880964693410e-08
160019.69495791488; -5.39319784768320e-08
160159.97628945991; 1.02595002715980e-08
160300.25762100497; 4.77625880768001e-09
160440.53895254998; -1.71136354316820e-08
160580.82028409501; -2.76974273884500e-08
160721.10161564007; -2.39528816928560e-08
160861.38294718511; -4.81617077295890e-08
161001.66427873014; -5.42981710940120e-08
161141.94561027517; -2.67315774902630e-08
161282.22694182023; -8.37180152985060e-08
161422.50827336527; -7.55085537139880e-08
161562.78960491030; -9.44646654968610e-08
161703.07093645533; -1.50281683935686e-07
161843.35226800037; -1.10932340861522e-07
161983.63359954540; -1.83694208097439e-07
162123.91493109043; 3.43820045878840e-08
162264.19626263547; -9.37517994898040e-08
162404.47759418050; -8.41967613063860e-08
162544.75892572553; -8.97585766559260e-08
162685.04025727059; -9.58389274863040e-08
162825.32158881563; -6.65986370908790e-08
162965.60292036066; -8.07852273867470e-08
163105.88425190569; -4.76819925811730e-08
163246.16558345075; -7.54878959063670e-08
163386.44691499579; -7.39482623948340e-08
163526.72824654082; -8.66059210797680e-08
163667.00957808585; -9.33774112070700e-08
163807.29090963089; -8.24745423669820e-08
163947.57224117592; -9.49416319270160e-08
164087.85357272095; -5.54476254312290e-08
164228.13490426599; -7.52355835401280e-08
164297.36761489324; -5.22727715476260e-08
164437.64894643828; -3.75248356348520e-08
164577.93027798331; -2.81711156577690e-08
164718.21160952837; -3.13569026512110e-08
164858.49294107340; -4.22558619379100e-08
164998.77427261844; -2.80531381845070e-08
165139.05560416347; -9.62275678091150e-08
165279.33693570853; -3.37589616848700e-08
165419.61826725357; -2.67750511797830e-08
165559.89959879860; 7.78854301434600e-08
165700.18093034363; 1.13657163953924e-07
165840.46226188866; 1.17845370169625e-07
165980.74359343370; 1.23921916384662e-07
166121.02492497873; 8.33576357706370e-08
166261.30625652376; 1.04867803584969e-07
166401.58758806880; 1.07877099013810e-07
166541.86891961383; 9.45522389551120e-08
166682.15025115889; 8.67757515352340e-08
166822.43158270392; 1.10204160800392e-07
166962.71291424896; 1.06073846982896e-07
167102.99424579399; 7.58133738488430e-08
167243.27557733905; 7.71633297228260e-08
167383.55690888409; 5.26094220853920e-08
167523.83824042912; 7.01741413025250e-08
167664.11957197415; 9.86884501579170e-08
167804.40090351918; 9.68868977286240e-08
167944.68223506422; 1.35755159893554e-07
168084.96356660925; 9.72579124164830e-08
168225.24489815428; -1.49051960654910e-08
168365.52622969932; 1.98098180503696e-07
168505.80756124435; 8.39713763559230e-08
168646.08889278938; 7.67521915454580e-08
168786.37022433442; 1.12894129571456e-07
168926.65155587945; 1.43524006959245e-07
169066.93288742448; 1.28693787111350e-07
169207.21421896954; 1.39002067979050e-07
169347.49555051458; 1.27002140662750e-07
169487.77688205961; 5.23329468858630e-08
169628.05821360464; 1.22625733633317e-07
169697.29092423193; 1.22221917668974e-07
169837.57225577696; 1.14660057520965e-07
169977.85358732200; 8.46577682681210e-08
170118.13491886703; 1.19501538451956e-07
170258.41625041206; 1.21366133950070e-07
170398.69758195709; 1.24999291722639e-07
170538.97891350213; 1.10212268066941e-07
170679.26024504716; 1.14992289244999e-07
170819.54157659222; 1.02348508930909e-07
170959.82290813726; 1.06129952142750e-07
171100.10423968229; 1.28058380396361e-07
171240.38557122735; 9.36637430773060e-08
171380.66690277238; 1.19605269384117e-07
171520.94823431742; 6.90995390305340e-08
171661.22956586245; 9.16720690899390e-08
171801.51089740748; 1.03392756201862e-07
171941.79222895252; 5.81389222949790e-08
172082.07356049755; 5.56061297038440e-08
172222.35489204258; 2.31196713468310e-08
172362.63622358761; 6.45056302277530e-08
172502.91755513265; 7.77688332133440e-08
172643.19888667768; 9.61714120307620e-08
172783.48021822271; 8.18999375562150e-08
172923.76154976775; 8.20681021211040e-08
173064.04288131278; 1.48007207847687e-07
173204.32421285784; 9.98183160319190e-08
173344.60554440288; 9.43013784580900e-08
173484.88687594791; 7.90292222241640e-08
173625.16820749294; 1.04246930414379e-07
173765.44953903800; 8.10754147809430e-08
173905.73087058304; 1.06092156350867e-07
174046.01220212807; 1.12171734234385e-07
174186.29353367310; 6.42952955889460e-08
174326.57486521814; 1.00609842970638e-07
174466.85619676317; 7.92398189610340e-08
174607.13752830820; -2.55813284562110e-08
174747.41885985323; 1.34743975319745e-07
174887.70019139827; 9.12757444178440e-08
175027.98152294330; 7.18974932485510e-08
175097.21423357059; 4.06607845239600e-08
175237.49556511565; 8.13899821097910e-08
175377.77689666068; 4.23288035270110e-08
175518.05822820571; 7.71819483571600e-08
175658.33955975075; 8.98390581406870e-08
175798.62089129578; 1.13694201546886e-07
175938.90222284081; 1.69280808923572e-07
176079.18355438585; 1.23473781815877e-07
176219.46488593088; 1.24383536646245e-07
176359.74621747591; 7.38077167920980e-08
176500.02754902095; 1.09708602951196e-07
176640.30888056598; 9.60246712268420e-08
176780.59021211101; 1.06896139702216e-07
176920.87154365605; 1.22355515263505e-07
177061.15287520108; 1.07194729541293e-07
177201.43420674611; 1.28969377379663e-07
177341.71553829117; 8.44763205973890e-08
177481.99686983621; 1.14968924291021e-07
177622.27820138124; 8.35149229870930e-08
177762.55953292630; 1.05872315043084e-07
177902.84086447133; 9.40569953054770e-08
178043.12219601637; 8.92524716951070e-08
178183.40352756140; 1.00171317718936e-07
178323.68485910643; 5.97142590908910e-08
178463.96619065147; 1.05614986516820e-07
178604.24752219650; 9.66723337169110e-08
178744.52885374153; 1.31357984174476e-07
178884.81018528657; 1.23563237627355e-07
179025.09151683160; 1.15534318294385e-07
179165.37284837663; 9.34116725244940e-08
179305.65417992169; 7.07282645306010e-08
179445.93551146673; 1.16243524535360e-07
179586.21684301173; 7.93958598726640e-08
179726.49817455679; 9.20420334121670e-08
179866.77950610183; 9.50901809214180e-08
180007.06083764686; 9.47328814074400e-08
180147.34216919189; 9.53417544284420e-08
180287.62350073695; 9.76232626159990e-08
180427.90483228199; 1.18068715714977e-07
180497.13754290924; 1.02674834980476e-07
180637.41887445428; 1.22609362901354e-07
180777.70020599931; 1.27352993200753e-07
180917.98153754434; 1.28055230139574e-07
181058.26286908938; 1.58497173658943e-07
181198.54420063441; -3.45695649194520e-08
181338.82553217947; 2.45572481769414e-07
181479.10686372450; 1.16617535961999e-07
181619.38819526954; 1.14265042049412e-07
181759.66952681460; 1.04028654599119e-07
181899.95085835963; 9.52116225666530e-08
182040.23218990467; 1.00521710303783e-07
182180.51352144970; 7.72843955189900e-08
182320.79485299473; 1.13963250482260e-07
182461.07618453976; 8.50532481939660e-08
182601.35751608480; 1.08977047582187e-07
182741.63884762983; 7.81608328093270e-08
182881.92017917486; 8.52598396061750e-08
183022.20151071990; 1.09275445799994e-07
183162.48284226493; 6.31865421696820e-08
183302.76417380999; 1.39059349504146e-07
183443.04550535500; 1.03602637032635e-07
183583.32683690003; 9.14404158592500e-08
183723.60816844506; 7.50225914058540e-08
183863.88949999012; 8.12969273633730e-08
184004.17083153516; 9.60657178576360e-08
184144.45216308019; 6.33201166197760e-08
184284.73349462525; 1.04957888507220e-07
184425.01482617029; 6.81804447515650e-08
184565.29615771532; 9.82708201693310e-08
184705.57748926035; 8.18141593088520e-08
184845.85882080538; 1.04393692950907e-07
184986.14015235042; 1.05276326376598e-07
185126.42148389545; 8.83085542216480e-08
185266.70281544048; 1.09686077293770e-07
185406.98414698552; 8.52876088469440e-08
185547.26547853055; 1.10013989805647e-07
185687.54681007558; 8.36698014093950e-08
185827.82814162064; 9.10628895423270e-08
185897.06085224793; 1.07596721752792e-07
186037.34218379296; 7.68159998895510e-08
186177.62351533800; 7.41070448961500e-08
186317.90484688303; 7.43237633957820e-08
186458.18617842806; 1.04824924786627e-07
186598.46750997310; 1.14064011164281e-07
186738.74884151813; 1.03323075351790e-07
186879.03017306316; 1.08181685797317e-07
187019.31150460819; 7.51005441178610e-08
187159.59283615323; 8.58103534736850e-08
187299.87416769826; 9.69077201684940e-08
187440.15549924329; 1.14188212023745e-07
187580.43683078833; 8.95004168104690e-08
187720.71816233336; 6.84498062962450e-08
187860.99949387842; 8.24191400005310e-08
188001.28082542346; -2.20132345189210e-08
188141.56215696849; 1.63234517366471e-07
188281.84348851355; 6.35213097825350e-08
188422.12482005858; 9.50137261807190e-08
188562.40615160362; 8.94959970072230e-08
188702.68748314865; 1.03796174630600e-07
188842.96881469368; 1.25883246946249e-07
188983.25014623872; 9.84433341522270e-08
189123.53147778375; 9.96213672081160e-08
189263.81280932878; 8.94451967537340e-08
189404.09414087381; 1.21066500411773e-07
189544.37547241885; 9.74557439896090e-08
189684.65680396388; 8.51817570796520e-08
189824.93813550894; 8.60799895643220e-08
189965.21946705398; 8.09181530311540e-08
190105.50079859901; 1.13711217154887e-07
190245.78213014407; 9.61871882962070e-08
190386.06346168910; 1.08616015578177e-07
190526.34479323414; 9.32188696016430e-08
190666.62612477917; 8.93091940982780e-08
190806.90745632420; 1.00244804668952e-07
190947.18878786924; -2.20197422031448e-07
191087.47011941427; -1.82549099230867e-07
191227.75145095930; -1.99530889064787e-07
191296.98416158656; -1.98197371629557e-07
191437.26549313159; -2.12228599521561e-07
191577.54682467662; -2.03836824189806e-07
191717.82815622166; -2.02802185561235e-07
191858.10948776672; -1.94808497016359e-07
191998.39081931175; -1.86826402695527e-07
192138.67215085679; -1.66923999229533e-07
192278.95348240182; -1.60844895593518e-07
192419.23481394688; -1.79980931891987e-07
192559.51614549191; -1.80477827641524e-07
192699.79747703695; -1.92514755564643e-07
192840.07880858198; -1.90850852191741e-07
192980.36014012701; -2.11685060077277e-07
193120.64147167205; -2.05831842688374e-07
193260.92280321708; -2.04217541680808e-07
193401.20413476211; -2.28900262211421e-07
193541.48546630715; -2.04148391820012e-07
193681.76679785218; -2.14912716915370e-07
193822.04812939724; -1.98203192331613e-07
193962.32946094227; -1.99751500953270e-07
194102.61079248731; -1.73601221687993e-07
194242.89212403234; -2.04246432827017e-07
194383.17345557740; -1.83497770828514e-07
194523.45478712243; -1.87116201992698e-07
194663.73611866747; -2.02444742593277e-07
194804.01745021250; -2.04002959454627e-07
194944.29878175753; -2.35280893494773e-07
195084.58011330257; -2.08061726452605e-07
195224.86144484760; -2.14390090671554e-07
195365.14277639263; -2.07911717273710e-07
195505.42410793767; -1.86910800200858e-07
195645.70543948270; -2.03640259647661e-07
195785.98677102773; -2.08665096352239e-07
195926.26810257277; -2.08071008451956e-07
196066.54943411780; -2.07161419136005e-07
196206.83076566283; -2.10433476300780e-07
196347.11209720789; -2.11999960934680e-07
196487.39342875293; -2.04437320721023e-07
196627.67476029796; -1.86883654094874e-07
196696.90747092525; -1.87184631857730e-07
196837.18880247028; -2.02097328713948e-07
196977.47013401531; -1.86077593695124e-07
197117.75146556034; -1.78991144166979e-07
197258.03279710538; -1.79407275094980e-07
197398.31412865041; -1.66962646223198e-07
197538.59546019544; -1.74218373159379e-07
197678.87679174048; -1.65292979341416e-07
197819.15812328554; -1.81473260675791e-07
197959.43945483057; -1.79499542098190e-07
198099.72078637560; -1.76058098458170e-07
198240.00211792064; -1.77710654388204e-07
198380.28344946570; -1.69945399590005e-07
198520.56478101073; -1.83134474194800e-07
198660.84611255577; -1.81618852149774e-07
198801.12744410080; -1.84644164003635e-07
198941.40877564583; -1.95776388391122e-07
199081.69010719087; -2.01776178655068e-07
199221.97143873590; -1.80352927214703e-07
199362.25277028093; -1.64750088183225e-07
199502.53410182596; -1.80260792980761e-07
199642.81543337100; -1.82884465543674e-07
199783.09676491603; -2.18655177014618e-07
199923.37809646106; -1.85649390292549e-07
200063.65942800610; -2.01666194958402e-07
200203.94075955113; -2.04196107136617e-07
200344.22209109619; -2.07320417857174e-07
200484.50342264122; -1.96530802946636e-07
200624.78475418626; -2.00609161194951e-07
200765.06608573129; -2.20191946039392e-07
200905.34741727635; -1.86740942159249e-07
201045.62874882139; -1.95126442685319e-07
201185.91008036642; -1.91833465993107e-07
201326.19141191145; -2.11551566331686e-07
201466.47274345648; -2.18415433088342e-07
201606.75407500152; -2.27088407074708e-07
201747.03540654655; -2.27213014013728e-07
201887.31673809158; -2.22439155137695e-07
202027.59806963662; -2.34458029807039e-07
202167.87940118165; -2.27292433210367e-07
202237.11211180894; -2.27668425384350e-07
202377.39344335400; -2.34261771302439e-07
202517.67477489900; -2.18795544143674e-07
202657.95610644403; -2.04737362147690e-07
202798.23743798907; -2.11764977313169e-07
202938.51876953413; -1.87434930924558e-07
203078.80010107916; -1.78094699635860e-07
203219.08143262420; -1.95206175538830e-07
203359.36276416923; -2.03289783384426e-07
203499.64409571426; -2.03701500402386e-07
203639.92542725930; -2.41461631468397e-07
203780.20675880433; -2.09044041869338e-07
203920.48809034936; -2.24178710730083e-07
204060.76942189439; -2.01795148193852e-07
204201.05075343943; -2.01688877420535e-07
204341.33208498449; -1.73019672906064e-07
204481.61341652952; -1.75453314414787e-07
204621.89474807456; -2.06819826078546e-07
204762.17607961959; -2.06565241611414e-07
204902.45741116465; -1.54697308627502e-07
205042.73874270968; -1.88253310177721e-07
205183.02007425472; -2.05347333956703e-07
205323.30140579975; -2.01570737655160e-07
205463.58273734478; -2.11604680634234e-07
205603.86406888982; -2.13664609390580e-07
205744.14540043485; -2.11670638173283e-07
205884.42673197988; -2.27070664017473e-07
206024.70806352491; -2.11825762981793e-07
206164.98939506995; -2.10402798501626e-07
206305.27072661501; -1.73152986068559e-07
206445.55205816001; -1.91672161590302e-07
206585.83338970505; -2.23658195204851e-07
206726.11472125008; -1.97761452458340e-07
206866.39605279514; -1.99035984805203e-07
207006.67738434018; -1.97747321615814e-07
207146.95871588521; -1.98925793379464e-07
207287.24004743027; -1.96833450063159e-07
207427.52137897530; -1.96877494903339e-07
207567.80271052034; -2.18319082686497e-07
207637.03542114759; -2.15889745503650e-07
207777.31675269263; -1.96853271935957e-07
207917.59808423766; -1.74970700385506e-07
208057.87941578269; -1.57905046079679e-07
208198.16074732773; -1.41970329441799e-07
208338.44207887276; -1.56911538098324e-07
208478.72341041782; -1.79899470748694e-07
208619.00474196285; -2.10409418859449e-07
208759.28607350789; -2.02762809509148e-07
208899.56740505295; -1.85103056129144e-07
209039.84873659798; -1.78113257226498e-07
209180.13006814301; -1.82508809964530e-07
209320.41139968805; -1.85325890516390e-07
209460.69273123308; -1.79877530406700e-07
209600.97406277811; -1.80295883303036e-07
209741.25539432315; -1.50011255445195e-07
209881.53672586818; -1.94511209374664e-07
210021.81805741321; -1.47864065160332e-07
210162.09938895825; -1.80088960557680e-07
210302.38072050328; -1.99179697755481e-07
210442.66205204831; -1.98342348904937e-07
210582.94338359335; -2.19612546749507e-07
210723.22471513838; -2.01172529615278e-07
210863.50604668344; -1.94679450461862e-07
211003.78737822847; -1.99815881601852e-07
211144.06870977351; -2.02021751754296e-07
211284.35004131854; -2.03731156674263e-07
211424.63137286360; -2.20056378774071e-07
211564.91270440863; -1.79602743798363e-07
211705.19403595367; -1.91691886093033e-07
211845.47536749870; -1.94272095494858e-07
211985.75669904373; -2.00375229994900e-07
212126.03803058877; -2.24038572538481e-07
212266.31936213380; -2.30793690221328e-07
212406.60069367883; -2.24972490563404e-07
212546.88202522387; -1.80707731295506e-07
212687.16335676890; -1.57780027696157e-07
212827.44468831396; -1.77704451846764e-07
212967.72601985899; -1.60631637314960e-07
213036.95873048628; -1.63006785455299e-07
213177.24006203131; -1.85012299492038e-07
213317.52139357635; -1.74834810036466e-07
213457.80272512138; -1.73457656412638e-07
213598.08405666641; -1.60216644412163e-07
213738.36538821144; -1.54843530505801e-07
213878.64671975648; -1.76490282741113e-07
214018.92805130151; -1.76666350975139e-07
214159.20938284654; -1.80254567672087e-07
214299.49071439158; -1.61856656193666e-07
214439.77204593661; -1.77559313287429e-07
214580.05337748164; -1.78016553532878e-07
214720.33470902668; -1.83073251755852e-07
214860.61604057174; -1.56485604077825e-07
215000.89737211677; -1.67437675216584e-07
215141.17870366180; -1.64088029887688e-07
215281.46003520684; -1.64252775176822e-07
215421.74136675190; -1.92080149431862e-07
215562.02269829693; -1.54829569853661e-07
215702.30402984197; -1.85085843673762e-07
215842.58536138700; -1.88857237320297e-07
215982.86669293203; -1.91027805552430e-07
216123.14802447706; -1.91827968418763e-07
216263.42935602210; -1.83748681196454e-07
216403.71068756713; -2.11308107405677e-07
216543.99201911216; -1.87454850639423e-07
216684.27335065720; -1.98701243275801e-07
216824.55468220223; -1.60442742595849e-07
216964.83601374729; -1.68785322397355e-07
217105.11734529232; -1.46027655588578e-07
217245.39867683736; -1.27265906906950e-07
217385.68000838242; -1.66456665221583e-07
217525.96133992745; -1.49348247911577e-07
217666.24267147249; -1.73719186317786e-07
217806.52400301752; -1.66597791000245e-07
217946.80533456255; -1.66076058227522e-07
218087.08666610759; -1.69961829406338e-07
218227.36799765262; -1.81064951409300e-07
218367.64932919765; -1.81887944174150e-07
218436.88203982491; -1.83599699615080e-07
218577.16337136994; -1.62894676359994e-07
218717.44470291497; -1.57488169649317e-07
218857.72603446001; -1.24906970700295e-07
218998.00736600507; -1.38777324864185e-07
219138.28869755010; -1.48993853607209e-07
219278.57002909514; -2.11356453628277e-07
219418.85136064020; -1.48942582464564e-07
219559.13269218523; -1.74401840686122e-07
219699.41402373026; -1.76112648300131e-07
219839.69535527530; -1.89816682871282e-07
219979.97668682033; -1.90303220029938e-07
220120.25801836536; -1.86639411430491e-07
220260.53934991040; -2.16775680225573e-07
220400.82068145543; -1.79720279146147e-07
220541.10201300046; -1.71412691717961e-07
220681.38334454549; -1.63648745308895e-07
220821.66467609053; -1.51563942129874e-07
220961.94600763559; -1.57168454034258e-07
221102.22733918062; -1.80034171253609e-07
221242.50867072566; -2.14108299064958e-07
221382.79000227072; -1.96256670510684e-07
221523.07133381575; -1.98670868460594e-07
221663.35266536078; -1.84027132917057e-07
221803.63399690579; -1.52038886532800e-07
221943.91532845085; -1.38433603344068e-07
222084.19665999588; -1.52019148345350e-07
222224.47799154092; -1.81948205229833e-07
222364.75932308595; -1.58303343606063e-07
222505.04065463098; -1.44412025174134e-07
222645.32198617602; -1.49731370968186e-07
222785.60331772105; -1.65521983135901e-07
222925.88464926608; -1.62044635746944e-07
223066.16598081111; -1.72803428002148e-07
223206.44731235615; -2.90140697574381e-07
223346.72864390121; -2.25977246490843e-07
223487.00997544624; -2.04115855380218e-07
223627.29130699128; -2.05584443360126e-07
223767.57263853631; -2.19312101606324e-07
223836.80534916359; -2.17536251453207e-07
223977.08668070863; -2.91532838257050e-07
224117.36801225366; -1.95789266496517e-07
224257.64934379869; -2.52791399702202e-07
224397.93067534373; -2.54265552293046e-07
224538.21200688876; -2.58683398393163e-07
224678.49333843379; -2.69135880036519e-07
224818.77466997883; -2.67646435395637e-07
224959.05600152389; -2.69828812953052e-07
225099.33733306892; -2.72083522298640e-07
225239.61866461395; -2.84731551254515e-07
225379.89999615899; -2.62041351738600e-07
225520.18132770405; -2.38183505978354e-07
225660.46265924905; -2.56783620759097e-07
225800.74399079409; -2.62357874574820e-07
225941.02532233915; -2.62767232270394e-07
226081.30665388418; -2.71397464522981e-07
226221.58798542921; -2.90391149119814e-07
226361.86931697425; -2.57820587226213e-07
226502.15064851928; -2.28702496278625e-07
226642.43198006431; -1.93848104562329e-07
226782.71331160935; -1.80962285947795e-07
226922.99464315438; -2.14274081719342e-07
227063.27597469941; -2.47399948427068e-07
227203.55730624445; -2.31131397850329e-07
227343.83863778948; -2.29281239339869e-07
227484.11996933454; -2.38342497837130e-07
227624.40130087957; -2.47010094729591e-07
227764.68263242461; -2.42158628852869e-07
227904.96396396967; -2.57540607983076e-07
228045.24529551470; -2.33878373532066e-07
228185.52662705973; -1.82857659353265e-07
228325.80795860477; -1.67176241087602e-07
228466.08929014980; -1.95537413587604e-07
228606.37062169483; -2.18209144701077e-07
228746.65195323987; -2.43899506250928e-07
228886.93328478490; -2.02567821556540e-07
229027.21461632993; -2.71396599030950e-07
229167.49594787497; -2.45141645959890e-07
229236.72865850225; -2.43957723650285e-07
229377.00999004726; -2.20777102812866e-07
229517.29132159232; -2.46018348151018e-07
229657.57265313735; -2.40752477231725e-07
229797.85398468238; -2.54425281190112e-07
229938.13531622745; -2.46753905572932e-07
230078.41664777248; -3.03952361517793e-07
230218.69797931751; -2.90418763911491e-07
230358.97931086255; -2.93209567159794e-07
230499.26064240758; -2.68863274099011e-07
230639.54197395261; -2.84317479180778e-07
230779.82330549764; -2.58790621680915e-07
230920.10463704268; -1.89604396256975e-07
231060.38596858771; -1.98509542239198e-07
231200.66730013274; -1.95518940376528e-07
231340.94863167778; -2.13094024686319e-07
231481.22996322284; -2.25000106003636e-07
231621.51129476787; -2.27453785858925e-07
231761.79262631290; -2.13508008466203e-07
231902.07395785797; -2.41240178903416e-07
232042.35528940300; -2.70406398269617e-07
232182.63662094803; -2.42880834751212e-07
232322.91795249307; -2.51035546974202e-07
232463.19928403810; -2.33749167699660e-07
232603.48061558313; -2.12703105036960e-07
232743.76194712817; -2.13825892598908e-07
232884.04327867320; -5.62376541623923e-07
233024.32461021823; -6.82729896337768e-07
233164.60594176326; -5.04756444563877e-07
233304.88727330830; -5.91510057359118e-07
233445.16860485333; -6.39813278000969e-07
233585.44993639836; -6.51293330837102e-07
233725.73126794340; -6.33816418399293e-07
233866.01259948843; -6.47055024080763e-07
234006.29393103349; -6.47917882914324e-07
234146.57526257852; -6.51028106817349e-07
234286.85659412356; -6.68844348810667e-07
234427.13792566862; -6.45412682494718e-07
234567.41925721365; -6.43849116811724e-07
234636.65196784091; -6.44306768598837e-07
234776.93329938594; -6.60167216599156e-07
234917.21463093098; -6.66357420669148e-07
235057.49596247601; -6.90851088553622e-07
235197.77729402104; -7.24600842819055e-07
235338.05862556607; -6.81805593601113e-07
235478.33995711114; -6.09685596871273e-07
235618.62128865617; -5.48809978929628e-07
235758.90262020120; -5.05979846925722e-07
235899.18395174624; -5.39956039831647e-07
236039.46528329130; -5.64582624336007e-07
236179.74661483633; -5.93875173253167e-07
236320.02794638136; -6.00914074768927e-07
236460.30927792640; -5.98678877072342e-07
236600.59060947143; -6.02160165640142e-07
236740.87194101646; -6.30343579563408e-07
236881.15327256150; -6.30477634779393e-07
237021.43460410653; -5.89883494916735e-07
237161.71593565156; -5.58242456882771e-07
237301.99726719660; -5.35737761730582e-07
237442.27859874163; -5.42820486768760e-07
237582.55993028666; -6.63158711341397e-07
237722.84126183169; -5.64752310749447e-07
237863.12259337673; -5.50217758206764e-07
238003.40392492179; -6.40040938223050e-07
238143.68525646682; -6.31924588097830e-07
238283.96658801186; -6.56163086293361e-07
238424.24791955692; -6.57997227004471e-07
238564.52925110195; -6.44796504442162e-07
238704.81058264698; -6.59644195543652e-07
238845.09191419202; -6.71165623235458e-07
238985.37324573705; -6.62107877342480e-07
239125.65457728208; -6.40464740623495e-07
239265.93590882712; -6.68097124674433e-07
239406.21724037215; -6.72363203156668e-07
239546.49857191718; -6.61275865183534e-07
239686.77990346221; -6.74344288434771e-07
239827.06123500725; -6.72159251045853e-07
239967.34256655231; -6.80708184875007e-07
240036.57527717960; -6.80043807552427e-07
240176.85660872463; -6.30210097376272e-07
240317.13794026966; -5.34890611003572e-07
240457.41927181470; -5.31832004946080e-07
240597.70060335973; -5.61232977428951e-07
240737.98193490476; -5.84705212479463e-07
240878.26326644979; -6.00922394158656e-07
241018.54459799483; -6.14779246295741e-07
241158.82592953986; -6.24642563209883e-07
241299.10726108489; -6.08493382102655e-07
241439.38859262993; -6.38024098081472e-07
241579.66992417496; -6.43741482023822e-07
241719.95125571999; -6.03990842398138e-07
241860.23258726503; -5.16466384702712e-07
242000.51391881009; -5.12450477670852e-07
242140.79525035512; -5.40814380245463e-07
242281.07658190015; -7.24178346212275e-07
242421.35791344519; -5.22870960361245e-07
242561.63924499025; -6.03786943365705e-07
242701.92057653528; -6.39453797711118e-07
242842.20190808031; -6.68079491128237e-07
242982.48323962535; -7.34834580236384e-07
243122.76457117038; -7.49629319106320e-07
243263.04590271541; -7.32673285970688e-07
243403.32723426045; -7.14126966551070e-07
243543.60856580548; -6.91124341139975e-07
243683.88989735051; -6.71652257934490e-07
243824.17122889555; -6.56197565013877e-07
243964.45256044061; -6.62861522829893e-07
244104.73389198564; -6.57223367464207e-07
244245.01522353067; -6.59411838108587e-07
244385.29655507571; -1.90909699725276e-06
244525.57788662077; -1.88485878580831e-06
244665.85921816580; -3.17980008959049e-08
244806.14054971081; -3.00255529367273e-07
244946.42188125587; -4.58488892951083e-07
245086.70321280090; -5.35978138276668e-07
245226.98454434593; -5.76708081990615e-07
245367.26587589097; -5.60100278614056e-07
245507.54720743600; -5.29653835288249e-07
245576.77991806326; -5.37658224756096e-07
245717.06124960829; -5.38247296315194e-07
245857.34258115332; -5.70466353124487e-07
245997.62391269839; -5.96137965290772e-07
246137.90524424342; -6.19492830947242e-07
246278.18657578845; -6.31740662919824e-07
246418.46790733348; -6.41296664190465e-07
246558.74923887855; -6.36087112854408e-07
246699.03057042358; -6.82215682144424e-07
246839.31190196861; -3.17813782415248e-07
246979.59323351365; -4.26746064261800e-07
247119.87456505868; -5.13280315133827e-07
247260.15589660371; -5.47742014476747e-07
247400.43722814874; -5.53710859915363e-07
247540.71855969378; -5.81594307717432e-07
247680.99989123881; -5.96168922316602e-07
247821.28122278384; -6.01665977876685e-07
247961.56255432891; -5.97518829112982e-07
248101.84388587394; -6.00874666224662e-07
248242.12521741897; -6.01288292537857e-07
248382.40654896401; -6.05791839845943e-07
248522.68788050907; -6.09977063875315e-07
248662.96921205407; -6.52273308117807e-07
248803.25054359910; -6.31350759146653e-07
248943.53187514414; -6.13675563169943e-07
249083.81320668920; -6.18790687221465e-07
249224.09453823423; -6.11003559893883e-07
249364.37586977927; -6.20209454429710e-07
249504.65720132430; -6.08662627136799e-07
249644.93853286933; -5.88511792545148e-07
249785.21986441436; -5.52811013371143e-07
249925.50119595940; -5.54366849512183e-07
250065.78252750443; -5.40045679243081e-07
250206.06385904946; -5.49606285240402e-07
250346.34519059450; -6.04757355693610e-07
250486.62652213956; -6.21083695316509e-07
250626.90785368459; -6.23172739917180e-07
250767.18918522962; -6.01928992529877e-07
250907.47051677466; -6.21191816126417e-07
250976.70322740194; -6.21210419298143e-07
251116.98455894698; -6.26039333887153e-07
251257.26589049201; -6.31918823682351e-07
251397.54722203704; -6.20948647192262e-07
251537.82855358208; -5.72546648572856e-07
251678.10988512711; -5.18401096883039e-07
251818.39121667214; -6.48865514683397e-07
251958.67254821718; -5.63547459657608e-07
252098.95387976224; -5.60131273541757e-07
252239.23521130727; -6.14717129401384e-07
252379.51654285227; -6.29942199230961e-07
252519.79787439734; -6.66019859574361e-07
252660.07920594237; -6.80755948753760e-07
252800.36053748740; -6.71945140800000e-07
252940.64186903244; -6.67566017999630e-07
253080.92320057750; -6.33893615635221e-07
253221.20453212253; -6.65625082260098e-07
253361.48586366756; -6.74249044446610e-07
253501.76719521260; -6.52989065578406e-07
253642.04852675763; -9.01634356356694e-07
253782.32985830266; -2.41971606948071e-06
253922.61118984770; -5.09340062007707e-07
254062.89252139273; -3.00145556246207e-07
254203.17385293776; -4.58200744564558e-07
254343.45518448279; -5.42548917624818e-07
254483.73651602786; -5.90815121983595e-07
254624.01784757289; -6.23514433014328e-07
254764.29917911792; -6.38221781867522e-07
254904.58051066296; -5.49065888685273e-07
255044.86184220802; -3.95848761334415e-07
255185.14317375305; -4.20558913436119e-07
255325.42450529808; -4.66562433243133e-07
255465.70583684312; -4.86661569557073e-07
255605.98716838815; -5.03533041993192e-07
255746.26849993318; -5.24358639336105e-07
255886.54983147822; -5.37546164578118e-07
256026.83116302325; -5.41650825514876e-07
256167.11249456828; -5.50152336941263e-07
256307.39382611332; -5.52427337507921e-07
256376.62653674057; -5.57316440223252e-07
256516.90786828563; -6.86108906950596e-07
256657.18919983067; -5.01466956381931e-07
256797.47053137570; -6.23243659777464e-07
256937.75186292073; -6.32422693152847e-07
257078.03319446580; -6.17079302305050e-07
257218.31452601083; -6.40635694725930e-07
257358.59585755586; -6.47936469154466e-07
257498.87718910089; -6.35516617986725e-07
257639.15852064593; -6.45275608358795e-07
257779.43985219096; -6.49069502905626e-07
257919.72118373599; -6.33840070266430e-07
258060.00251528103; -6.49506933108328e-07
258200.28384682606; -6.49324323925857e-07
258340.56517837109; -6.55862915679498e-07
258480.84650991613; -6.28567715127035e-07
258621.12784146119; -6.10234616699247e-07
258761.40917300622; -6.52449711702591e-07
258901.69050455125; -6.36371363010054e-07
259041.97183609632; -5.96744978917873e-07
259182.25316764135; -5.16596778121915e-07
259322.53449918638; -5.77827920433346e-07
259462.81583073142; -6.08219764253522e-07
259603.09716227645; -6.13185730299087e-07
259743.37849382148; -6.31312855020567e-07
259883.65982536651; -5.98962422764030e-07
260023.94115691155; -6.16985305401452e-07
260164.22248845658; -6.55412369346275e-07
260304.50382000161; -6.53220714881716e-07
260444.78515154665; -6.52434176463292e-07
260585.06648309168; -5.99674570898420e-07
260725.34781463671; -5.63821906957699e-07
260865.62914618175; -5.74852313418306e-07
261005.91047772681; -5.99902450496770e-07
261146.19180927184; -6.35692984938937e-07
261286.47314081687; -5.67320382778420e-07
261426.75447236191; -6.62440512189965e-07
261567.03580390697; -6.42620743913970e-07
261707.31713545200; -6.74191363958968e-07
261776.54984607926; -6.75941940123840e-07
261916.83117762429; -6.90053227771517e-07
262057.11250916932; -6.67900330351872e-07
262197.39384071436; -6.80662784516100e-07
262337.67517225945; -6.80627227339671e-07
262477.95650380442; -6.47209186957793e-07
262618.23783534952; -6.48908556441953e-07
262758.51916689449; -6.70604133162280e-07
262898.80049843958; -1.76426885121287e-06
263039.08182998461; -1.66577516906609e-06
263179.36316152965; -3.05149749790232e-07
263319.64449307468; -3.83783151610265e-07
263459.92582461971; -5.06786685194393e-07
263600.20715616475; -5.77713944250974e-07
263740.48848770978; -6.11347594192462e-07
263880.76981925481; -6.28548738719098e-07
264021.05115079985; -6.40912074934868e-07
264161.33248234488; -6.21310384984558e-07
264301.61381388991; -4.46982124666855e-07
264441.89514543500; -4.29335701916937e-07
264582.17647697998; -4.71666742737492e-07
264722.45780852507; -4.97680846663730e-07
264862.73914007004; -5.02521305460560e-07
265003.02047161513; -5.25388412842966e-07
265143.30180316011; -5.40967778004096e-07
265283.58313470520; -5.52267151608436e-07
265423.86446625018; -5.58296858666706e-07
265564.14579779527; -5.59888517525658e-07
265704.42712934024; -5.66942222047003e-07
265844.70846088533; -7.00040717569122e-07
265984.98979243037; -4.94161916142932e-07
266125.27112397540; -6.43957629720985e-07
266265.55245552043; -6.14949404914633e-07
266405.83378706547; -6.37456095865417e-07
266546.11511861050; -6.72617976688511e-07
266686.39645015553; -6.27657898365610e-07
266826.67778170062; -6.42335445910048e-07
266966.95911324560; -6.45721329471876e-07
267107.24044479069; -6.31105986687221e-07
267176.47315541795; -6.31797357106103e-07
267316.75448696298; -6.45426392941955e-07
267457.03581850801; -6.43010277446575e-07
267597.31715005304; -6.55413633001797e-07
267737.59848159808; -6.52074794670201e-07
