Time, s; Heat flow, Watt
1592.35322352872; 3.05889887430570e-05
1592.62236716598; 3.05772437870358e-05
1595.79233114794; 3.05461708384495e-05
1598.96235273778; 3.05134690482293e-05
1602.46193873882; 3.04603445595977e-05
1611.24523221702; 3.03623122488034e-05
1618.93025799841; 3.03108058696858e-05
1628.02398249880; 3.02816730966112e-05
1632.89114974067; 3.02670490506147e-05
1642.81331172959; 3.02385913933083e-05
1662.83103014529; 2.97665358400908e-05
1675.77021242305; 2.94839379847657e-05
1695.78787323087; 2.91050541119282e-05
1716.19905776158; 2.88440024765905e-05
1729.44867927582; 2.88108753009321e-05
1749.46634005197; 2.88747960966880e-05
1769.17360348814; 2.85772433253775e-05
1782.42321676016; 2.83441394427271e-05
1800.76196079701; 2.81338029320018e-05
1823.10456733219; 2.81950498270522e-05
1866.30720200203; 2.83404054306644e-05
1907.47112107463; 2.84497798439896e-05
1925.73887644894; 2.84992740557815e-05
1968.15208178758; 2.85959251122732e-05
2015.89440931007; 2.86946905672138e-05
2038.38519803993; 2.86925285212245e-05
2076.88583333604; 2.87061624989115e-05
2097.38784865290; 2.87323574966596e-05
2135.88842642308; 2.87853663746576e-05
2173.13977534323; 2.88846702678033e-05
2204.56185890735; 2.89505250436893e-05
2243.06249427796; 2.89310049489443e-05
2285.47569961100; 2.89088502030136e-05
2318.21997957303; 2.89413968067454e-05
2340.95860613882; 2.89485315869020e-05
2379.45918395743; 2.89510547073090e-05
2416.15226390958; 2.89140433054761e-05
2454.65289935097; 2.89093278380731e-05
2476.83380733430; 2.90839552531102e-05
2513.65546837821; 2.91402665751585e-05
2563.46965366601; 2.88524837732299e-05
2583.57821119390; 2.87075279884449e-05
2622.47225497477; 2.85756964351084e-05
2660.97289040126; 2.85344899774735e-05
2694.97529585101; 2.85083863049020e-05
2733.47587351874; 2.85081030169128e-05
2755.65620716847; 2.85139535089057e-05
2794.15684252046; 2.85365811384252e-05
2841.89917002432; 2.85466113663688e-05
2862.40060274303; 2.85362194734842e-05
2900.90123812295; 2.85233507628679e-05
2942.06515711918; 2.84917929751073e-05
2960.33350340277; 2.84789434893751e-05
3002.74670879915; 2.84392566231855e-05
3050.48845368624; 2.84000507526465e-05
3072.97981665657; 2.83733261042683e-05
3111.48045208678; 2.83461724921273e-05
3131.98189305887; 2.83425105081788e-05
3166.96336681395; 2.83478939462575e-05
3220.88819726184; 2.83166536649064e-05
3239.15589495375; 2.82953653398705e-05
3281.56910035014; 2.82431204342841e-05
3316.55057410150; 2.81934971802019e-05
3351.80227427370; 2.81752025385860e-05
3377.23214978538; 2.81422239904054e-05
3414.05381079205; 2.80948089737304e-05
3445.78634100967; 2.80425962471984e-05
3492.14833835884; 2.79844201967592e-05
3508.73718533479; 2.79837001450089e-05
3559.56364536099; 2.79634220794284e-05
3595.37361418269; 2.79302424059324e-05
3617.16049750894; 2.79120100357616e-05
3656.05454139225; 2.78926429819452e-05
3694.55517670139; 2.78827251477006e-05
3729.56934011169; 2.78542863957147e-05
3768.06991786509; 2.77890526521054e-05
3790.25082590431; 2.77657135461712e-05
3828.75146124140; 2.78319545265316e-05
3876.88667227328; 2.80311730594794e-05
3896.99522969499; 2.79195271533472e-05
3935.88933116197; 2.76251619862723e-05
3974.38990890235; 2.74540472005862e-05
3999.15056452900; 2.74055628131844e-05
4037.34074484184; 2.74106023915478e-05
4073.15065616370; 2.74520449566400e-05
4107.57386109978; 2.74782787457714e-05
4146.46796254814; 2.74476008269982e-05
4163.05735020339; 2.74273911072688e-05
4216.39063944481; 2.73287944422556e-05
4254.89127476886; 2.72756748955113e-05
4277.66314967909; 2.72615091428676e-05
4316.16372733004; 2.72693036629945e-05
4351.14520111866; 2.72771200118201e-05
4386.39689283073; 2.72425728771689e-05
4424.89747058414; 2.71693375143800e-05
4459.56851335242; 2.71455567641988e-05
4480.38038539327; 2.71435311928685e-05
4535.98413253017; 2.71642380629190e-05
4543.33180402406; 2.71515395077359e-05
4582.22584778443; 2.71697145647934e-05
4629.96765031293; 2.71441688098775e-05
4652.14859060571; 2.71032670344305e-05
4690.64916834980; 2.70391234205862e-05
4729.14980366826; 2.69874318662971e-05
4760.88233387470; 2.69752086560422e-05
4805.56541449949; 2.69668987992514e-05
4822.15420379489; 2.69578317626826e-05
4863.73897179588; 2.69562639226270e-05
4899.54888299853; 2.69891387613687e-05
4933.66164872423; 2.69998128278997e-05
4969.47161746025; 2.69497585872389e-05
5007.97219526395; 2.68819028508671e-05
5040.71648338250; 2.68350345914981e-05
5069.24470549263; 2.67935421998433e-05
5104.22617912852; 2.67645206025204e-05
5142.56194592267; 2.67344620434431e-05
5181.06258122437; 2.67513663845628e-05
5197.65139458142; 2.67655001727491e-05
5250.98526643031; 2.67536570413055e-05
5289.48590172269; 2.67281108474852e-05
5309.98731049336; 2.67226097497371e-05
5347.23865947872; 2.67322680516710e-05
5385.73923728056; 2.67124416824022e-05
5420.99093719386; 2.66824992862693e-05
5459.88498111442; 2.66149438285060e-05
5482.23072410375; 2.67395947360682e-05
5520.56654851883; 2.69183170946997e-05
5568.30829328299; 2.66887617144346e-05
5576.04943916946; 2.65549524079021e-05
5616.81989219039; 2.64257534862286e-05
5664.56227730215; 2.64508375115406e-05
5686.74262670800; 2.64544757060986e-05
5725.24320436269; 2.64390832554585e-05
5763.74383971468; 2.64146161970495e-05
5799.38894828409; 2.64124957099409e-05
5834.37042209878; 2.64343128129820e-05
5858.82120537013; 2.64514514904901e-05
5895.64292391763; 2.64441890498428e-05
5934.14350167475; 2.64240306064366e-05
5965.56560924463; 2.64209545402975e-05
6004.06624448858; 2.63811800272041e-05
6042.56682227738; 2.63167272665505e-05
6065.05760263279; 2.62621049164645e-05
6098.04970462620; 2.62679156168310e-05
6138.82021529041; 2.63100689068787e-05
6177.15599030071; 2.63310457929718e-05
6214.64487583376; 2.62981646659638e-05
6247.07872477919; 2.62617375883064e-05
6273.64746891148; 2.62174946825091e-05
6321.38927140087; 2.61950988293305e-05
6341.06277590990; 2.61893951115588e-05
6380.82153668627; 2.62196908427380e-05
6419.32211437077; 2.62194687112472e-05
6455.97902204842; 2.62144258646187e-05
6494.47959984839; 2.62066035905639e-05
6516.82476023585; 2.61889237653247e-05
6555.16059271991; 2.61575851332077e-05
6590.14206659422; 2.61428248193005e-05
6610.64405788109; 2.61411641626798e-05
6651.41451092437; 2.61511434911082e-05
6699.15631336346; 2.61052086467006e-05
6721.33725367673; 2.60555542382746e-05
6757.14716496877; 2.60137288677798e-05
6795.64780029096; 2.59922154119975e-05
6830.46446309238; 2.59592275226925e-05
6868.96504071727; 2.59497671543314e-05
6891.14537445642; 2.59612259788793e-05
6931.91588499583; 2.59708919037432e-05
6968.73754611425; 2.59259133638686e-05
7000.15964516811; 2.58780851428193e-05
7038.66028059274; 2.58328014479256e-05
7077.16085835174; 2.58466073487065e-05
7100.04569577426; 2.58788740189948e-05
7134.32324833051; 2.58951173316476e-05
7173.41484224424; 2.58635334411381e-05
7210.73885917291; 2.58376317513850e-05
7249.23949455470; 2.58280567915742e-05
7269.74093559011; 2.58300559346481e-05
7308.24151325971; 2.58368050770638e-05
7355.98389835656; 2.58452118366124e-05
7374.64506220818; 2.58414505275595e-05
7413.14569763466; 2.58322611399068e-05
7453.91615050286; 2.57892714462085e-05
7490.57306642831; 2.57651434928564e-05
7528.06189430318; 2.59148112038508e-05
7551.25457621180; 2.59310931949516e-05
7587.06454503536; 2.57516337193274e-05
7622.04601887986; 2.55749265987707e-05
7656.15876865573; 2.55020968880961e-05
7682.72693021037; 2.54919619448919e-05
7723.49744086898; 2.55091032288500e-05
7753.24062340520; 2.54976227492385e-05
7791.74120104313; 2.54571075741309e-05
7830.24183639511; 2.54360084433868e-05
7865.05850741453; 2.54431220565267e-05
7903.55908515491; 2.54395695447226e-05
7925.73999319598; 2.54244487935024e-05
7966.51050374657; 2.53948755340429e-05
8002.32041504607; 2.54244305247882e-05
8034.75427224115; 2.54378230159122e-05
8072.24315786362; 2.53964998692038e-05
8109.06481883674; 2.53409730355050e-05
8134.63973190635; 2.53066265364721e-05
8182.38211690262; 2.52894133327762e-05
8204.72725343704; 2.52811875741005e-05
8245.33290361241; 2.52697058234004e-05
8283.83353893459; 2.52467814210805e-05
8304.33555422350; 2.52019592348005e-05
8342.83613202721; 2.50511145088137e-05
8377.81760578230; 2.50038665439714e-05
8409.23968928865; 2.50376351300878e-05
8447.74032452888; 2.50585135257294e-05
8488.51077751629; 2.50440315189935e-05
8524.15593543462; 2.50415257646928e-05
8562.65651310608; 2.50226188223755e-05
8584.83687084727; 2.50003385734076e-05
8618.13942784630; 2.49962420716997e-05
8656.64006322809; 2.50115987653653e-05
8678.82097126916; 2.50181891385021e-05
8717.32154908590; 2.50321786105617e-05
8758.09205948561; 2.50124693265020e-05
8805.66900169849; 2.49520957206084e-05
8826.33582799881; 2.49099446513458e-05
8864.83646342158; 2.48503597819558e-05
8899.65312610567; 2.48262978355261e-05
8935.46303739399; 2.48504854788991e-05
8960.33403751627; 2.48542458512158e-05
8996.14400645718; 2.48637106797443e-05
9036.91445949301; 2.48616393074526e-05
9059.09539141133; 2.48548071321408e-05
9106.83719396591; 2.48084277148050e-05
9145.33777154610; 2.47400679389350e-05
9169.23435880243; 2.47076009794913e-05
9216.97616123595; 2.47015046147781e-05
9239.32188040577; 2.46996632524470e-05
9279.92752222902; 2.46899348173458e-05
9315.73749123513; 2.46843710029173e-05
9338.92959866486; 2.46632927243711e-05
9373.91107241623; 2.46466421196221e-05
9411.39990035631; 2.46515912423307e-05
9443.83372533321; 2.46347530360188e-05
9470.40252706967; 2.45692948834988e-05
9518.14427192510; 2.45265329240506e-05
9558.74997981451; 2.44974972970539e-05
9597.25055745430; 2.45066747700632e-05
9615.91238555126; 2.45351796268474e-05
9652.73404658586; 2.45561415822713e-05
9691.23468196392; 2.45236733904726e-05
9713.41501564533; 2.44911427275234e-05
9751.91559327022; 2.44186212039730e-05
9790.41622871161; 2.43726739372414e-05
9828.33120417595; 2.43495756521558e-05
9862.60878073424; 2.42581780290867e-05
9898.41874971985; 2.41820570811741e-05
9933.23542074114; 2.42623353099817e-05
9971.73599850014; 2.44296912219234e-05
9992.23798981682; 2.44149079944267e-05
10030.73862513525; 2.43114100827537e-05
10071.50907805189; 2.42025114782011e-05
10093.68943584896; 2.41391520157628e-05
10141.43182087502; 2.40935804513555e-05
10167.17154491133; 2.40826622314399e-05
10202.81664510071; 2.41110894405001e-05
10241.31728052533; 2.41624625431483e-05
10273.91591639442; 2.41598450021065e-05
10309.56102500669; 2.41298334144005e-05
10350.33153549394; 2.41029798061118e-05
10372.51246760040; 2.40929741066748e-05
10407.49394135175; 2.40698998490039e-05
10445.99451909216; 2.40068130111924e-05
10466.49593605103; 2.39596097024850e-05
10504.99657140673; 2.39205230866788e-05
10552.73889890686; 2.39271479565673e-05
10593.34459843114; 2.39285648933285e-05
10619.91275998952; 2.39172366188953e-05
10650.50642986969; 2.39043031188676e-05
10689.00700768827; 2.38889241496775e-05
10724.81697648016; 2.38940334587006e-05
10748.00963438301; 2.38729386148570e-05
10783.81954557077; 2.38123497805381e-05
10822.32018095255; 2.37773925033113e-05
10862.92583112604; 2.37787154246263e-05
10894.51274137013; 2.38086345065040e-05
10920.25246536171; 2.38146638124379e-05
10967.83003941923; 2.37766903558340e-05
11006.33061717638; 2.37028611544993e-05
11026.83203416505; 2.36746962893243e-05
11065.33266951703; 2.36665045543559e-05
11103.83324707858; 2.36313407935303e-05
11128.28405441345; 2.35836211674000e-05
11163.26552822443; 2.35263362818766e-05
11201.76616366394; 2.34844447611711e-05
11237.41127211788; 2.34784311092491e-05
11275.91190747917; 2.34733488385909e-05
11323.65365236623; 2.34673794308477e-05
11344.15564371273; 2.34674627343107e-05
11384.92615424468; 2.34608755952866e-05
11403.58735043927; 2.34510872098555e-05
11442.08798567202; 2.34029002463226e-05
11480.58856341244; 2.33248378396232e-05
11501.09055475893; 2.32869380065388e-05
11539.59119014443; 2.32720316948135e-05
11587.33293495329; 2.32990054506605e-05
11624.65701777860; 2.32811905544547e-05
11650.98828306048; 2.32579627322384e-05
11673.16863246636; 2.32313024801397e-05
11720.91095998881; 2.31987731365118e-05
11759.41159517504; 2.31889619609447e-05
11781.59192886017; 2.31636360609665e-05
11820.09250658191; 2.31065318794076e-05
11856.91422533056; 2.30767002474632e-05
11891.73088804634; 2.30818930593066e-05
11932.50134098903; 2.30881491589649e-05
11954.84708403982; 2.30842263172826e-05
12002.42408379726; 2.30569487212784e-05
12028.99282793142; 2.30322808054811e-05
12061.42665284315; 2.30315876626463e-05
12098.91553840785; 2.30243386654588e-05
12137.41611615942; 2.29662097228756e-05
12157.08911963180; 2.29444419225949e-05
12195.16890622674; 2.29225620941125e-05
12233.66954142599; 2.28838698906328e-05
12272.00530821830; 2.28645033475425e-05
12310.50594353675; 2.28476871746063e-05
12341.92802702634; 2.28385638633707e-05
12378.74968803675; 2.28124891594750e-05
12416.23857359587; 2.27810286243585e-05
12438.18196905775; 2.27684260680411e-05
12476.68260442463; 2.27123953249857e-05
12512.49251574649; 2.26531662619367e-05
12550.82834823987; 2.26235445374413e-05
12573.17348471471; 2.26169701061459e-05
12620.91581222602; 2.26222195007483e-05
12646.49072526025; 2.26105403038966e-05
12683.31244380029; 2.25894561779216e-05
12707.76325942391; 2.25671449678836e-05
12755.50500418805; 2.26037300487039e-05
12794.00563961454; 2.25818808776129e-05
12816.18654759412; 2.25350321927504e-05
12854.68712535873; 2.24533679132362e-05
12893.18776058406; 2.24133584600730e-05
12925.31376528554; 2.24236029106746e-05
12966.08421825244; 2.24224459214180e-05
12989.44112838801; 2.24106766711456e-05
13025.08628623186; 2.23891257957731e-05
13063.58686397224; 2.23300654587304e-05
13095.00894747675; 2.22505459251391e-05
13133.50958278403; 2.21614844046940e-05
13172.01016054302; 2.21544741990502e-05
13188.99307188765; 2.21458791259078e-05
13229.76352493465; 2.21561497927805e-05
13268.26416016370; 2.21816590222280e-05
13306.59993523359; 2.21892564989274e-05
13342.40990399941; 2.21641326312317e-05
13376.52264572307; 2.21294728877577e-05
13412.33255697042; 2.20989831953551e-05
13438.07228107566; 2.20429251958038e-05
13467.81547174043; 2.19955994927688e-05
13508.58598236553; 2.19283181931121e-05
13547.08656006492; 2.19092814025976e-05
13585.42238441667; 2.19078726511466e-05
13607.76810345425; 2.19418372896958e-05
13646.26868114246; 2.21439497941510e-05
13681.08535215817; 2.20840263455624e-05
13719.58598753625; 2.18483256569493e-05
13751.59904530646; 2.17624287840029e-05
13790.09962295556; 2.16774921284727e-05
13816.66784214973; 2.16264615101054e-05
13850.78059197216; 2.16366658337137e-05
13886.59050335734; 2.16348552372578e-05
13925.09113859757; 2.16395431854057e-05
13959.90780138597; 2.16429007263696e-05
13998.40837901085; 2.16112998274967e-05
14021.34508073328; 2.15889613934740e-05
14059.68091324715; 2.15737200327936e-05
14098.18149098754; 2.15567861710623e-05
14129.60356615486; 2.15137454521446e-05
14168.10420152174; 2.14442409295333e-05
14203.08567527497; 2.14226740511309e-05
14223.58711632529; 2.14247714235646e-05
14262.08769402468; 2.14257698101151e-05
14302.85820456037; 2.14196323986373e-05
14338.50330489688; 2.14138315569816e-05
14377.00394016133; 2.13942759330761e-05
14399.18485647625; 2.13538001767211e-05
14434.16633022762; 2.12792968378417e-05
14472.66690803505; 2.12086631053160e-05
14504.08900714665; 2.11950354059544e-05
14543.18060110324; 2.12050301701554e-05
14581.68117877468; 2.11894515145529e-05
14619.00526162982; 2.11577230625073e-05
14642.36214778945; 2.11355145295544e-05
14680.86272552982; 2.11079770038284e-05
14712.98872182518; 2.10708422864064e-05
14751.48935713989; 2.10021232904816e-05
14782.91146465021; 2.09711458148138e-05
14814.44075043499; 2.09355567449703e-05
14862.18255298585; 2.09189446593145e-05
14882.68454427646; 2.09155677012282e-05
14921.18512203172; 2.09169955293809e-05
14959.68575728312; 2.09236245858447e-05
14994.50242841617; 2.08986058661291e-05
15033.00300605410; 2.08524342038425e-05
15071.08285019359; 2.08109020692986e-05
15094.27494934759; 2.07809704421464e-05
15131.76377734914; 2.07415224387021e-05
15164.19761053663; 2.07199096563917e-05
15200.00757947751; 2.06925151126389e-05
15225.74788602999; 2.06610787534426e-05
15258.18173500896; 2.06411612978864e-05
15295.67056295834; 2.06068738660515e-05
15336.44107355549; 2.05774681194679e-05
15374.77684845588; 2.05530140867390e-05
15411.59856711514; 2.05353671726491e-05
15430.25973095373; 2.05191009499918e-05
15468.76036639139; 2.04849023861760e-05
15507.26094401627; 2.04758981403985e-05
15538.68305152281; 2.04821554575739e-05
15577.18368690459; 2.04403420697004e-05
15616.27522312104; 2.03892473988500e-05
15653.59929773210; 2.03311545802927e-05
15692.09987530857; 2.02815079479822e-05
15725.09197749570; 2.02431480588452e-05
15747.58334881068; 2.02009014849743e-05
15786.08398415893; 2.01445032005421e-05
15817.50608332828; 2.01293975665859e-05
15858.27653624117; 2.01048958529697e-05
15896.77717168258; 2.00744092092325e-05
15917.27858866939; 2.00728202384291e-05
15955.77916629053; 2.00896607730350e-05
15990.76064013879; 2.00881819106279e-05
16026.40579790249; 2.00717418857030e-05
16064.90637571927; 2.00397211602270e-05
16103.40701108801; 1.99768830782093e-05
16127.85782661846; 1.99264582790299e-05
16166.35840424334; 1.98812656063996e-05
16186.85981295630; 1.98677082680996e-05
16221.84128683433; 1.98444877534005e-05
16260.34192214719; 1.97983768459416e-05
16307.91944691911; 1.97601034201275e-05
16330.26460727679; 1.97354155701059e-05
16369.15870878847; 1.97074596414928e-05
16409.37088456005; 1.96836574470607e-05
16445.18085348606; 1.96566178704358e-05
16464.85435799511; 1.96348083872394e-05
16503.35499334709; 1.95975363560734e-05
16539.16490453485; 1.95838135635550e-05
16573.27767026050; 1.96006991027193e-05
16609.08763908595; 1.95686500340829e-05
16649.85809205473; 1.94657395047022e-05
16688.19392462821; 1.93639387079102e-05
16723.17539844104; 1.93062342696505e-05
16749.43310500495; 1.92870456167512e-05
16782.17738487943; 1.92897211469893e-05
16820.67802021837; 1.92805430287838e-05
16842.85896051862; 1.92673359295704e-05
16890.60070545040; 1.92675976480573e-05
16919.43938237615; 1.92695797244760e-05
16951.87320734932; 1.92584142236290e-05
16986.85468104482; 1.92271961022845e-05
17029.26788653991; 1.91496188248394e-05
17061.00042492340; 1.91473177376659e-05
17099.50100273453; 1.91100218676749e-05
17121.68135208451; 1.90711603116507e-05
17160.18198744580; 1.90173782318906e-05
17200.95244043319; 1.89775712631961e-05
17217.93533610181; 1.89598991750476e-05
17256.43591378255; 1.89256511193654e-05
17309.76920299605; 1.88921305260795e-05
17332.26056604458; 1.88581449224484e-05
17365.25269216300; 1.88266834534406e-05
17403.75332752618; 1.87793007072192e-05
17441.27484507862; 1.87532926233928e-05
17476.25631894916; 1.87221669727951e-05
17498.43664435298; 1.86907592070260e-05
17536.93727971986; 1.86721599639335e-05
17573.75894066692; 1.86463999776605e-05
17605.18104814178; 1.85747600219235e-05
17643.68168340436; 1.85132788325949e-05
17682.57572735284; 1.86029280099482e-05
17710.02763205020; 1.84767531285105e-05
17757.76943448372; 1.82906296800609e-05
17784.02772362532; 1.82270942511809e-05
17816.77201186308; 1.82242396154515e-05
17854.26089748926; 1.82306954808610e-05
17874.76233026198; 1.82406884743728e-05
17913.26290784031; 1.82389512251984e-05
17966.35930076241; 1.82097124807446e-05
17985.45550186188; 1.81885978597184e-05
18027.04021224751; 1.81500774950316e-05
18062.85018112882; 1.81116106730021e-05
18095.59446103872; 1.80650453016684e-05
18134.09503871576; 1.80134216837577e-05
18156.27597909793; 1.79814842322745e-05
18194.77661446484; 1.79156477799791e-05
18232.85640089215; 1.78766966318167e-05
18254.20828885212; 1.78591273769076e-05
18291.02994985506; 1.78299630715182e-05
18344.36382174120; 1.77625800993984e-05
18366.85461037792; 1.77177859334476e-05
18399.84673648141; 1.76869149239886e-05
18438.34737179986; 1.76511221764117e-05
18473.59900601207; 1.76363959780838e-05
18510.85035505333; 1.76208988234636e-05
18533.03127134034; 1.75482821709817e-05
18571.53190655450; 1.74227614274850e-05
18623.18627919815; 1.73479093952461e-05
18630.53391708992; 1.73281961001155e-05
18678.66976831853; 1.72984425045419e-05
18717.17034603095; 1.72770671962480e-05
18739.66113470311; 1.72576094350833e-05
18780.43164531142; 1.72222481151168e-05
18832.08660051596; 1.71724852631266e-05
18850.35429816319; 1.71527014427984e-05
18889.24839961158; 1.70975294470229e-05
18909.35695715620; 1.70731604265370e-05
18959.17108482124; 1.70503781150193e-05
18995.99280355127; 1.69944836402605e-05
19005.01933407041; 1.69648091385639e-05
19058.94416448847; 1.68924837225464e-05
19097.44479981063; 1.68292336907157e-05
19119.93558854238; 1.67909384806368e-05
19167.67791608350; 1.67663796843161e-05
19189.85826545583; 1.67443096880111e-05
19226.67998401077; 1.67094704329509e-05
19268.26469440945; 1.66454765491979e-05
19286.11224936882; 1.66283340295031e-05
19337.76662195287; 1.65796101479977e-05
19376.26719970815; 1.65475843329939e-05
19401.44922914542; 1.65154265840021e-05
19449.19103165714; 1.64610823017622e-05
19471.93024082668; 1.63923752813307e-05
19504.67452903649; 1.63180632134605e-05
19549.35760964639; 1.61762873297742e-05
19567.62530747803; 1.61489363816622e-05
19619.28026257270; 1.61100048214745e-05
19645.01998661833; 1.60861657751408e-05
19676.44209400938; 1.60738628732852e-05
19713.26381273941; 1.60514960688593e-05
19751.76439034940; 1.60218360718932e-05
19774.25575350225; 1.60050698266705e-05
19815.02626398950; 1.60086722473732e-05
19866.68063657357; 1.59787852877528e-05
19884.94892517848; 1.59481752549097e-05
19923.84302669019; 1.58894002062815e-05
19943.95099319891; 1.58566746042668e-05
19993.76570355893; 1.58112517319268e-05
20032.26633892210; 1.57631916705581e-05
20053.07821090334; 1.57245691846507e-05
20093.53820895589; 1.56547843236866e-05
20132.03884412906; 1.55931522882658e-05
20154.53020727823; 1.55559368829767e-05
20202.66541818158; 1.55165421141439e-05
20224.45289246923; 1.54907786349102e-05
20263.34699384682; 1.54618900028213e-05
20301.84757162072; 1.54062970270912e-05
20322.34898027403; 1.53718955524585e-05
20372.36124069057; 1.52677362058962e-05
20398.10096468031; 1.51513666501898e-05
20433.35260706583; 1.50934619338993e-05
20484.17912475391; 1.50325151495619e-05
20506.52428517491; 1.50029717635075e-05
20544.86005190389; 1.49665825653580e-05
20580.67002072933; 1.49472700699600e-05
20599.52926787359; 1.49408111296782e-05
20641.11403581872; 1.49224707153870e-05
20676.92394719647; 1.49268277332366e-05
20711.03671274707; 1.48749982126900e-05
20746.84668167681; 1.47976594462487e-05
20785.34725931286; 1.47182405134502e-05
20808.84979779275; 1.46836143932388e-05
20864.45354489981; 1.46425015614729e-05
20902.95418022013; 1.45735122626665e-05
20919.93642736598; 1.45491928426328e-05
20958.43706274776; 1.44884625825504e-05
20980.61800306477; 1.44468713440882e-05
21028.35974793695; 1.43977866375407e-05
21066.86038318462; 1.43653963179089e-05
21089.35174627603; 1.43515032546522e-05
21128.13282763400; 1.42715485195899e-05
21165.62171313912; 1.41452987440474e-05
21189.51771768743; 1.40902168448307e-05
21237.26004513168; 1.40638742813839e-05
21259.44039454310; 1.40453166975318e-05
21297.94102997702; 1.40213473496862e-05
21336.44160772114; 1.39697057839529e-05
21367.86369113623; 1.39861763833577e-05
21406.95528500898; 1.39800136078975e-05
21432.69559163601; 1.38834809127421e-05
21467.94722579793; 1.38076186335345e-05
21506.84132724629; 1.37429266612309e-05
21541.11890385300; 1.37011900101482e-05
21576.76401236652; 1.36460918793917e-05
21615.26464774460; 1.35985057061056e-05
21637.44497314841; 1.35672972475951e-05
21673.01740556209; 1.35529950207745e-05
21711.51798312367; 1.35087255359134e-05
21733.69892355986; 1.34730778017440e-05
21781.44072605481; 1.34177016779127e-05
21819.94130375051; 1.33442835108382e-05
21858.27712804637; 1.33054442483513e-05
21894.08703931049; 1.33165619334455e-05
21913.76060135476; 1.32601954552707e-05
21954.53105437943; 1.31104742010891e-05
21992.01994001679; 1.30183009430124e-05
22015.21203911304; 1.29802875387710e-05
22051.02195041624; 1.29546011515446e-05
22089.52258572166; 1.29211899564969e-05
22137.10011050477; 1.28939884226975e-05
22159.44524689017; 1.28597194395110e-05
22196.69659596312; 1.28524163259458e-05
22224.11233637857; 1.28363869860018e-05
22271.85408126193; 1.28564704335447e-05
22294.03502155469; 1.28267035787768e-05
22332.53565693645; 1.27400623127241e-05
22371.03623455762; 1.26511267663190e-05
22402.45830984414; 1.26046852959627e-05
22426.51911714302; 1.25483619492887e-05
22467.28962767869; 1.24744239763888e-05
22504.61365295573; 1.24260323799225e-05
22541.43537157214; 1.23968650212967e-05
22573.02228180878; 1.23668814034024e-05
22611.35804849676; 1.23162805563298e-05
22649.85868385062; 1.23084124179761e-05
22668.52043853887; 1.22630080245265e-05
22707.02107392065; 1.21230932599551e-05
22746.11261013709; 1.20281374144912e-05
22768.29295960441; 1.19799591778706e-05
22816.03534461372; 1.19614435978889e-05
22854.53592243417; 1.19517256763269e-05
22890.18108850531; 1.19241741754244e-05
22915.92081261612; 1.18765120886465e-05
22947.34288778343; 1.18513621287630e-05
22988.11334071308; 1.18227522963806e-05
23026.61397605761; 1.17997674395983e-05
23047.11599968746; 1.17764238216014e-05
23085.61657742782; 1.17187307411459e-05
23124.11721269039; 1.16862918022045e-05
23158.93387549369; 1.16711435756590e-05
23190.52076165751; 1.16453482433139e-05
23229.02133941278; 1.15659668096164e-05
23258.70638075842; 1.14671029636808e-05
23305.43695853652; 1.14032112195906e-05
23328.62905768678; 1.13618334307410e-05
23364.43902660163; 1.13472963053278e-05
23402.93960428239; 1.13062829793100e-05
23424.29208310506; 1.12694458684517e-05
23460.10199435241; 1.12021624539114e-05
23498.60262973419; 1.11049677019556e-05
23539.20827163754; 1.10355455390989e-05
23577.70890696905; 1.09960662380679e-05
23614.53056800365; 1.09683703572562e-05
23645.95267545244; 1.09585737476920e-05
23684.45331081936; 1.09351896110400e-05
23703.11447473058; 1.09368306918168e-05
23741.61510999129; 1.09225937761916e-05
23782.38556293584; 1.08716450394583e-05
23802.88758650050; 1.08312017574328e-05
23840.37647219374; 1.07706582254262e-05
23888.11821706591; 1.07317519944145e-05
23912.01479592545; 1.06901566532431e-05
23950.51543129236; 1.06531624233765e-05
23981.93751473724; 1.06399955361680e-05
24020.43809249996; 1.05860910289341e-05
24061.20860302820; 1.05825425712188e-05
24081.71003578976; 1.05672692067148e-05
24120.21061341465; 1.04776994636001e-05
24158.71124885231; 1.03716421689825e-05
24190.83725337686; 1.03313874824920e-05
24229.33783105575; 1.03037203366335e-05
24263.61538373121; 1.02807877445413e-05
24290.01937452329; 1.03520984447211e-05
24330.78982738964; 1.03673116157360e-05
24362.21193495578; 1.02966771164611e-05
24399.03365357036; 1.01562372602194e-05
24437.53423123992; 1.00647803455319e-05
24456.19545271435; 1.00387840922721e-05
24494.69603045658; 1.00019825155268e-05
24533.19666571730; 9.96624394615350e-06
24573.80231595598; 9.91827414988150e-06
24609.61228494159; 9.88390935217570e-06
24648.11286258325; 9.84924836517820e-06
24679.53496186804; 9.84230778556120e-06
24703.59635174277; 9.81453586706410e-06
24737.70910168441; 9.79014128743850e-06
24773.51907055453; 9.75303567104820e-06
24812.01964828372; 9.66456323658320e-06
24852.62534787879; 9.56094415169310e-06
24874.97050829605; 9.49424952866310e-06
24922.71283580361; 9.47590081599930e-06
24946.60884030908; 9.46642796382190e-06
24985.10947561263; 9.44172624088940e-06
25016.53155083955; 9.44699925590730e-06
25055.03212860227; 9.41310931541440e-06
25093.11197269525; 9.37537362492770e-06
25116.30466275849; 9.33542171169180e-06
25153.79349071345; 9.26865474855230e-06
25192.29412606173; 9.20140803807500e-06
25225.43187211268; 9.17650358013580e-06
25263.93244985862; 9.13040327788320e-06
25286.27758628687; 9.09508193354570e-06
25333.85516860520; 9.08534879078280e-06
25365.38387176954; 9.01884750494320e-06
25396.80597106366; 8.97929253287330e-06
25435.30660624614; 8.91192672497840e-06
25468.60916348545; 8.87749707301090e-06
25490.79007968681; 8.86167065507650e-06
25529.29065746815; 8.81644171040190e-06
25567.79129273074; 8.70572351096640e-06
25603.43639308588; 8.63547009017040e-06
25644.20690357686; 8.60291255502390e-06
25682.70748131722; 8.55460658817100e-06
25701.36873506008; 8.53766297423890e-06
25749.11106257884; 8.49551130565670e-06
25769.61247134951; 8.48692614744980e-06
25808.11310659719; 8.47561081790490e-06
25846.61368441211; 8.43467865045070e-06
25887.21939214136; 8.38051647930680e-06
25909.56513531320; 8.34702821110850e-06
25957.30688001775; 8.31591258941350e-06
25981.20345904676; 8.26531146916340e-06
26018.69234456495; 8.19960177531700e-06
26039.19376167098; 8.16994573146370e-06
26086.93608905561; 8.15502024629960e-06
26125.43672442622; 8.11605699170600e-06
26149.88694905674; 8.08575822746250e-06
26188.38752681759; 8.05555403248800e-06
26226.88816216960; 8.03972723277150e-06
26261.70483318530; 7.96782211870360e-06
26298.52649417520; 7.84738626302750e-06
26320.87221322582; 7.78337910280710e-06
26368.44920478759; 7.77199177550230e-06
26395.01794883983; 7.75117004381530e-06
26431.40059801564; 7.74383398827260e-06
26466.38207170740; 7.75319238505940e-06
26502.19204069672; 7.75209276127960e-06
26525.38411584868; 7.72430668068830e-06
26562.87294385955; 7.67650127985980e-06
26599.69466239588; 7.60917446005450e-06
26638.03043734653; 7.55889879401030e-06
26678.80094801636; 7.52828756469050e-06
26697.46271849050; 7.50744491131200e-06
26735.96335378288; 7.47656713007140e-06
26783.70509862155; 7.44357944808930e-06
26804.20709830335; 7.40988076441230e-06
26842.70773361063; 7.36046659305450e-06
26881.20831136961; 7.30776202705540e-06
26916.85346916875; 7.27626491974230e-06
26944.15917125344; 7.27555220921190e-06
26979.96908260138; 7.36065744131220e-06
27014.78575368039; 7.30414910490770e-06
27053.28638894299; 7.09776442341320e-06
27073.78838023172; 7.01030305609260e-06
27121.53012515791; 6.95012703333890e-06
27160.03076052666; 6.93101536491750e-06
27182.21170084548; 6.92431513551450e-06
27222.98215376957; 6.95070567838390e-06
27257.96362752467; 6.96500072523910e-06
27293.60878543928; 6.91639091905080e-06
27332.10936316849; 6.83630142887620e-06
27370.60999846088; 6.74367107400430e-06
27392.79033205283; 6.68477542176940e-06
27429.61199321970; 6.60748498103390e-06
27463.30396768080; 6.58413860357890e-06
27489.04427430777; 6.55817825561790e-06
27536.78607676923; 6.52385131019870e-06
27558.96699305438; 6.48314304486450e-06
27597.46757069790; 6.43091529322250e-06
27635.96820611692; 6.38284230840730e-06
27672.62505614198; 6.35710644265950e-06
27710.11394166202; 6.33722242214040e-06
27732.05676280895; 6.29689939754340e-06
27770.55739813112; 6.20979286155360e-06
27806.36730949768; 6.17076388515090e-06
27838.80113432556; 6.15661406037690e-06
27876.29001996852; 6.12838962564440e-06
27914.79059761018; 6.10773421317530e-06
27951.44751360453; 6.12624237081390e-06
27988.69886264949; 6.13006358268750e-06
28011.04460564254; 6.09309248117920e-06
28049.38037223737; 6.05445428684820e-06
28087.88100767883; 6.02200202670430e-06
28119.30309118332; 6.00763328378940e-06
28156.12475217508; 5.99259287085570e-06
28194.62538749354; 5.95981945015190e-06
28216.80573688819; 5.92742119355210e-06
28254.05708592756; 5.90556519520990e-06
28289.86699718981; 5.87058013211040e-06
28328.20282982291; 5.83127627499442e-06
28366.70340745895; 5.82838014593608e-06
28405.20404286869; 5.79464073269037e-06
28427.38495084828; 5.75906972628988e-06
28475.12669575588; 5.73026021150048e-06
28482.86786565369; 5.68289797343278e-06
28523.63831862620; 5.58695740320043e-06
28571.38070364854; 5.52877872367132e-06
28597.78405418248; 5.50311212358988e-06
28632.06160682999; 5.51755810129142e-06
28670.56224216522; 5.49416007878157e-06
28706.20735068806; 5.47331567135152e-06
28741.18882450277; 5.45673593612863e-06
28761.69083985499; 5.44690271017897e-06
28802.46135037023; 5.43951779235107e-06
28840.96192811432; 5.43379169857052e-06
28872.38401156291; 5.42168125201008e-06
28910.88464693724; 5.37564467344767e-06
28949.38522456212; 5.32753967472968e-06
28982.52297073231; 5.29963469777332e-06
29021.02360597998; 5.26379894269042e-06
29045.63864174482; 5.25577166125148e-06
29083.97441671041; 5.19848036577613e-06
29119.78438556191; 5.12495973942308e-06
29153.89712716641; 5.19847738183897e-06
29180.46587134528; 5.21289408178117e-06
29228.20767379181; 5.09417055124138e-06
29247.88120234945; 5.01361498134368e-06
29283.69117117489; 4.91187420555283e-06
29324.46162414365; 4.83498136218062e-06
29362.79744850099; 4.79904099767132e-06
29401.29802619851; 4.77816290800757e-06
29437.10799512639; 4.79842151194593e-06
29461.97899524681; 4.81371739074598e-06
29497.78890647553; 4.82597812082682e-06
29517.46248439140; 4.81214487785973e-06
29555.96306201816; 4.77087509730138e-06
29595.72182288206; 4.73623762065297e-06
29632.37868119405; 4.71822197617578e-06
29663.96556737275; 4.72116768211967e-06
29702.46620274337; 4.65926048138318e-06
29740.80196936800; 4.62123902302507e-06
29775.78344317897; 4.60064724837953e-06
29796.28488411383; 4.58778995478363e-06
29837.05539482458; 4.59122144484772e-06
29875.55597243457; 4.54750922221263e-06
29906.97804766148; 4.51344401742663e-06
29945.47868298739; 4.46789514673648e-06
29983.97926072403; 4.45669255193671e-06
30006.86409812051; 4.43913498195493e-06
30054.60590060987; 4.36816238951782e-06
30077.96339341067; 4.30539370852706e-06
30115.87836895137; 4.26121447370921e-06
30154.37900431266; 4.25940110310893e-06
30176.55933799410; 4.25360465507897e-06
30215.05991563386; 4.22529169536372e-06
30262.80230074937; 4.20719796649957e-06
30281.46348870920; 4.22141140258634e-06
30318.28520733863; 4.24723515019903e-06
30359.05566030556; 4.21303615134470e-06
30397.39149287903; 4.15207255518208e-06
30434.88032083400; 4.13215271680188e-06
30455.38231218234; 4.12471125562682e-06
30493.88294754549; 4.08584982586041e-06
30528.86442126705; 4.02376874947425e-06
30551.04477898403; 4.00254565256848e-06
30589.54535666479; 3.98488980836673e-06
30630.31586731970; 3.93688896597529e-06
30666.97271723673; 3.91501307632363e-06
30698.55960347505; 3.93288100032000e-06
30737.06023886056; 3.92948421132016e-06
30771.87690980360; 3.87213259342905e-06
30810.37748761849; 3.77080692914227e-06
30830.87950297074; 3.74168508567806e-06
30869.38013815878; 3.75457224495024e-06
30909.13884145580; 3.75034361370094e-06
30941.57267467491; 3.72392886973753e-06
30968.14089380017; 3.69855921504768e-06
31015.88322124073; 3.71074674470049e-06
31041.45813422278; 3.68144250345227e-06
31089.20051936807; 3.62652831092735e-06
31127.70109711029; 3.63370460056329e-06
31152.15133008174; 3.64532431519924e-06
31188.97304857706; 3.61624068249124e-06
31211.15395673923; 3.56957574580115e-06
31249.65453437343; 3.50575156145643e-06
31284.63600824771; 3.51353189237682e-06
31316.05811560153; 3.51323976500223e-06
31354.55875098333; 3.44315482182467e-06
31391.38041203470; 3.42066680192533e-06
31430.97436182573; 3.43424010282690e-06
31469.47493956985; 3.38951652295327e-06
31489.97635649891; 3.37078084246362e-06
31524.95783025400; 3.34349973206648e-06
31563.45846562088; 3.25564399662223e-06
31585.63939772174; 3.19353322356458e-06
31624.13997538758; 3.15131675935425e-06
31662.64061070975; 3.17147768348568e-06
31700.55559445172; 3.15194525487411e-06
31739.05622988754; 3.11869186625880e-06
31772.04833189586; 3.10711495931016e-06
31794.53911235928; 3.08647278491438e-06
31842.28143974394; 3.05973452768498e-06
31864.46179754474; 3.04100603901617e-06
31902.96243285201; 3.00684491304296e-06
31943.73288583570; 2.99601514614229e-06
31965.91379381902; 2.98408273532377e-06
32002.73551247641; 2.95892991415744e-06
32050.47725741193; 2.93780221709404e-06
32076.05276123620; 2.91037488889173e-06
32123.79456374423; 2.75697475440418e-06
32150.36330780388; 2.63008143256849e-06
32184.47607346996; 2.58024368833967e-06
32222.55591756850; 2.72595384922864e-06
32245.74800111354; 2.76789344634680e-06
32283.23682900520; 2.81905107786235e-06
32316.53938612714; 2.78691158539510e-06
32354.87521042302; 2.71076319591789e-06
32377.22095352041; 2.67727836866516e-06
32428.87532598525; 2.66785564863985e-06
32465.56840614976; 2.64871770098807e-06
32504.06898389012; 2.63985121183196e-06
32524.57097523661; 2.63480307890680e-06
32559.55244905131; 2.62862972044876e-06
32598.05308429898; 2.61619847743874e-06
32620.23344198055; 2.60333818264418e-06
32658.73401979914; 2.57917458587642e-06
32706.86987107059; 2.58829155358850e-06
32735.14963058194; 2.54163953279230e-06
32773.65026593581; 2.50678488579588e-06
32808.32128469647; 2.48303234367415e-06
32829.13373925351; 2.46932279410615e-06
32876.87548418157; 2.48474528589112e-06
32899.05641622470; 2.47374759859076e-06
32937.55705153012; 2.44487861110677e-06
32976.05762928724; 2.41641694740985e-06
33000.50783819705; 2.39162691191803e-06
33048.25022332369; 2.38871228111546e-06
33087.14426717160; 2.38368218313909e-06
33109.63504759595; 2.33778551147912e-06
33146.45676616207; 2.26697923737748e-06
33184.95734396580; 2.22136026942830e-06
33216.37945132329; 2.21327498073673e-06
33257.14996196330; 2.21480068229730e-06
33279.33086992802; 2.20436802516212e-06
33314.31234380604; 2.22202098969391e-06
33356.72554925458; 2.23084861437300e-06
33389.46983737685; 2.21545499690877e-06
33424.96931770630; 2.19357476781614e-06
33459.95079146138; 2.17594302698413e-06
33497.89314965717; 2.15258398263351e-06
33526.73118630797; 2.12779570500547e-06
33555.64591568522; 2.11548692504128e-06
33594.14649331014; 2.08615568396404e-06
33631.63537900709; 2.08007724701058e-06
33654.82806072012; 2.06284343062017e-06
33690.63797204011; 2.03278574608358e-06
33741.46390705553; 2.04815233430380e-06
33767.47438236884; 2.02400707364610e-06
33804.72573129088; 2.00911475486164e-06
33840.22524527088; 1.95502797643596e-06
33863.72777535021; 1.90653083566570e-06
33911.47010287644; 1.89159284192410e-06
33933.65046048535; 1.87806788977236e-06
33972.15109592305; 1.87014018708068e-06
34011.04513981195; 1.87932423418587e-06
34044.34362400325; 1.88073846312742e-06
34083.23772557452; 1.87860041145201e-06
34121.73830321059; 1.85719171131426e-06
34144.22967458516; 1.85217613510948e-06
34182.73030981047; 1.84511311634241e-06
34230.86552088521; 1.82398313830389e-06
34250.97407003303; 1.80273521007310e-06
34289.86817161740; 1.77193005253118e-06
34310.40575281717; 1.75950784344145e-06
34352.81895820984; 1.72596449400266e-06
34391.31959351340; 1.72572558067079e-06
34423.05212367697; 1.73090787560673e-06
34446.80308268034; 1.72172159346000e-06
34494.54482750595; 1.71413031474176e-06
34520.55536036752; 1.67854066891266e-06
34559.05593811163; 1.67152815762935e-06
34579.98703480139; 1.68647116412932e-06
34627.72936230525; 1.67187883628864e-06
34670.14256775752; 1.58401064884128e-06
34686.73143861443; 1.57027874400582e-06
34727.30439919607; 1.53952881677067e-06
34765.80503456295; 1.53042032846273e-06
34798.54931440577; 1.53086175235872e-06
34839.31976739319; 1.53918350441711e-06
34890.97472261263; 1.52974326451575e-06
34909.24248619004; 1.52306153196766e-06
34948.13653004917; 1.51490456538008e-06
34967.23332947865; 1.50776301513705e-06
35007.13918074592; 1.51292992990937e-06
35045.63975843042; 1.51187355573366e-06
35077.06184193306; 1.50890809753496e-06
35117.83235246876; 1.47723204451080e-06
35144.40051402338; 1.45392178651122e-06
35178.82371056826; 1.44281265032852e-06
35217.32434598916; 1.44636426982751e-06
35247.06753674336; 1.46145421720389e-06
35285.56811441293; 1.45626591276773e-06
35324.46221593579; 1.44229318101837e-06
35342.73049626873; 1.43507032750888e-06
35387.41357694940; 1.42277994129719e-06
35425.91421221385; 1.37385042343875e-06
35457.64675069042; 1.35612349965164e-06
35496.14732838795; 1.33682313311983e-06
35529.13945452125; 1.32572368198543e-06
35555.14939646794; 1.31124165079349e-06
35604.96410676837; 1.32166860252514e-06
35612.31178652497; 1.31129075512307e-06
35666.23603439331; 1.32006806612079e-06
35704.73661207780; 1.32280749611006e-06
35723.39844025296; 1.31687942480348e-06
35761.89901781452; 1.29028896448023e-06
35800.39965324104; 1.26063951255941e-06
35830.45327498763; 1.25298739635921e-06
35874.54539713077; 1.22357217349341e-06
35915.31585005858; 1.23620957626205e-06
35945.05900853499; 1.23785960236054e-06
35970.79873264021; 1.21879810593986e-06
36001.82737391628; 1.18359778590001e-06
36040.72147544287; 1.19431004329688e-06
36079.22205306403; 1.22560619872071e-06
36111.96633303163; 1.19913030511659e-06
36138.22467979419; 1.13037940980143e-06
36178.99513276482; 1.07383745228404e-06
36210.72767117061; 1.05815173583534e-06
36252.31243909338; 1.05190564984533e-06
36271.40865591356; 1.05492268501244e-06
36322.23511601612; 1.07544593482607e-06
36360.73575136809; 1.09433211421341e-06
36381.23716835678; 1.10307504089364e-06
36420.99587146565; 1.10958363130979e-06
36457.81759021058; 1.10304939925929e-06
36492.24078687280; 1.09596459908608e-06
36531.13483066486; 1.08758456651233e-06
36553.48057363184; 1.07684832696671e-06
36601.05757338929; 1.06643406395370e-06
36639.55815120788; 1.05119806387134e-06
36660.06014255808; 1.03874131678584e-06
36700.83065307511; 1.02989772516764e-06
36735.81212682649; 1.02771277803193e-06
36757.99248457140; 1.03780372307812e-06
36796.49306225216; 1.03388171712243e-06
36834.99369766374; 9.98808217059670e-07
36866.72622773796; 9.85685892016960e-07
36909.13943323493; 9.60541103268410e-07
36949.90988622046; 9.03964382781500e-07
36966.89278190026; 8.82354400863010e-07
37005.39335948043; 8.67664917024380e-07
37036.81545876900; 8.92734318736599e-07
37075.31609400361; 9.07000781510400e-07
37113.81667180361; 8.98327624990920e-07
37145.54921029881; 8.88757897190240e-07
37182.06047387422; 8.83437319617090e-07
37213.58917709813; 8.67286299026340e-07
37248.40583982320; 8.77297431528140e-07
37284.21580881629; 8.70034903371460e-07
37318.32858264072; 8.46093429186920e-07
37354.13849389927; 8.27693044618721e-07
37392.63912920652; 8.27630161677170e-07
37414.82003730537; 8.27938207811111e-07
37453.32061497495; 8.23929250112550e-07
37494.09112558141; 8.10193499098571e-07
37527.22887985407; 7.90236480522200e-07
37565.72945764846; 7.69703974683690e-07
37588.07461806948; 7.74991235410951e-07
37635.65219216050; 8.16479781577920e-07
37671.46210344693; 8.02542641908369e-07
37694.65418687651; 7.64473809009120e-07
37731.90553591588; 7.10247703281820e-07
37769.39442147502; 6.97482310626090e-07
37792.58710327931; 7.05304230147710e-07
37828.39701449872; 7.21860225625300e-07
37866.89764987678; 6.85685059192599e-07
37905.23342482559; 6.72287527329451e-07
37943.73406026696; 7.59178005242580e-07
37993.74568030237; 7.72256718063210e-07
38001.48681794108; 7.50162964326250e-07
38039.98739564046; 6.87955490181930e-07
38071.40950314702; 6.54287251756119e-07
38109.91013839469; 6.20345040570530e-07
38148.41071615368; 6.18175763465710e-07
38184.05587399376; 6.07632384635050e-07
38218.33342666922; 6.02890075175040e-07
38244.90217078850; 5.92159435981330e-07
38281.98871703818; 5.98392694603040e-07
38320.48935241625; 5.93479024163760e-07
38340.99078517781; 5.94457333502630e-07
38388.73311263697; 6.10591944214759e-07
38427.23374791257; 6.21229727834970e-07
38449.41408162381; 6.12981869372530e-07
38487.91465938280; 5.63840127034579e-07
38525.16600839607; 5.28300021037570e-07
38561.82291595079; 5.46891281826230e-07
38599.31174395605; 5.67957447480261e-07
38637.81237926891; 5.65243859890860e-07
38658.31440295838; 5.67134663166850e-07
38696.81498063914; 5.66873617414180e-07
38728.23705586794; 5.64202215662291e-07
38763.21852956526; 5.51071355536279e-07
38803.98904015872; 5.36949721049950e-07
38824.49048114568; 5.34591594733160e-07
38862.99105896427; 5.45248684503150e-07
38901.49169419704; 5.57193741281320e-07
38939.82746092601; 5.43992903184760e-07
38975.63742981105; 5.17906831819939e-07
39010.61890362203; 5.08590283159740e-07
39033.81156962365; 5.09659640296299e-07
39073.57027285174; 5.15157076518380e-07
39106.00412182885; 5.35318809739010e-07
39141.81409069523; 5.51257469530960e-07
39180.31466845422; 5.50893547129800e-07
39218.65050099789; 5.09688526576680e-07
39253.63197476231; 4.56245263906550e-07
39275.97711117755; 4.34440437289270e-07
39314.31287791023; 4.22059643617141e-07
39355.08338845894; 4.23685155803491e-07
39375.58541208690; 4.27803905861110e-07
39423.32715695909; 4.51692842963250e-07
39461.82779232228; 4.46460024868740e-07
39484.00870030376; 4.46971679023931e-07
39518.99017417616; 4.49690657654950e-07
39557.49075181781; 4.49615508884200e-07
39595.40579322168; 4.51443721138590e-07
39633.90637096763; 4.47936407044750e-07
39672.40700628237; 4.36058822257931e-07
39692.90843893959; 4.42935973908040e-07
39731.40901668368; 4.63763091024960e-07
39750.07082907113; 4.57324017912880e-07
39797.81257388369; 4.14317335728620e-07
39836.31320936605; 3.91801517613670e-07
39864.98701759428; 3.80834389740840e-07
39897.58567764238; 3.65362570224351e-07
39936.08631289006; 3.46716368370959e-07
39973.41033819690; 3.54198469253880e-07
40006.71289514007; 3.36103005802459e-07
40028.89322060347; 3.10429201096880e-07
40067.39385598709; 2.94678042211260e-07
40105.89443372563; 2.94469478064081e-07
40139.58641640284; 2.97231664806090e-07
40178.08705170639; 3.08833315256840e-07
40214.90871283226; 3.29175901168190e-07
40249.72537545859; 3.38698713217460e-07
40288.22601093910; 3.38615069406239e-07
40310.57172993199; 3.36315540198390e-07
40348.90750480631; 3.03565134751840e-07
40386.98734897931; 3.24906082016970e-07
40410.17944819108; 3.38036189258940e-07
40456.91002589463; 3.20130527667150e-07
40495.41066125408; 2.87054693000560e-07
40515.08358306809; 2.75561215800310e-07
40550.89355205743; 2.77102638472120e-07
40589.39412975685; 2.78780148942760e-07
40627.72995408253; 2.62837019344010e-07
40668.50040697679; 2.52456675041610e-07
40707.00104233250; 2.32674817005110e-07
40727.50306595488; 2.25844074435330e-07
40766.00364369899; 1.96347016391570e-07
40784.66486514361; 1.63274103372410e-07
40832.40719261767; 1.33992856227670e-07
40868.21716161070; 1.14688616848000e-07
40908.82281173950; 1.22053019849020e-07
40931.16797221638; 1.37054943351060e-07
40969.66860752369; 1.45137812439610e-07
41002.80635351686; 1.56018536092960e-07
41041.30693132990; 1.97773688635821e-07
41063.48784761690; 2.20609225480250e-07
41101.98848300241; 2.34089703249340e-07
41140.48906061985; 2.50429312382740e-07
41174.18103508279; 2.64223451074460e-07
41212.68167046458; 2.60735586976130e-07
41251.18224814347; 2.55277767312500e-07
41274.06650302372; 2.49046931689330e-07
41321.80888803303; 2.45036935734340e-07
41345.16577431562; 2.27057822989249e-07
41380.81087449939; 2.11979139580399e-07
41419.31150988117; 2.19498435590039e-07
41443.76232533903; 2.21341710361990e-07
41482.26290314272; 2.28194370398650e-07
41530.00470565258; 2.46189131871650e-07
41537.74578566849; 2.32023087020970e-07
41585.48817076534; 1.94945945596710e-07
41623.98874843494; 1.62808024606980e-07
41662.32458106802; 1.62830425056651e-07
41700.40436755496; 1.77460635846010e-07
41738.90500298329; 1.91979681583920e-07
41761.08535231090; 2.00717204599290e-07
41796.06682612748; 2.10157406274060e-07
41819.25949218685; 2.07892622833770e-07
41855.06940350866; 1.94643551626220e-07
41902.81120588441; 2.04524140941100e-07
41941.14697261526; 2.05982701133740e-07
41965.76259089818; 1.99132061780450e-07
42004.26322626320; 1.90630661011391e-07
42039.07989734226; 1.94902752206240e-07
42075.90155828558; 1.98256418113330e-07
42098.08188368942; 1.81031739057700e-07
42136.58251910286; 1.71478091149650e-07
42172.39243035021; 1.71154891324670e-07
42206.50520429014; 1.67195512663660e-07
42244.58504840358; 1.61327323978190e-07
42283.08562608807; 1.60556528920340e-07
42308.66112164034; 1.54366768786300e-07
42356.40292419495; 1.09414498972190e-07
42377.06972658261; 8.44216346266001e-08
42415.40550151467; 8.51481820957197e-08
42453.90613688156; 8.89212936979401e-08
42476.08648621665; 9.40272683955501e-08
42516.85693928970; 1.08566320586000e-07
42551.83841294052; 1.15158169917590e-07
42572.34041262606; 1.17954644603680e-07
42620.08221507259; 1.18251972195660e-07
42658.58279287253; 1.30201751350250e-07
42694.22795067354; 1.36961165290520e-07
42732.72852843069; 1.28135742352180e-07
42773.49903902413; 1.12947933955910e-07
42792.16081779264; 1.06645478768370e-07
42830.66145315579; 1.05710373234110e-07
42852.84177848513; 9.63293283924002e-08
42889.66343947874; 9.23278294043900e-08
42928.16407485865; 7.06952819781504e-08
42975.74159963055; 1.10232300929340e-07
42998.08676004782; 1.42429297102970e-07
43038.85727063938; 1.18444190896500e-07
43073.67393332348; 8.64649854352198e-08
43109.48384470493; 3.35520084230201e-08
43131.66476096214; -1.24573422143200e-08
43170.16539635511; -3.23679038633502e-08
43208.66597396880; -2.78364897645701e-08
43238.40915653110; -1.93968563063699e-08
43279.17966714129; -4.90131509301010e-09
43317.68024479596; 7.68875287269996e-09
43343.25516602023; 2.28087555979897e-08
43390.99755114875; 4.82260973993700e-08
43417.56571264751; 4.55250833074699e-08
43449.99953762440; 5.65694759640700e-08
43487.48842323756; 5.12108952669004e-08
43519.92228037307; 4.62832162260400e-08
43548.76089979151; 4.43115516983404e-08
43583.74237351678; 4.71645105716100e-08
43606.93444872836; 4.44196201801097e-08
43653.66508400813; 3.47609831268602e-08
43692.16566180623; 1.83668920862198e-08
43730.50149433502; 2.11013686310302e-08
43767.32315544596; 2.15630770260900e-08
43808.09366597608; 3.47939614848201e-08
43826.75485383346; 4.16270716681301e-08
43865.25548913704; 1.54992888915001e-08
43887.43640551344; -1.37537742881098e-08
43925.93698321284; -4.40079852678403e-08
43962.75870181248; -3.92739991955698e-08
44009.32388598843; -3.05346889059699e-08
44047.82452124733; -2.67431579200301e-08
44070.76122289897; -2.03639081023603e-08
44096.33614421262; -1.49678424298797e-08
44144.07847166060; 1.97228790831969e-09
44166.25879706441; 4.21446706720991e-09
44204.75943236797; -6.92540143243998e-09
44243.26001012513; 7.78209021796804e-11
44273.00320091285; 5.96122216841998e-09
44311.50383617169; -5.45057289059844e-10
44339.51401808672; -1.24729439969600e-08
44375.15911832267; -2.11672893638101e-08
44413.65975370260; -2.95452034285200e-08
44452.16033132561; -4.46034643771302e-08
44483.58241483009; -6.12399335171003e-08
44522.08305013365; -5.75900990273603e-08
44542.58448297156; -4.35216309440800e-08
44577.56595663538; -3.56909712319997e-08
44618.33640965076; -7.32398605795299e-08
44656.67224220559; -1.07027074026810e-07
44688.25912844764; -1.08296131530080e-07
44726.75970612840; -1.03253286028360e-07
44765.09553043544; -1.05947350857860e-07
44800.90544174240; -9.03057022740600e-08
44820.57902787624; -7.99246991420599e-08
44861.34948084876; -7.10183936876603e-08
44897.15944971888; -6.83904293647700e-08
44922.03044162317; -7.63051791069602e-08
44957.84035281834; -8.68902425093001e-08
44996.34098824486; -9.86252911649200e-08
45043.91851288451; -1.02859357843380e-07
45069.65823693386; -9.76793565003199e-08
45099.56623036228; -9.30289000150598e-08
45130.93076289071; -1.03622140979860e-07
45178.67250771818; -9.76794964635499e-08
45200.85342407785; -9.79723647248602e-08
45239.35405932553; -9.52134111437097e-08
45277.85463708080; -1.08867349652930e-07
45307.59781956299; -1.32863490250750e-07
45333.33754361232; -1.60230472129410e-07
45370.82642912866; -1.56220287208070e-07
45409.75316264297; -1.46771876740070e-07
45448.25379808062; -1.37784026286910e-07
45486.75437570365; -1.33427587105300e-07
45518.17645099014; -1.27170673608720e-07
45556.67708618193; -1.29578510298490e-07
45573.65994837134; -1.31156705935400e-07
45612.16058361901; -1.22717767162850e-07
45652.93103666604; -1.17584849857190e-07
45690.25511115414; -1.25119685253390e-07
45722.85374714062; -1.35420885091370e-07
45761.35432480648; -1.43396367962880e-07
45796.99949101359; -1.37700602502520e-07
45822.73921500518; -1.42568606827550e-07
45854.16131417827; -1.40558859472110e-07
45892.66189191863; -1.29525132286510e-07
45931.75348576158; -1.15815999200530e-07
45953.93440208026; -1.03738554233470e-07
45992.43497983553; -9.97934648259400e-08
46030.93561507946; -1.37947109044440e-07
46065.75227788276; -1.64231198485110e-07
46104.25285567343; -1.77715632819310e-07
46134.16084910185; -2.04780261473790e-07
46174.76655697636; -1.39185138936600e-07
46203.01363514921; -9.51615447239199e-08
46235.44746012242; -1.17845477413870e-07
46271.25742899254; -1.45573500413570e-07
46309.75800674970; -1.70425812733970e-07
46331.93894700705; -1.76787581751380e-07
46366.92042076214; -1.79639077409530e-07
46405.42105612530; -1.84314518549140e-07
46444.34778140856; -1.67878781699970e-07
46482.84841664137; -1.67691857420310e-07
46520.33724463733; -1.76512529567600e-07
46552.77107794955; -1.80596168855510e-07
46588.58104677124; -1.84049463184080e-07
46609.93290104717; -1.82704863117420e-07
46646.75461972132; -1.77256534161070e-07
46684.24344761670; -1.82213280659090e-07
46724.84915553218; -1.86112857668160e-07
46745.51595789008; -2.13937310292480e-07
46784.01653565282; -2.65639489823890e-07
46831.59352699852; -3.02222386097600e-07
46857.33383368328; -3.08972478821480e-07
46888.75594119170; -3.11966594586860e-07
46927.25651887247; -3.13046411545370e-07
46968.02702942305; -3.19767954348970e-07
46988.52843813597; -3.11615078191370e-07
47027.02901594153; -2.88858449383720e-07
47065.52965118362; -2.78046999164280e-07
47097.65565588511; -2.63324295570890e-07
47136.15623346342; -2.49527009543970e-07
47174.65686887503; -2.39984605549620e-07
47206.07896810399; -2.35762729775970e-07
47237.60825388505; -2.50700724730080e-07
47267.35142066702; -2.57869677195070e-07
47305.85205595940; -2.58412506504750e-07
47344.35263370350; -2.73112373039910e-07
47363.01387922467; -2.83146171767150e-07
47401.51445692407; -2.97188565501150e-07
47440.01509223133; -3.01642326483690e-07
47478.35086719319; -2.92996450513540e-07
47516.43071135136; -2.92203009718890e-07
47554.93128901532; -3.11287196592960e-07
47584.67444755325; -3.14164530971900e-07
47610.41475417840; -3.22601586942580e-07
47641.83686162718; -3.16599202304360e-07
47680.33749700524; -3.06175294557670e-07
47718.83807468971; -2.97934798113300e-07
47759.44377421586; -2.86532445974610e-07
47797.94435196930; -2.82389024148020e-07
47829.92470429839; -2.64211298316440e-07
47853.42724277262; -2.51835497161200e-07
47891.92787810600; -2.49318330098960e-07
47923.34997723439; -2.55885645999950e-07
47961.85055498034; -2.63220707004580e-07
47997.66052385794; -2.63303478379790e-07
48023.12306520715; -2.63474046095510e-07
48060.61189318074; -2.69396652779990e-07
48100.51774434373; -2.75564169633960e-07
48132.25027456135; -2.76683063923490e-07
48170.75085226073; -2.77140839440660e-07
48209.25148762762; -2.68436019601260e-07
48240.67359501496; -2.71317824956340e-07
48281.44404797255; -2.96738978186400e-07
48301.94545662774; -3.10151692493370e-07
48340.44609212132; -3.10836434689340e-07
48378.94666974620; -3.06974668398390e-07
48401.83150725997; -2.87690882878850e-07
48436.10908381827; -2.79559635646610e-07
48487.76345646194; -2.77740792987930e-07
48510.25481949374; -2.81475356708080e-07
48551.02533002758; -2.79177564997230e-07
48589.52590778843; -2.72998654772190e-07
48606.50822083092; -2.72190929852660e-07
48645.00879850054; -2.84339306638200e-07
48676.43089772947; -2.84367151163320e-07
48714.93153311311; -2.75737531855330e-07
48757.34473844431; -2.81125074288560e-07
48789.07727700285; -2.81517289895210e-07
48829.84772991017; -2.79135470439270e-07
48864.51874867079; -2.75703518746680e-07
48887.01011164858; -2.69457734139000e-07
48925.51074707133; -2.68477648431950e-07
48946.01218806204; -2.80987146023140e-07
48993.75451555477; -3.15698158680880e-07
49032.25515081736; -3.36689982379540e-07
49054.43547628076; -3.37487079158270e-07
49095.20592918993; -3.24488484882930e-07
49134.10003072023; -3.10437914423690e-07
49166.84431894124; -2.99369501238610e-07
49205.34489658103; -3.04656455796960e-07
49242.83378226124; -3.12230119616020e-07
49275.26763111724; -3.02447106471770e-07
49301.83637524954; -2.94944094599980e-07
49338.21900035998; -2.93002598743360e-07
49374.02896933819; -2.89763236217390e-07
49415.61367953755; -2.92291303404540e-07
49447.34620982036; -2.97973402300110e-07
49483.85749742762; -2.98241845615710e-07
49521.34632539563; -3.12568946377890e-07
49544.84886381590; -3.47714047746240e-07
49583.34949917905; -3.33727143981990e-07
49617.04144957662; -3.00011420703470e-07
49642.78175623155; -3.03658642962220e-07
49694.43612884358; -3.63154146640340e-07
49711.02552471309; -3.83728777657440e-07
49753.43873007970; -3.48067166046220e-07
49788.42020386085; -3.26670061798380e-07
49823.67189567909; -3.31595233024020e-07
49864.44234853238; -3.35009592521330e-07
49899.11336741224; -3.46791468958140e-07
49921.60415608807; -3.54510193538760e-07
49960.10479133203; -3.61841624893770e-07
49980.60680674014; -3.62017481555370e-07
50028.34855162726; -3.59519474209820e-07
50067.24265306444; -3.61258560010310e-07
50089.03010323456; -3.69142687228970e-07
50130.19402228854; -3.62008152660690e-07
50168.69465767408; -3.65874436860060e-07
50200.42718783394; -3.76547605696310e-07
50238.92776557430; -3.85007757284890e-07
50277.82186699472; -3.91400317986330e-07
50297.92984193005; -3.93640271556040e-07
50347.74455229006; -4.05852471589740e-07
50367.85249485633; -4.14029235315610e-07
50409.01647154242; -3.97585787095800e-07
50447.51704920454; -4.03142267209210e-07
50481.94025415178; -4.21520702672460e-07
50508.19862490521; -4.44519631468880e-07
50543.18009865658; -4.40521396599520e-07
50579.44348252195; -4.24553836479330e-07
50615.25345135853; -4.12546800149510e-07
50636.60528998449; -4.13857479032810e-07
50677.37580063940; -4.15951735337660e-07
50729.03075573965; -3.95809550528370e-07
50745.61956084520; -3.96509196820430e-07
50784.51366220785; -3.99388549547720e-07
50823.01423999666; -4.00347605277320e-07
50858.26593993977; -3.93878143193630e-07
50893.24741381223; -3.86921673210820e-07
50937.93049437368; -3.97558507655330e-07
50956.19877476243; -4.05259477799440e-07
51007.85314735027; -4.04574480117390e-07
51015.20085112190; -4.06039364158330e-07
51065.01556135900; -4.07853477603320e-07
51101.83728003316; -4.07428242016550e-07
51124.01760549657; -4.20546011137650e-07
51162.51818316802; -4.39870112301030e-07
51203.28869383410; -4.17829816366290e-07
51235.02123215610; -4.00915195037960e-07
51273.91527609713; -3.84059235884870e-07
51312.41591135786; -3.66924089538490e-07
51334.59684350714; -3.62798320178290e-07
51382.33858824148; -3.69905176025830e-07
51389.68626798689; -3.70352101001540e-07
51443.61109849067; -3.82927853418200e-07
51482.11167625339; -3.91711042532410e-07
51504.60245664415; -3.99798356860350e-07
51543.10309193656; -4.25661945513090e-07
51577.77413469927; -4.35811103726600e-07
51613.02577712761; -4.52105872723530e-07
51651.91987865418; -4.70713274157210e-07
51668.50924228875; -4.75286735846010e-07
51713.19232285022; -4.85202903931090e-07
51760.93412534521; -4.73336725258220e-07
51782.28657067005; -4.74105213331200e-07
51818.09653947687; -5.01162866760160e-07
51856.59711723587; -5.15091578676980e-07
51880.09964734502; -5.10773894334910e-07
51933.43351925908; -4.94351885230990e-07
51972.52511311698; -4.80735196836220e-07
51994.70544685612; -4.72862134749550e-07
52042.44777424448; -4.48145943549760e-07
52061.10901976751; -4.39816489484600e-07
52099.60959752463; -4.28035930372440e-07
52138.11023283005; -4.23992001238380e-07
52158.92268744482; -4.16939670538390e-07
52197.11281014980; -4.01225105813210e-07
52235.19265422971; -3.96428490893880e-07
52269.61585089193; -3.99310350789130e-07
52308.50989483672; -3.99709144204300e-07
52347.01053003596; -3.94766218251400e-07
52369.19088772312; -3.97445762393410e-07
52416.93321523071; -4.14580018722390e-07
52437.43462406100; -4.12486822168040e-07
52475.93525933476; -4.18569369599780e-07
52516.70571229608; -4.54065270300340e-07
52539.19708359986; -4.73635046893900e-07
52587.33235223778; -4.78064842021220e-07
52612.36876171640; -4.72155266858520e-07
52648.01386194862; -4.63238579875880e-07
52686.51449727268; -4.67619159017910e-07
52717.93658077531; -4.76676462655720e-07
52757.02811711471; -4.61932515047450e-07
52795.52875235863; -4.48490731279500e-07
52814.18994015829; -4.51071711275090e-07
52852.69057557918; -4.59850252457960e-07
52891.19115328043; -4.60614464511070e-07
52929.52698585205; -4.56650316195410e-07
52965.33689719996; -4.50835491943440e-07
53003.83753246067; -4.65635653626560e-07
53028.28831578794; -4.70850007673400e-07
53061.59087285028; -4.64782708738180e-07
53095.70364685358; -4.64104340020830e-07
53122.27180829273; -4.67530649566750e-07
53170.01419340448; -4.73153192193950e-07
53195.19564023985; -4.82153709008760e-07
53230.69509650767; -5.04972773439450e-07
53269.19573184475; -5.15957112908530e-07
53304.60336142780; -5.05226469478480e-07
53343.10393910109; -4.55479805179030e-07
53381.60457447545; -3.99910747314280e-07
53403.78550652043; -3.87480104331580e-07
53439.59541776778; -3.86983533605850e-07
53472.02925095521; -3.99348701972920e-07
53509.51813657770; -4.12154539063190e-07
53550.28858956137; -4.29998814676820e-07
53574.18458588421; -4.41575599741180e-07
53621.92697097544; -4.72228606250340e-07
53644.27213133873; -4.72158687844550e-07
53682.60790635833; -4.72629684247890e-07
53721.10854171029; -4.82229829434920e-07
53752.53061688130; -4.93755460740100e-07
53791.03119457887; -4.98889943968280e-07
53817.36245977880; -4.87894650549480e-07
53848.78456722946; -4.79566345282220e-07
53887.28520259635; -4.99541061834570e-07
53925.78578023239; -5.26063973075730e-07
53961.43093815075; -5.35660199505770e-07
53999.93151584638; -5.49008132674010e-07
54038.43215119839; -5.61667029986330e-07
54057.09332331269; -5.64906101009950e-07
54097.86383392286; -5.66329173027360e-07
54118.36584921180; -5.56506531637890e-07
54156.86642701554; -5.45893965811030e-07
54204.60822946579; -5.44462739098140e-07
54242.94400441088; -5.33218926111090e-07
54265.28972346150; -5.24284583527280e-07
54303.79035882838; -5.24892342079050e-07
54339.19798016549; -5.21931240831580e-07
54376.68680809252; -5.18881647155790e-07
54399.87891560978; -5.08278821311860e-07
54435.68888440170; -4.75876596177080e-07
54474.18946220538; -4.48272621731440e-07
54505.61153731494; -4.32526942393250e-07
54544.11217269676; -4.23652073097070e-07
54582.61275031608; -4.54653167050910e-07
54619.69929668866; -4.94790438505300e-07
54647.27984810619; -4.82896340183550e-07
54694.00984330846; -4.86125495420130e-07
54717.20252503830; -4.96106773114330e-07
54753.01249394938; -5.01330646271850e-07
54787.12524383514; -5.03593355947390e-07
54822.93515513836; -5.06848525059080e-07
54848.67487901449; -5.01943336541800e-07
54883.37860327212; -4.94383875767890e-07
54909.94740502911; -4.65597766813930e-07
54957.68914989755; -4.31976735676330e-07
54996.02498259021; -4.45125864193230e-07
55034.52556017041; -4.51754485219030e-07
55073.02619559130; -4.57913881072290e-07
55091.68794202058; -4.70697289236590e-07
55132.45845265871; -4.72537131613620e-07
55152.95989365315; -4.64523122179340e-07
55191.46047127435; -4.66837402257260e-07
55239.20285641961; -4.83096738208950e-07
55265.60620694979; -4.77543075479180e-07
55313.34859202057; -4.89068096292810e-07
55335.69372837433; -5.10118132861520e-07
55370.51039951482; -5.34590002496640e-07
55411.28085243890; -5.46591812045750e-07
55431.78286779113; -5.44490738933600e-07
55470.28350313006; -5.27323548993610e-07
55508.78408076242; -5.07223865076290e-07
55540.20616426689; -4.65667326761230e-07
55578.70679970833; -4.33004478798030e-07
55613.68827340378; -4.30630411311650e-07
55654.29391536117; -4.41214028088570e-07
55680.86213447154; -4.46141291571640e-07
55728.60446198657; -4.61934711565780e-07
55750.78481967375; -4.57031779818630e-07
55787.60653834789; -4.54968409301210e-07
55809.78744632751; -4.60166803188710e-07
55844.76892006771; -4.56953671578160e-07
55883.26949780807; -4.60956645803410e-07
55923.87520567887; -4.74396978913930e-07
55955.46211586332; -4.81857585283900e-07
55992.28377685510; -4.87213074343840e-07
56030.61960126832; -4.87497065955130e-07
56068.10842916369; -4.53808218318180e-07
56092.16923640111; -4.69333096329030e-07
56126.28198640233; -5.02771481405510e-07
56162.09195520914; -5.30675779314910e-07
56185.28463711774; -5.31684219704330e-07
56225.04334026948; -5.13095994398470e-07
56263.54397562145; -4.92958041732570e-07
56300.20083384772; -4.92471125833510e-07
56335.18230765683; -4.93704276185440e-07
56366.76919389518; -4.76773621081140e-07
56405.10501819105; -4.44765005936310e-07
56443.60559588671; -4.19718590123700e-07
56468.05582880229; -4.12194432242700e-07
56504.87754753605; -4.11647932629710e-07
56543.37812517211; -4.16718454196610e-07
56574.80020045859; -4.28849370421220e-07
56600.54050693658; -4.44588275974820e-07
56648.28230950607; -4.63993356444440e-07
56674.68625082818; -4.62093510147290e-07
56713.18688627334; -4.84376671512800e-07
56763.19850630498; -4.61307728024840e-07
56785.37943835187; -4.57880750131750e-07
56823.88007365914; -4.96095254949390e-07
56840.86232915333; -5.18698376229660e-07
56879.36296452023; -5.33739949838100e-07
56917.86354215629; -5.25895001557110e-07
56953.50870006343; -5.01438120548580e-07
56990.05615190789; -4.91092305685320e-07
57028.55672971158; -4.95120164089550e-07
57064.20189576781; -4.93284746190100e-07
57089.94220248425; -4.88503016405540e-07
57137.68394723722; -4.91477584041220e-07
57158.18593870661; -4.94458537729670e-07
57196.68657394500; -4.90754586617120e-07
57218.86693172157; -4.94902604759180e-07
57259.63738461959; -4.96747977818020e-07
57298.13801990823; -4.90993806695830e-07
57331.27576607838; -4.82333597246530e-07
57369.77634375915; -4.69620946602430e-07
57401.36322993785; -4.63141670709740e-07
57439.69906252622; -4.67520220239480e-07
57475.50897383317; -4.68989493815680e-07
57500.38057231157; -4.73251095986840e-07
57538.46041646974; -5.23980592644640e-07
57576.96099410766; -5.54431337068180e-07
57596.63397358917; -5.54371918553430e-07
57632.44388496689; -5.44607957583930e-07
57670.94452031888; -5.32930932080760e-07
57709.28028693234; -5.28454840101850e-07
57757.02267207577; -5.25689078863030e-07
57797.79312499052; -5.17652532415140e-07
57819.97348272987; -5.10216626655070e-07
57858.47411803719; -5.11641969742000e-07
57875.45694783329; -5.09844632963740e-07
57913.95758313873; -5.03097347802140e-07
57949.76749446242; -4.98306394308250e-07
57988.10332708804; -5.04389683636290e-07
58019.69023722411; -5.12747981482900e-07
58051.21894034372; -5.19871174082500e-07
58098.79651447758; -5.27962969127260e-07
58124.53623846547; -5.30577907099290e-07
58154.27940533684; -5.37612467146590e-07
58192.77998302503; -5.32868305974050e-07
58231.28061832861; -5.11076531462130e-07
58253.46155031025; -5.16941553724370e-07
58291.96212812884; -5.32703789158970e-07
58332.73263866085; -5.29001636508560e-07
58364.85864324497; -5.13027571360770e-07
58403.35922097230; -5.10698533235820e-07
58435.95785691403; -5.19150785030950e-07
58462.36126506140; -5.28197768089610e-07
58510.10359251125; -5.30113941847670e-07
58532.28395025617; -5.23960325184390e-07
58573.05446078816; -5.31717562347910e-07
58611.55503854714; -5.35749314434860e-07
58630.21684264393; -5.34967240269810e-07
58667.03850364500; -5.30064580293090e-07
58705.53913895414; -5.33999569198640e-07
58743.87491394767; -5.38003287493820e-07
58781.36379952169; -5.53014393473480e-07
58818.18546051531; -5.46415177829170e-07
58851.87743503225; -5.32276182305150e-07
58877.61715902016; -5.31782039159530e-07
58910.05099220946; -5.23017747089080e-07
58947.53987783198; -5.23302858005640e-07
58986.04045553135; -5.52767373359070e-07
59022.69736313075; -5.74679708098100e-07
59061.19794089346; -5.80928088045930e-07
59095.05472629891; -5.84051081373080e-07
59120.63023016232; -5.70009877373180e-07
59159.13086548448; -5.58023834184830e-07
59188.87402401866; -5.73943166691740e-07
59227.37460169940; -5.26238306705760e-07
59264.86348734050; -4.82589138766410e-07
59288.05559468827; -4.89878754067130e-07
59323.86550606973; -5.06960878372090e-07
59364.63601660541; -5.53871977228450e-07
59399.45267940685; -5.81411642973700e-07
59437.95325704479; -5.46591362268630e-07
59476.45389233902; -5.35693113475090e-07
59507.87597590497; -5.55632473205540e-07
59544.69763688926; -5.77544428619305e-07
59566.87856893615; -5.85234189771580e-07
59605.37920425460; -5.73395646508895e-07
59642.63055328093; -5.55629415400680e-07
59678.27566180751; -5.76405454744030e-07
59703.31146477909; -5.99512686620251e-07
59740.13318330052; -5.98306067137580e-07
59777.45720033348; -5.89408187124545e-07
59815.95783556624; -5.93152779823774e-07
59863.70016307011; -5.89203094870660e-07
59871.44133300707; -5.86222487115400e-07
59912.21178597582; -5.73714672091645e-07
59943.63386114312; -5.74112136762600e-07
59982.13449652489; -5.78449488205464e-07
60020.63507420942; -5.91301213178670e-07
60057.29199009015; -5.87651280341695e-07
60094.78081803954; -5.77438976544990e-07
60127.37947802432; -5.53049984148041e-07
60155.22426635399; -5.41190039192171e-07
60191.03423514775; -5.31381043692049e-07
60213.21515143478; -5.34357516287210e-07
60260.95689627342; -5.45910705982315e-07
60299.45753171852; -5.51793873344695e-07
60319.95954700932; -5.58767829233140e-07
60358.46012480928; -5.77580286320240e-07
60396.96075999549; -6.02427854291509e-07
60434.04730636068; -6.25040582662471e-07
60472.54788406008; -6.27190845308475e-07
60508.35785298796; -6.08404597077785e-07
60542.47059455143; -5.92328629163675e-07
60569.03875605763; -5.83658461681400e-07
60601.47261331232; -5.71691031971000e-07
60638.96149889009; -5.79438659414465e-07
60674.53393129631; -5.82053401802730e-07
60712.86969779059; -5.74118808511589e-07
60735.21541690080; -5.77277137045580e-07
60773.71605226396; -5.75274579757495e-07
60812.05182734875; -5.75058615556040e-07
60850.55246253684; -5.84465611141315e-07
60898.29420747980; -5.92849490041255e-07
60906.03536910938; -5.93589186689190e-07
60946.80582208188; -5.98611993378560e-07
60978.22790552489; -5.80325620060695e-07
61016.72854084333; -5.44613445200295e-07
61055.22911858743; -5.48994425082609e-07
61090.87427644803; -5.84112799799205e-07
61129.37485420331; -5.99202663588350e-07
61160.96176432631; -5.94055026676925e-07
61184.85835152304; -5.89708964830000e-07
61225.62886211835; -5.97611444540510e-07
61247.80918752216; -6.07415434697745e-07
61295.55151501672; -6.07513969594355e-07
61334.05215039104; -5.96610719751276e-07
61356.23250807820; -5.97435801101570e-07
61393.05416912585; -5.97286699437800e-07
61428.03564282133; -5.83588814812950e-07
61467.62959272042; -5.76443790947345e-07
61504.45125366378; -5.85968896811240e-07
61542.95188903066; -5.91364556806966e-07
61565.13280534744; -6.03094212765335e-07
61603.63338311015; -6.05730227761045e-07
61635.05548224599; -5.97455850709640e-07
61670.03695600106; -5.88916646013054e-07
61706.85867468640; -5.88417480603690e-07
61747.46432487851; -5.92937341570615e-07
61769.80946128258; -6.05485979989425e-07
61808.31009664571; -6.08768346926895e-07
61846.64586327224; -5.91182442874930e-07
61882.45583225975; -5.92658267886771e-07
61917.43730601667; -5.86670619289071e-07
61940.62999610792; -5.67541109020529e-07
61978.11882397346; -5.38254452827845e-07
62012.82252420670; -5.20724249768170e-07
62048.63249314576; -5.18734068401330e-07
62087.13307083024; -5.29578525260495e-07
62125.46890341675; -5.38032554920015e-07
62160.45037717000; -5.36422060764456e-07
62195.55639133974; -5.43307961732620e-07
62219.45238762720; -5.48640760182060e-07
62260.22289827839; -5.42648790744654e-07
62282.40381447600; -5.43036612117515e-07
62330.14555942269; -5.65103985707385e-07
62356.71436108650; -5.73280409269445e-07
62390.82712681590; -5.79036332769150e-07
62424.12968381868; -5.81438038500240e-07
62461.61851181462; -5.64403436324590e-07
62499.95434434339; -5.63099719420535e-07
62540.72479737549; -5.75416316888115e-07
62577.54651604405; -5.72878318412509e-07
62599.72684139012; -5.75641058695975e-07
62638.22741909137; -5.88989451989650e-07
62656.88925552180; -5.93771812818384e-07
62704.63100046850; -5.98150047081990e-07
62743.13163567150; -5.90523531163955e-07
62781.04661122151; -5.90742416980869e-07
62804.40407996254; -6.34556153435996e-07
62842.90471539834; -6.26864150681900e-07
62878.54982385600; -5.94858536922300e-07
62917.05045921542; -6.00349615001470e-07
62935.71164707466; -6.04258547053835e-07
62974.21228243595; -6.14091080790751e-07
63012.71286013351; -6.31621578208584e-07
63044.72590217739; -6.44178032402355e-07
63083.22653746603; -6.39272692838500e-07
63121.72711508720; -6.22400222377590e-07
63156.54377795009; -6.19084442611290e-07
63195.04441327228; -6.10829493663890e-07
63230.85432460532; -5.94201650753145e-07
63255.72593127565; -5.94728503114666e-07
63291.53590020164; -6.09702051002890e-07
63316.99785063790; -6.16249342887513e-07
63352.80776195970; -6.12733660207560e-07
63391.30839714781; -6.04245841074127e-07
63422.73050469721; -6.12033280476765e-07
63457.71197845229; -6.26640205811625e-07
63500.12518390454; -6.25244956472956e-07
63534.54838047364; -6.21385882674210e-07
63575.31883341819; -6.22501194746295e-07
63611.12880234234; -6.19053081346640e-07
63634.32146840730; -6.11463545413485e-07
63671.81029641813; -6.06314728727215e-07
63691.48329165949; -6.09912752186080e-07
63739.22561908701; -6.30149096784275e-07
63765.79383825511; -6.43630467869180e-07
63813.37136294880; -6.44833769947134e-07
63854.14187349752; -6.30022665377905e-07
63877.89222580567; -6.26104609705610e-07
63913.14385995269; -6.15711106667470e-07
63948.12533376363; -6.09968534799270e-07
63970.30627408625; -6.19249326338425e-07
64008.80690939352; -6.29752557896043e-07
64047.30748708919; -6.33039752539505e-07
64077.05064562334; -6.36249034435981e-07
64117.82115616279; -6.45667598684690e-07
64158.39411681147; -6.39693861544100e-07
64179.20598870518; -6.39817962102188e-07
64217.70662408696; -6.44726341269975e-07
64265.44895153306; -6.32662048526486e-07
64287.62930099852; -6.28633939251845e-07
64326.12993633747; -6.23796569263374e-07
64348.31085262632; -6.18576297271075e-07
64389.08130554667; -6.17215678876855e-07
64425.90302422082; -6.33708614269465e-07
64460.71968696266; -6.31641010593310e-07
64492.30659717509; -6.27324734843066e-07
64534.71980264784; -6.24300209492980e-07
64569.14300745912; -6.25244003389245e-07
64604.95291882569; -6.05610473146575e-07
64645.72342931481; -5.91980858450985e-07
64667.90375477819; -6.06449875178932e-07
64702.88522851466; -6.25631346167445e-07
64723.38725214452; -6.38037821436057e-07
64761.88782989979; -6.28990572716780e-07
64813.54220242428; -6.12671130049535e-07
64847.96539908275; -6.17869755329433e-07
64888.73590959980; -6.28466978187752e-07
64911.47509479895; -6.28206267421485e-07
64944.21938303857; -6.05822156142320e-07
64982.71996078639; -5.86202834911363e-07
65004.90031018855; -5.80340596553226e-07
65043.40094545110; -5.84842626538158e-07
65082.29498939589; -5.84148085372150e-07
65113.32360663448; -5.92053314829540e-07
65154.48758337834; -6.10326480486375e-07
65192.98816113363; -6.25935230268515e-07
65215.47952416353; -6.32649105860022e-07
65252.30124276504; -6.32888144630866e-07
65300.04298757763; -6.19382894287110e-07
65322.22392795420; -6.10614035712400e-07
65360.72456327638; -6.33377449945222e-07
65392.14663850889; -6.38962032473253e-07
65423.67534162104; -6.37978494221898e-07
65471.81119286455; -6.38429340363928e-07
65494.30198153853; -6.37741058315309e-07
65530.81321167201; -6.36731063129382e-07
65569.31384691969; -6.36524482788023e-07
65601.04637712614; -6.21532599326662e-07
65639.54695486650; -5.90229712117174e-07
65680.71093156189; -5.83889831070347e-07
65698.97922016680; -5.86635003694730e-07
65741.39242562279; -5.88358477437360e-07
65757.98128820209; -5.95572965660260e-07
65811.31516009942; -6.30148576970735e-07
65849.81573785469; -6.34721058376183e-07
65870.62760983779; -6.35419327851056e-07
65909.12824514322; -6.42805615925278e-07
65946.06913913231; -6.41107150206950e-07
65968.56050227024; -6.36853462095963e-07
66016.30224702135; -6.14895952464584e-07
66036.80427076480; -6.00940619093826e-07
66075.30490596779; -6.15853879509701e-07
66115.87786660901; -6.57944659023310e-07
66145.22755888104; -6.67406504793940e-07
66184.12166044672; -6.73822316449137e-07
66224.89211335030; -6.42594759480140e-07
66250.07356848753; -6.22458284625667e-07
66297.81595361422; -6.09491487476482e-07
66340.22915899382; -6.15141415332905e-07
66356.81796405464; -6.16543580445347e-07
66395.71206546202; -6.22521872359931e-07
66426.74068282172; -6.44965861879836e-07
66467.90460188316; -6.45447499917962e-07
66506.40523730218; -6.42138571852070e-07
66528.89660024643; -6.53042351564302e-07
66567.08674704282; -6.52215433726806e-07
66602.89671585336; -6.32573563917540e-07
66635.64100415635; -6.30690293027842e-07
66674.53504793721; -6.34357403642530e-07
66713.03568328920; -6.39997166767726e-07
66737.48588392136; -6.46548576491150e-07
66775.98646166548; -6.44376600194651e-07
66807.40856917019; -6.43156299792908e-07
66845.90920449236; -6.56969358706375e-07
66869.97059434839; -6.69583142166291e-07
66905.22222851589; -6.74037451008282e-07
66943.72286388090; -6.92863916928022e-07
66995.80686677249; -6.82511077929230e-07
67003.15454654582; -6.78279166902214e-07
67054.80950168706; -6.77083689008288e-07
67073.07722338478; -6.77025652548128e-07
67111.97132496908; -6.77233864361075e-07
67150.47190271132; -6.77362457559620e-07
67180.21506940201; -6.68174715936501e-07
67218.71570476517; -6.51632873025204e-07
67259.48615769668; -6.57090559007022e-07
67281.97752078624; -6.61989986915230e-07
67333.63189330694; -6.56555072905708e-07
67359.37219993398; -6.59439950064795e-07
67391.80605712908; -6.65591207390522e-07
67429.29494273291; -6.61400772376457e-07
67461.72876770425; -6.43823100787853e-07
67488.29692919178; -6.47427931614055e-07
67529.06743967533; -6.68773817287310e-07
67563.49064467099; -6.90816449329905e-07
67601.99122241326; -6.99554459751527e-07
67633.97159873880; -6.86263761627472e-07
67670.23504019903; -6.76302395515717e-07
67710.80800073405; -6.71761876003929e-07
67727.39743020944; -6.69681732234470e-07
67769.81063570642; -6.52321386283213e-07
67810.58108861929; -6.29032096357585e-07
67842.00318778865; -6.14960145773390e-07
67867.74291184172; -6.07850230645695e-07
67915.48529698513; -6.21296031764110e-07
67941.49518964626; -6.20829574142918e-07
67989.63104080220; -6.08500141354927e-07
68028.13161849973; -5.77972823635485e-07
68050.90290243924; -5.61269833519792e-07
68089.40353786573; -5.55872264959312e-07
68108.06531657277; -5.58232818300451e-07
68146.56595192107; -5.62840257340965e-07
68185.06652954593; -5.92185699216595e-07
68216.79905982690; -6.21389576399235e-07
68253.31032352152; -6.36460330240978e-07
68291.81090114266; -6.42511632896273e-07
68320.48419280723; -6.45398206234838e-07
68355.46566655859; -6.42043754036595e-07
68393.96624431199; -6.28607010272100e-07
68425.38834345712; -6.23775715336533e-07
68463.88897878861; -6.26149151902212e-07
68486.06989509426; -6.29307718869695e-07
68522.89155614190; -6.43478109873285e-07
68561.39219146784; -6.43287610823064e-07
68595.39459691010; -6.31885335371575e-07
68636.97930711879; -6.28157589596025e-07
68668.56621742062; -6.37302776363264e-07
68706.90204993077; -6.48764110650943e-07
68742.71196131222; -6.54115763450623e-07
68765.90403640270; -6.52036075752871e-07
68803.39292201957; -6.48375844726813e-07
68844.16337500510; -6.49523397456798e-07
68863.83696111289; -6.49946040143000e-07
68899.64687241614; -6.64833966977006e-07
68938.14750767872; -6.56846037355818e-07
68985.72444159910; -6.61242684002461e-07
69024.22507684305; -6.61315669393950e-07
69062.72565466164; -6.55650159673204e-07
69083.22765416651; -6.56660704230950e-07
69123.99816482142; -6.63215530254397e-07
69142.65935267508; -6.69031728655915e-07
69181.15998804195; -6.62163950284277e-07
69219.66056558862; -6.50885011897835e-07
69251.39310414529; -6.54674061596935e-07
69287.90436778031; -6.62704887291965e-07
69325.39319577998; -6.70976969583735e-07
69365.99889538063; -6.68690257758568e-07
69390.06028523669; -6.64074555280737e-07
69428.56086299010; -6.47731373593859e-07
69459.98297044076; -6.39457646594195e-07
69498.48360580763; -6.23598937702530e-07
69520.66393127294; -6.07804393305470e-07
69568.40625873020; -6.00440336178618e-07
69605.22797727583; -5.99598319288025e-07
69632.06102413125; -6.10008983737448e-07
69670.56160181016; -6.44899593375865e-07
69703.16026172416; -6.64235431418934e-07
69738.80541960898; -6.62116913441977e-07
69777.30599735306; -6.52637113932274e-07
69799.48691366984; -6.45825275074473e-07
69837.98754909633; -6.30374266694710e-07
69876.48812667278; -6.28681071954749e-07
69895.74033079296; -6.29558716329857e-07
69934.24090839922; -6.33910905512958e-07
69972.74154384062; -6.36070990738245e-07
70011.07731873170; -6.25911623287470e-07
70046.88728767261; -6.13363863912832e-07
70094.62961517835; -6.12934229796098e-07
70116.80994058400; -6.19429571467629e-07
70154.06128968671; -6.21455266510080e-07
70177.25397962891; -6.22748533590947e-07
70213.06394861822; -6.28209959318669e-07
70251.56452625433; -6.20733949323037e-07
70289.90035065450; -5.99123145139048e-07
70321.48723677547; -6.03153614396221e-07
70359.98781453446; -6.20405967272132e-07
70394.80448547566; -6.14147876334386e-07
70424.65432963337; -6.10266510608269e-07
70463.15490737373; -5.90469456796197e-07
70494.57700654306; -5.87265386524393e-07
70530.38697547094; -5.98929977229927e-07
70555.25855822489; -6.04118968297376e-07
70591.06846948710; -5.94014669562497e-07
70629.56910485029; -5.79697312809358e-07
70664.38576752320; -5.78100072803305e-07
70705.15622048824; -5.85433899774277e-07
70743.65685592964; -6.03237088499537e-07
70773.40004662797; -6.06027296013974e-07
70811.90062436837; -5.89834669067073e-07
70834.08094977587; -5.86230762561118e-07
70872.58158513904; -5.90342139934997e-07
70907.56305889040; -6.01312089342015e-07
70928.06508245876; -6.07467634823448e-07
70968.83553544618; -6.09156847114055e-07
71007.33617073484; -6.11021607403127e-07
71042.98127103041; -6.01539959887849e-07
71081.48190641405; -5.96692148510632e-07
71129.22365122288; -6.02788884174323e-07
71147.88546360844; -6.13765909916762e-07
71186.38604135253; -6.30682707240188e-07
71209.15734935552; -6.35978353372805e-07
71247.65798460130; -6.39769461116249e-07
71286.15856236222; -6.50856054960872e-07
71324.49439487047; -6.64197864302688e-07
71360.30430625005; -6.34900738555924e-07
71394.58185889572; -6.40373144655732e-07
71429.39852163944; -6.26100351904580e-07
71455.96732327717; -6.11552529214622e-07
71496.73777630553; -5.87836890215122e-07
71528.15988381208; -5.89678989384612e-07
71564.98160242662; -6.02344274072833e-07
71587.16192789003; -6.10296980694791e-07
71625.66250547022; -6.21508964650417e-07
71664.16314089298; -6.29474212190879e-07
71698.97981191799; -6.42486341613733e-07
71739.75026493144; -6.43003108883979e-07
71775.56023369169; -6.43310336203511e-07
71798.75291560034; -6.41380519233940e-07
71845.48291072623; -6.27590991203033e-07
71868.67557678933; -6.33312322132966e-07
71904.48554556632; -6.36617213831296e-07
71939.46701941083; -6.36916640224016e-07
71977.80278603734; -6.38930460861877e-07
72002.41782180408; -6.48295266729132e-07
72040.91845717280; -6.47953267302679e-07
72077.57531538047; -6.37427390421755e-07
72116.07595073243; -6.34828398405154e-07
72163.81827823447; -6.42114815091928e-07
72182.47949976849; -6.39856625214628e-07
72220.98007739334; -6.29287376888558e-07
72243.16101771595; -6.21444744012410e-07
72282.25261155516; -6.06324927666800e-07
72320.75318937376; -6.19638582004908e-07
72358.07726386563; -6.26182877619910e-07
72396.57784162089; -6.24791112046172e-07
72417.24406134337; -6.30314326628759e-07
72452.06073242427; -6.41924155253357e-07
72490.56136771291; -6.44705610502788e-07
72524.25334217398; -6.37608912663488e-07
72562.75391985849; -6.29021328879629e-07
72601.25455517694; -6.26688817047162e-07
72621.75655479913; -6.43532774209176e-07
72660.25713254327; -6.75650393677294e-07
72695.23860632816; -6.86398731562625e-07
72733.57443059236; -6.91830930512639e-07
72769.38434191607; -6.89191635479482e-07
72810.15485243127; -6.78832838862613e-07
72832.33521023580; -6.77036772279883e-07
72880.07753756458; -6.77797822461252e-07
72900.57894639485; -6.73070186388895e-07
72935.56042015179; -6.55038869959555e-07
72974.06105552800; -6.49390200407512e-07
73012.39683041351; -6.40953301174554e-07
73034.74257352948; -6.39891159145573e-07
73075.51308406517; -6.48209819148153e-07
73113.84885080904; -6.57677110623645e-07
73149.65881973876; -6.61964374028359e-07
73184.64029341936; -6.61195844397217e-07
73217.07412666826; -6.62834504105311e-07
73243.64228820801; -6.63147537734319e-07
73277.75505375862; -6.76033592857403e-07
73313.56502275914; -6.58859013787408e-07
73354.33547567205; -5.94969498344937e-07
73392.67130824554; -5.72839910808792e-07
73427.65278205460; -5.91194521105083e-07
73451.83868835680; -6.02497434992184e-07
73486.65535113217; -6.11575169338369e-07
73525.15598640777; -6.17548861278810e-07
73556.57809389941; -6.22576409547619e-07
73597.34854681231; -6.28549203135509e-07
73635.84918216056; -6.28854245806442e-07
73656.35059084368; -6.22011837594538e-07
73691.33206471801; -6.20286553095069e-07
73729.83264234102; -6.17872161588232e-07
73765.47780859284; -6.06399468496567e-07
73803.97838623635; -6.00993031895000e-07
73842.47902153803; -6.09148951981039e-07
73866.92982880773; -6.13916468900958e-07
73914.67157372460; -6.32425012970882e-07
73922.41271965575; -6.34748913412275e-07
73970.15504710373; -6.25364918929731e-07
74008.65568248183; -6.11922518280214e-07
74044.30078271776; -6.17959534237175e-07
74069.33660957217; -6.26094738602266e-07
74107.83724493907; -6.24781379590031e-07
74145.75222875550; -6.30310565641213e-07
74180.73370244729; -6.37592727024234e-07
74219.23433787377; -6.39956629900905e-07
74239.73632916434; -6.41333380263661e-07
74278.23690682462; -6.39567334766564e-07
74309.65901427527; -6.39336317170067e-07
74348.15964971666; -6.34633771634922e-07
74388.93010256626; -6.37683426212530e-07
74423.74676543103; -6.77119373896272e-07
74462.24740073831; -6.50768735295655e-07
74498.05731199495; -6.31740245477675e-07
74521.24939542077; -6.47456149151399e-07
74558.73828104325; -6.73602667794097e-07
74591.17212992720; -6.72783654130710e-07
74626.98204122111; -6.58215541776305e-07
74667.75255186111; -6.53456339325025e-07
74689.93346811457; -6.55580369489152e-07
74724.91494192554; -6.55830592619292e-07
74763.41551955046; -6.51110547862098e-07
74800.07242727280; -6.32027138792976e-07
74838.57300490887; -6.02393771234839e-07
74877.07364033908; -6.25325744334798e-07
74899.25399795918; -6.37680844143649e-07
74937.33378450945; -6.43038789238821e-07
74957.00733834875; -6.45694241249364e-07
75004.74908322094; -6.46229549228315e-07
75042.23796872424; -6.24202558850331e-07
75080.57374373080; -6.05209208109439e-07
75117.39546248131; -5.94484516461458e-07
75139.74120547064; -5.91730421572622e-07
75180.34684743363; -6.10757323452878e-07
75215.32832118498; -6.24826950193688e-07
75253.82895649038; -6.18114715719692e-07
75276.00929023512; -6.13949843122830e-07
75312.83095123805; -6.06298787254513e-07
75344.25305046700; -5.98695483216985e-07
75382.75368573144; -5.95875320059474e-07
75421.25426344571; -6.01395428054982e-07
75446.40897624382; -6.05493376120754e-07
75484.90961150455; -6.17060623205063e-07
75532.65135643259; -6.34260287815335e-07
75554.83226435262; -6.24011118483448e-07
75593.33289977910; -6.08147648674763e-07
75613.83434077352; -6.17893195800334e-07
75661.57666829230; -6.52910073712350e-07
75702.34717875347; -6.61654614224523e-07
75727.92209179328; -6.61344968817582e-07
75759.50897797570; -6.53373514720814e-07
75798.00955571234; -6.33902163786320e-07
75834.66647166762; -6.39284751254656e-07
75872.15529954436; -6.43484822111704e-07
75910.65593491310; -6.43686031799405e-07
75931.15795026347; -6.46271229120255e-07
75968.40929936248; -6.54460844510906e-07
76002.52204918303; -6.59817712060533e-07
76029.09021062218; -6.59517886680786e-07
76076.83259573765; -6.66158873791521e-07
76115.16836252622; -6.69237718507948e-07
76153.66899779065; -6.76681046938393e-07
76174.33524160460; -6.74562760033134e-07
76209.15191259424; -6.56130798631970e-07
76249.92236550711; -6.35785718229585e-07
76285.73233449273; -6.09742033789156e-07
76310.60390896910; -5.94066026920494e-07
76346.41382017361; -5.69286041183234e-07
76378.84767742082; -5.59939428795971e-07
76416.33656304328; -5.69295573253795e-07
76454.83714071287; -5.85603731976868e-07
76478.73313696682; -5.94060117543740e-07
76519.50364754722; -5.86459641284983e-07
76567.24597511441; -5.79973444757613e-07
76589.42630879952; -5.78265931461969e-07
76627.92694415899; -5.77640331491355e-07
76648.42895945164; -5.80128952764464e-07
76685.13173750046; -5.89075553481058e-07
76704.31712300706; -5.88241730628593e-07
76720.48629369029; -5.88174940218328e-07
76737.12751306407; -5.88269131390172e-07
76758.58329868875; -5.88992623512974e-07
76776.59212333523; -5.84419338979236e-07
76795.77803373709; -5.78449539947265e-07
76814.96341919526; -5.69876310461581e-07
76819.34669804759; -5.70372977127585e-07
76847.77383319475; -5.55801839161369e-07
76853.99732470140; -5.55619445297184e-07
76873.18323511443; -5.52921638256740e-07
76892.36862056330; -5.52369622499968e-07
76911.38972818293; -5.77880218659957e-07
76929.56336380543; -6.05673378788579e-07
76946.20518989488; -6.17343859037232e-07
76962.37376972291; -6.23594109138835e-07
76981.55968003348; -6.26050969674254e-07
76997.02434685454; -6.27803722497691e-07
77018.48019028085; -6.27947051582733e-07
77037.66551806405; -6.25010472423874e-07
77043.88903357090; -6.24028887020610e-07
77063.07500147074; -6.23388265744315e-07
77082.26032936947; -6.22558013980121e-07
77099.44124979900; -6.22067821422138e-07
77118.62663516776; -6.25966277772293e-07
77136.80079570226; -6.30485780864984e-07
77153.27720420249; -6.33285856275671e-07
77171.45142249019; -6.37080202502179e-07
