Time, s; Heat flow, Watt
1382.71632819623; 5.25649289721111e-05
1383.25461547077; 5.25531840160899e-05
1389.59454343468; 5.25221110675036e-05
1395.93458661437; 5.24894092772834e-05
1402.93375861645; 5.24362847886518e-05
1420.50034557284; 5.23382524778575e-05
1435.87039713562; 5.22867460987399e-05
1454.05784613639; 5.22576133256653e-05
1463.79218062014; 5.22429892796688e-05
1483.63650459797; 5.22145316223624e-05
1523.67194142938; 5.17424760691449e-05
1549.55030598491; 5.14598782138198e-05
1589.58562760055; 5.10809943409823e-05
1630.40799666196; 5.08199427056446e-05
1656.90723969043; 5.07868155299862e-05
1696.94256124273; 5.08507363257421e-05
1736.35708811507; 5.05531835544316e-05
1762.85631465912; 5.03200796717812e-05
1799.53380273282; 5.01097431610559e-05
1825.41218384727; 5.00698508459743e-05
1865.44762067124; 5.00344729431671e-05
1906.26987457648; 5.00251644896809e-05
1924.32305094972; 5.00226797866761e-05
1972.18362784385; 5.00254383146251e-05
2012.21894945949; 5.00220252551620e-05
2038.71819254383; 4.99953496254363e-05
2078.75362935289; 4.99636114191346e-05
2101.27416045964; 4.99723494519194e-05
2141.30948197842; 4.99924236540216e-05
2174.30659569799; 4.99967072084064e-05
2200.18492880464; 4.99884807698679e-05
2240.22036564350; 4.99594577989612e-05
2288.08094252646; 4.99318860986013e-05
2316.60366854816; 4.99126386395931e-05
2343.59858742356; 4.98958239411785e-05
2383.63390903919; 4.98736780113553e-05
2415.51448482275; 4.98464155916588e-05
2455.54992168397; 4.98558895119434e-05
2481.42823824287; 5.00342590967611e-05
2518.10572642832; 5.00751001974699e-05
2562.28592896461; 4.97518420973127e-05
2584.01954425498; 4.96053564762979e-05
2624.84179815277; 4.94861666601107e-05
2664.87723498419; 4.94752585850643e-05
2691.37646152452; 4.94847820776174e-05
2731.41178307682; 4.95041677440711e-05
2757.29011612013; 4.95109395595454e-05
2797.32555292174; 4.95243543324660e-05
2837.36087450012; 4.95129844103790e-05
2859.88140568137; 4.95066856437176e-05
2899.91684241966; 4.95078107973090e-05
2940.73909629137; 4.94905429485995e-05
2958.79228921235; 4.94766148524633e-05
3006.65286622196; 4.94226726180927e-05
3046.68818771839; 4.93757433686650e-05
3073.18741425127; 4.93541273140459e-05
3113.22285109014; 4.93280073938593e-05
3135.74339877815; 4.93159553131438e-05
3168.74051250517; 4.92968276377798e-05
3216.60108939558; 4.92593889861957e-05
3234.65415052324; 4.92459921046656e-05
3282.51472753286; 4.92078552907963e-05
3315.51184125245; 4.91721519300320e-05
3349.04940745607; 4.91555108018620e-05
3381.42565907166; 4.91152731701645e-05
3418.10314730183; 4.90572805320071e-05
3444.60237383470; 4.90260951888655e-05
3495.82078417390; 4.89739034875512e-05
3510.51614375040; 4.89619250212465e-05
3556.71973037347; 4.89328723541157e-05
3591.37383435294; 4.89195197809917e-05
3616.46526663006; 4.89117755004264e-05
3657.28752049431; 4.88885485500026e-05
3697.32295721024; 4.88482321182124e-05
3725.84569979087; 4.88198122191563e-05
3765.88102139532; 4.87768714018884e-05
3791.75933794677; 4.87621913259507e-05
3831.79477471858; 4.88213831171692e-05
3872.61702850461; 4.89979006119979e-05
3894.35064394027; 4.88664249321563e-05
3935.17301309109; 4.85102162163135e-05
3975.20833466947; 4.83281393388465e-05
4001.70756109059; 4.82898583844639e-05
4041.12208793312; 4.82881494548927e-05
4075.77607667447; 4.83060964458842e-05
4107.65665264427; 4.83135668034682e-05
4148.47902175784; 4.82927940616816e-05
4163.17429742217; 4.82843212423549e-05
4214.39270774648; 4.82479900791020e-05
4254.42814461142; 4.82291668572203e-05
4276.94864432887; 4.82131249348725e-05
4316.98396584764; 4.82090118171231e-05
4349.98107952252; 4.82086607041176e-05
4383.51862916351; 4.81729791197065e-05
4423.55395076797; 4.81140509519918e-05
4455.93020252138; 4.80822044628931e-05
4479.07161210850; 4.80690115913083e-05
4530.29002249614; 4.80414814992747e-05
4544.98536548391; 4.80287829440916e-05
4585.80761934072; 4.80223010950437e-05
4625.84305611998; 4.80003623115255e-05
4651.72143717855; 4.79639959335501e-05
4691.75675876438; 4.78990362214948e-05
4731.79219561815; 4.78433942995873e-05
4758.29142212868; 4.78172089966402e-05
4806.15199901908; 4.77829709136556e-05
4820.84724335372; 4.77674088254470e-05
4867.05094533413; 4.77493563960561e-05
4901.70493407547; 4.77625088182466e-05
4932.96463150531; 4.77418429753326e-05
4967.61873531342; 4.76861222980973e-05
5007.65405689925; 4.76234236916277e-05
5036.17679947242; 4.75841735954181e-05
5070.20999347046; 4.75377000629029e-05
5103.20710707829; 4.74834692423991e-05
5142.91280664503; 4.74332262186054e-05
5182.94824346527; 4.74276133583458e-05
5197.64353580401; 4.74283427992053e-05
5248.86194619164; 4.74014510662633e-05
5288.89738287405; 4.73680296852453e-05
5311.41786604002; 4.73530848793167e-05
5344.41497977078; 4.73334116336954e-05
5384.45030135288; 4.72844684698243e-05
5417.98786751554; 4.72639143199996e-05
5458.81012133509; 4.72300522233574e-05
5485.01810790598; 4.73641769319144e-05
5524.72392271459; 4.75067771841254e-05
5564.75924432278; 4.72135699992320e-05
5580.24153609574; 4.70797606926995e-05
5620.27685765922; 4.69001241326873e-05
5660.31229445339; 4.68534270562850e-05
5686.19065900892; 4.68447943043538e-05
5726.22598053515; 4.68365403188779e-05
5766.26141733676; 4.68301809358960e-05
5800.58580057323; 4.68299710163389e-05
5833.58291430026; 4.68330065552822e-05
5859.46123085916; 4.68350852050947e-05
5896.13883417100; 4.68090927511330e-05
5936.17415578291; 4.67596169125659e-05
5962.05253690109; 4.67293673530806e-05
6002.08797372505; 4.66863524045175e-05
6042.12329528108; 4.66152725006567e-05
6068.62252173573; 4.65468755821002e-05
6097.64089205861; 4.65142066207893e-05
6137.67632890865; 4.65311836044210e-05
6177.38204502687; 4.65438841456775e-05
6215.39398230985; 4.65017164615853e-05
6243.29584629834; 4.64481137401763e-05
6277.94983503595; 4.63953866208967e-05
6317.98527185619; 4.63604368375626e-05
6338.84878134727; 4.63507519715466e-05
6376.86071854085; 4.63390657947216e-05
6416.89604012668; 4.63149202422079e-05
6453.24402157963; 4.63003589179680e-05
6493.27934315801; 4.62897743119526e-05
6519.48732967675; 4.62695763410205e-05
6559.19316098094; 4.62289112057456e-05
6592.19027470797; 4.61966387697938e-05
6614.71075787395; 4.61801909366194e-05
6654.74607948214; 4.61536175588249e-05
6694.78151620180; 4.60906272355880e-05
6720.65989730135; 4.60462564148055e-05
6755.31388598308; 4.59981847537653e-05
6795.34932284430; 4.59517873857194e-05
6828.01681454480; 4.58969194524201e-05
6868.05213601142; 4.58603945104361e-05
6893.93046911433; 4.58580247137708e-05
6933.96590595320; 4.58385409088920e-05
6970.64339416846; 4.57789380692266e-05
6996.52175861225; 4.57182881807340e-05
7036.55719543993; 4.56598700105262e-05
7076.59251705557; 4.56522133824531e-05
7103.87869237364; 4.56729276931362e-05
7135.46796382219; 4.56752467572792e-05
7172.14556717128; 4.56349636882265e-05
7209.82776724548; 4.55962489978173e-05
7249.86320410669; 4.55691946734797e-05
7272.38375180214; 4.55578480552983e-05
7312.41907335818; 4.55326189305630e-05
7352.45451012254; 4.55070615165429e-05
7371.29450356960; 4.54976894290060e-05
7411.32994040101; 4.54732802086523e-05
7451.36526201665; 4.54126075769756e-05
7487.71325984597; 4.53680214232999e-05
7525.72508193180; 4.55082607073346e-05
7553.62694598362; 4.55240680570135e-05
7588.28104996681; 4.53454861687496e-05
7621.27816363424; 4.51822736807675e-05
7652.53782952204; 4.50931965149738e-05
7687.19181825593; 4.50673135679346e-05
7727.22725509479; 4.50630785367865e-05
7749.74778626486; 4.50424950408149e-05
7789.78310775756; 4.49910390239364e-05
7829.81854455918; 4.49553270958061e-05
7862.48605281487; 4.49444990711293e-05
7902.52137439325; 4.49344878625799e-05
7928.39969094842; 4.49237190961703e-05
7968.43512769044; 4.49050097774012e-05
8003.08911638707; 4.49091711759992e-05
8030.99099699408; 4.48936697392572e-05
8069.00293433666; 4.48356745054430e-05
8105.68042249977; 4.47739193185945e-05
8138.34791414439; 4.47356755917613e-05
8178.38335094601; 4.47037300071975e-05
8204.59128952026; 4.46901286588257e-05
8244.29700563103; 4.46646693827816e-05
8284.33244237304; 4.46278494527925e-05
8306.85297354310; 4.45750872235224e-05
8346.88829512894; 4.44096233669904e-05
8379.88540885597; 4.43476995463435e-05
8405.76374196633; 4.43645178780366e-05
8445.79917866364; 4.43704702745714e-05
8485.83450027928; 4.43483153142997e-05
8520.15898221359; 4.43432505254596e-05
8560.19430377335; 4.43245825762895e-05
8586.07268476114; 4.43012405482524e-05
8615.71196509526; 4.42891583284464e-05
8655.74740195647; 4.42916653363497e-05
8681.62571851164; 4.42889398660310e-05
8721.66104012356; 4.42762903117051e-05
8761.69647680223; 4.42284927248405e-05
8801.40219295025; 4.41515730795834e-05
8824.25234614312; 4.41097353877123e-05
8864.28778296709; 4.40555990744081e-05
8896.95527455211; 4.40433612212401e-05
8931.60926322639; 4.40467789162814e-05
8962.86892921478; 4.40360107386774e-05
8997.52303319424; 4.40182696276285e-05
9037.55835478753; 4.39952400446515e-05
9063.43671921640; 4.39821242009849e-05
9103.47215604782; 4.39197130142786e-05
9143.50747766346; 4.38364586530392e-05
9172.81715252995; 4.37973185278805e-05
9212.85258923844; 4.37763201870500e-05
9239.06052781269; 4.37700786281291e-05
9278.76622733846; 4.37570460167120e-05
9313.42033132911; 4.37431189656370e-05
9341.32221193239; 4.37170617043624e-05
9374.31932553276; 4.36876739973122e-05
9412.33114762977; 4.36784072224079e-05
9440.23296368122; 4.36488543721217e-05
9474.88706762716; 4.35768023516606e-05
9514.92238917947; 4.35141446903050e-05
9554.62822047994; 4.34717102930578e-05
9594.66354209557; 4.34514543566351e-05
9613.50369876250; 4.34522782637996e-05
9650.18118692935; 4.34436574596473e-05
9690.21662366391; 4.34319406758317e-05
9716.09495677054; 4.34115223555420e-05
9756.13027835638; 4.33474191647836e-05
9796.16571521759; 4.32953188661392e-05
9830.49008190632; 4.32628717311219e-05
9862.07940123976; 4.31573720000746e-05
9896.73350518942; 4.30534076265949e-05
9929.40101344883; 4.31078012026507e-05
9969.43633506447; 4.32604101803904e-05
9991.95681817085; 4.32423854219160e-05
10031.99225490541; 4.31329859640703e-05
10072.02757649868; 4.30157353081012e-05
10097.90595759822; 4.29471028336284e-05
10137.94139445944; 4.28765641914079e-05
10170.93850803746; 4.28579535513015e-05
10205.26287475228; 4.28609862238093e-05
10245.29831157995; 4.28661187395700e-05
10273.52974965420; 4.28660469819378e-05
10307.85413285717; 4.28533695064331e-05
10347.88956959173; 4.28291287377398e-05
10373.76793415845; 4.28149929490810e-05
10406.76504787799; 4.27806433756099e-05
10446.80036945642; 4.27034809944394e-05
10469.32086911800; 4.26498398854676e-05
10509.35630592705; 4.26003615893466e-05
10549.39162749798; 4.25963853087609e-05
10589.09744230658; 4.25870433575420e-05
10623.75143104794; 4.25787723836975e-05
10647.97293702512; 4.25695540961160e-05
10688.00825864075; 4.25443412930962e-05
10722.66236256062; 4.25264516336681e-05
10750.56417860087; 4.24957262144910e-05
10785.21816731244; 4.24249223507930e-05
10825.25360405445; 4.23619547850286e-05
10864.95932016148; 4.23299398038608e-05
10891.16730674731; 4.23168066180761e-05
10924.16442047428; 4.23025804914023e-05
10963.87023516001; 4.22789281362868e-05
11003.90555677191; 4.22299501158335e-05
11026.42605649310; 4.22029319515507e-05
11066.46149329470; 4.21852087460780e-05
11106.49681475386; 4.21377382752543e-05
11132.37517932054; 4.20838368385070e-05
11165.37229304015; 4.20205291553636e-05
11205.40772989763; 4.19699676751941e-05
11239.73211314156; 4.19487104287466e-05
11279.76754984260; 4.19318199675281e-05
11319.80287145822; 4.19213794060315e-05
11342.32335462420; 4.19184923591170e-05
11382.35879144815; 4.19060337594707e-05
11401.19884946194; 4.18981854875029e-05
11441.23428614435; 4.18514802207158e-05
11481.26960772277; 4.17697557124212e-05
11503.79009088876; 4.17269752777525e-05
11543.82552775741; 4.16771142824551e-05
11583.86084921659; 4.16494669470217e-05
11621.54318108410; 4.16492286774438e-05
11651.18246142566; 4.16387071051402e-05
11677.06082598121; 4.16167490316594e-05
11717.09614759683; 4.15816882327482e-05
11757.13158430532; 4.15590458877594e-05
11783.00991741939; 4.15276305440096e-05
11823.04523896052; 4.14592079825715e-05
11859.72284243627; 4.14144914519132e-05
11892.39033408464; 4.14017889355137e-05
11932.42565561086; 4.13923982771512e-05
11958.63364218544; 4.13846208762130e-05
11998.33947354183; 4.13606784922268e-05
12032.99346228315; 4.13316166055291e-05
12060.89527820425; 4.13099976758795e-05
12098.90721555056; 4.12815648317184e-05
12138.94253715128; 4.11966298355434e-05
12159.80620983990; 4.11524177878353e-05
12194.46019855142; 4.11119947650075e-05
12234.49563528598; 4.10905705493248e-05
12274.20133484900; 4.10719011233057e-05
12314.23677170276; 4.10451968923691e-05
12340.11510477958; 4.10271731763225e-05
12376.79259289801; 4.09904965030296e-05
12414.80453023313; 4.09457698313027e-05
12435.66807117311; 4.09270064041831e-05
12475.70350800450; 4.08731413403870e-05
12510.35749674587; 4.08127279887942e-05
12550.06332794949; 4.07725014589198e-05
12576.27126652377; 4.07587374874839e-05
12616.30658811704; 4.07447553126668e-05
12648.97407981010; 4.07280635517350e-05
12685.65168322622; 4.06957132107950e-05
12711.53006425128; 4.06667728441523e-05
12751.56538585946; 4.06542403718203e-05
12791.60082269087; 4.06367235744553e-05
12817.47913924230; 4.05923356545007e-05
12857.51446074991; 4.05030976074910e-05
12897.54989753666; 4.04500269766534e-05
12924.83607291803; 4.04424168108574e-05
12964.87139449269; 4.04275261054453e-05
12993.10288050767; 4.04089800380657e-05
13027.42736241221; 4.03779840099145e-05
13067.46268399058; 4.03176324940924e-05
13093.34101709725; 4.02391695684120e-05
13133.37645392866; 4.01467469812860e-05
13173.41177542508; 4.01311123757161e-05
13188.89409870656; 4.01160579798371e-05
13228.92942032219; 4.01086460380377e-05
13268.96485711634; 4.01046183192103e-05
13308.67057323457; 4.00876876991501e-05
13343.32467710228; 4.00760322108663e-05
13374.58432652799; 4.00603599920350e-05
13409.23831523955; 4.00270702376013e-05
13442.23542895542; 3.99653139857643e-05
13464.75597662106; 3.99054525629701e-05
13504.79141339287; 3.98233406782199e-05
13544.82673500850; 3.97861355857380e-05
13584.53254980964; 3.97685530504197e-05
13610.74048835786; 3.97991833611028e-05
13650.77580983193; 3.99972836165288e-05
13683.44331808018; 3.99231261431406e-05
13723.47875493395; 3.96721180459735e-05
13745.99928611517; 3.95700987105956e-05
13786.03460763023; 3.94713666066008e-05
13820.68871152402; 3.94019807258380e-05
13851.94837750493; 3.93755563105586e-05
13886.60236625373; 3.93821987774887e-05
13926.63780307024; 3.93965665070022e-05
13959.30529462548; 3.93923587616914e-05
13999.34061621130; 3.93586312446202e-05
14022.19076943396; 3.93367522266924e-05
14061.89660079775; 3.93087085810037e-05
14101.93192225692; 3.92712981625483e-05
14127.81023880841; 3.92271552362201e-05
14167.84567563982; 3.91604737456507e-05
14200.84278936314; 3.91333047513454e-05
14223.36333708838; 3.91309422640927e-05
14263.39865858481; 3.91218130155616e-05
14303.43409541623; 3.90981978567403e-05
14337.75846206771; 3.90713704506351e-05
14377.79389893266; 3.90281169426906e-05
14403.67223203555; 3.89666207610457e-05
14436.66934563595; 3.88730545378306e-05
14476.70466722921; 3.88135812557844e-05
14502.58303178844; 3.87988485079168e-05
14539.26063522323; 3.87954228305414e-05
14579.29595678297; 3.87765822708742e-05
14616.97828859089; 3.87455569180183e-05
14645.20972665400; 3.87211131220385e-05
14685.24504823239; 3.86879197097315e-05
14712.53120703996; 3.86408887563331e-05
14752.56664376702; 3.85628623672434e-05
14778.44502488526; 3.85230960570777e-05
14818.48034647108; 3.84819829638608e-05
14858.51578329504; 3.84497176532314e-05
14881.03626646847; 3.84388305465635e-05
14921.07158795744; 3.84212492422643e-05
14961.10702479630; 3.83910413244848e-05
14993.77453304084; 3.83429458144694e-05
15033.80985465274; 3.83074811685681e-05
15068.46395845338; 3.82792263696323e-05
15096.36582250518; 3.82481414230050e-05
15134.37764460592; 3.81978762449916e-05
15162.27947719770; 3.81581239263812e-05
15196.93358117713; 3.81128960403154e-05
15229.93069475514; 3.80738951139720e-05
15257.83255881073; 3.80423105758810e-05
15295.84438092634; 3.80018768874219e-05
15335.87981776148; 3.79610057000003e-05
15375.58553377911; 3.79192939746824e-05
15412.26313719527; 3.78808981848629e-05
15431.10313061627; 3.78600003880014e-05
15471.13856747003; 3.78178968754818e-05
15511.17388905585; 3.77757654523944e-05
15537.05227004733; 3.77525932196376e-05
15577.08770690854; 3.77157424268646e-05
15613.76519510148; 3.76586455764493e-05
15651.44751042125; 3.75888387581748e-05
15691.48283191023; 3.75269535649250e-05
15720.50120226295; 3.74772336779627e-05
15747.00044536590; 3.74296441287259e-05
15787.03588216006; 3.73713773075918e-05
15812.91424671561; 3.73458378006219e-05
15852.94956818224; 3.73107474409307e-05
15892.98500504345; 3.72677468552071e-05
15915.50550476089; 3.72556172071940e-05
15955.54082633926; 3.72510467659117e-05
15988.53794001418; 3.72358759860231e-05
16022.86242187769; 3.72029534642907e-05
16062.89774348963; 3.71532596372234e-05
16102.93318032476; 3.71017103641786e-05
16128.81156140191; 3.70581335448815e-05
16168.84688286854; 3.70031179770574e-05
16191.36736603825; 3.69825038709896e-05
16224.36447977275; 3.69496084863655e-05
16264.39991661533; 3.68991438802983e-05
16304.10563272982; 3.68485546070594e-05
16330.31361918898; 3.68150855242269e-05
16371.13598830998; 3.67646289348180e-05
16410.05475561320; 3.67164209631460e-05
16444.70885956287; 3.66735209205594e-05
16465.57236905398; 3.66487040916648e-05
16505.60780573638; 3.65998640128868e-05
16540.26179444794; 3.65634485831222e-05
16571.52149187771; 3.65375852295925e-05
16606.17559586465; 3.64973278304619e-05
16646.21091732381; 3.63986418957824e-05
16685.91674868761; 3.62755195061002e-05
16718.91386241093; 3.61959411911165e-05
16752.94694116340; 3.61685030893594e-05
16781.46966712921; 3.61544410287029e-05
16821.50510390475; 3.61344783700590e-05
16847.38348497824; 3.61196874818688e-05
16887.41880656406; 3.61085754903548e-05
16922.07291055100; 3.61047960021316e-05
16949.97472647578; 3.60827449995436e-05
16982.97184020283; 3.60401967180889e-05
17030.83241717143; 3.59576931094441e-05
17057.33166027445; 3.59164867572427e-05
17097.36698187517; 3.58615208291790e-05
17123.24534631892; 3.58272720931440e-05
17163.28078313916; 3.57759122543512e-05
17203.31610475478; 3.57231945015940e-05
17218.79839656503; 3.56979754631808e-05
17258.83371814340; 3.56450183028002e-05
17310.05212841184; 3.55898799923550e-05
17336.55135498197; 3.55524569326419e-05
17365.56977331639; 3.55083074781459e-05
17405.60521014036; 3.54459314966373e-05
17439.14266100528; 3.54034120705000e-05
17472.13977472483; 3.53615365904966e-05
17498.01809127631; 3.53282731968665e-05
17538.05352810772; 3.52877907675178e-05
17574.73101621870; 3.52297304670861e-05
17600.60939726606; 3.51621950301148e-05
17640.64483412727; 3.50989179721247e-05
17681.46708800269; 3.51689123564382e-05
17713.34764741360; 3.50299849157730e-05
17753.38308412210; 3.48245091539204e-05
17787.41616287830; 3.47564453719748e-05
17815.93890545145; 3.47369020121814e-05
17853.95084280147; 3.47292386992572e-05
17876.47137397152; 3.47333325497497e-05
17916.50669546422; 3.47188049119784e-05
17962.71039742231; 3.46665954587064e-05
17982.42046536507; 3.46373202536265e-05
18028.62405211476; 3.45580708655797e-05
18063.27815597504; 3.45023276399172e-05
18091.80088201168; 3.44617591804376e-05
18131.83620358261; 3.44095419601581e-05
18157.71458470075; 3.43765298391522e-05
18197.75002153218; 3.43058386391583e-05
18232.40401014686; 3.42535604743829e-05
18256.62545169144; 3.42281009061423e-05
18293.30293991417; 3.41826998423658e-05
18344.52135025711; 3.40913073576729e-05
18371.02059327438; 3.40389289155151e-05
18400.03901157902; 3.39908860555521e-05
18440.07444843278; 3.39395159467835e-05
18473.61188283564; 3.39065494856677e-05
18506.60899655891; 3.38576058645701e-05
18532.48732960598; 3.37882618333164e-05
18572.52276637034; 3.36761799929886e-05
18620.38334337994; 3.35910653110500e-05
18635.07861916348; 3.35713520159194e-05
18675.90098819136; 3.35276505354224e-05
18715.93630971385; 3.35045405970390e-05
18742.43555280197; 3.34901356241109e-05
18782.47098965944; 3.34633774335687e-05
18830.33156663922; 3.34200903438104e-05
18848.38462767748; 3.33947894538119e-05
18889.20699679106; 3.33220189519480e-05
18910.94061223415; 3.32838838193619e-05
18955.12069952488; 3.31978228144566e-05
18991.79830296339; 3.31357637727403e-05
19009.85136400166; 3.31060892710437e-05
19057.71194095165; 3.30297314308528e-05
19097.74737781286; 3.29487021321340e-05
19124.24662090095; 3.29023498947082e-05
19164.28194243464; 3.28544053673002e-05
19190.16030692310; 3.28182326700572e-05
19226.83791036904; 3.27620848661319e-05
19273.04149714485; 3.26877503081668e-05
19285.71335719900; 3.26673605441499e-05
19333.57393408939; 3.25919260346598e-05
19373.60925569760; 3.25228744502103e-05
19405.48981504514; 3.24734128278275e-05
19445.52525191008; 3.24188183151934e-05
19472.52017072216; 3.23511132784291e-05
19501.04291323944; 3.22627028869129e-05
19548.90349021928; 3.21050737881965e-05
19566.95655138791; 3.20729246319972e-05
19614.81712838634; 3.20147217560541e-05
19647.81424198302; 3.19832280350706e-05
19673.69262310115; 3.19531282921826e-05
19710.37022653966; 3.19125567481324e-05
19750.40554809571; 3.18683710138089e-05
19776.90477463604; 3.18448412573135e-05
19816.94021137061; 3.18106172109404e-05
19864.80078838019; 3.17517371501209e-05
19882.85386606305; 3.17213701195147e-05
19923.67623518407; 3.16363187629075e-05
19945.40983394532; 3.15877084312949e-05
19989.58992123605; 3.14997673275151e-05
20029.62535806000; 3.14401312566944e-05
20052.76676776633; 3.14006747345710e-05
20092.18117939308; 3.13302211829686e-05
20132.21661607548; 3.12608935004920e-05
20158.71584260841; 3.12169624156325e-05
20199.53809649500; 3.11491388900168e-05
20224.62954530492; 3.11057074761904e-05
20265.45191439613; 3.10347762921659e-05
20305.48723592235; 3.09733658751869e-05
20328.00771909206; 3.09379364404102e-05
20368.04315591974; 3.08127944767560e-05
20401.04026964306; 3.06900269433394e-05
20434.57772051170; 3.06238048733876e-05
20480.78142245858; 3.05584422202722e-05
20506.98940904438; 3.05247672026379e-05
20546.69510859998; 3.04736527722453e-05
20581.34921246770; 3.04315852496257e-05
20596.04445677248; 3.04129731392366e-05
20642.24815876039; 3.03590224307806e-05
20676.90214749429; 3.03127930410473e-05
20708.16184493154; 3.02601930815186e-05
20742.81594876946; 3.01879336893362e-05
20782.85127037762; 3.00933363707785e-05
20811.37401296200; 3.00458583800734e-05
20862.59242328998; 2.99655406570572e-05
20902.62786002827; 2.98913892375086e-05
20918.11002006382; 2.98609030053720e-05
20958.14545692502; 2.97825774967984e-05
20984.02383803204; 2.97309379063431e-05
21024.05915961790; 2.96557866187867e-05
21064.09459633008; 2.95898559461672e-05
21090.59382286666; 2.95541071667134e-05
21126.65040110424; 2.94586725589586e-05
21164.66233845055; 2.93253223102914e-05
21193.97201329101; 2.92607290949767e-05
21234.00733475017; 2.92093288725200e-05
21259.88569931685; 2.91812537109781e-05
21299.92113616315; 2.91334496997737e-05
21339.95645774898; 2.90546744091836e-05
21365.83479079607; 2.90435220065439e-05
21402.51239418237; 2.90088299483966e-05
21435.50950790941; 2.88995108475904e-05
21469.04694233091; 2.87898073053590e-05
21509.86931144447; 2.86784489920589e-05
21541.45863075555; 2.86259303785716e-05
21575.78301399944; 2.85699556800890e-05
21615.81845085324; 2.85011127459789e-05
21641.69676740468; 2.84521691716354e-05
21671.33604775368; 2.83964660601357e-05
21711.37136921289; 2.83196991756344e-05
21737.24975031986; 2.82710621504971e-05
21777.28518715128; 2.82015462198951e-05
21817.32050875948; 2.81170114587772e-05
21857.02632344884; 2.80558472797426e-05
21891.68031219393; 2.80185977381223e-05
21912.54393687471; 2.79467735566202e-05
21952.57925844566; 2.77906996704764e-05
21990.59119581804; 2.76811363297746e-05
22018.49305975439; 2.76317598148137e-05
22053.14704845843; 2.75841561025229e-05
22093.18248528612; 2.75280855808589e-05
22132.88820142299; 2.74594475784252e-05
22159.09613993763; 2.74100831738024e-05
22192.09325360509; 2.73718073844236e-05
22228.44123502824; 2.73417179978933e-05
22268.47655663642; 2.72877572679836e-05
22294.35493769497; 2.72387536417034e-05
22334.39037443695; 2.71511079710128e-05
22374.42569601534; 2.70583275078903e-05
22400.30401256683; 2.70010638394407e-05
22429.94329290838; 2.69392865172957e-05
22469.97872962058; 2.68469229082921e-05
22507.66094627231; 2.67716671607274e-05
22544.33854972199; 2.67112053200439e-05
22570.54653629285; 2.66589575776653e-05
22610.25223588567; 2.65875215308685e-05
22650.28767257185; 2.65357178080797e-05
22669.12768254059; 2.64749518001628e-05
22709.16311940180; 2.63204993498085e-05
22745.84060759468; 2.62082842429632e-05
22771.71897215398; 2.61469789712382e-05
22811.75440886243; 2.60817887936156e-05
22851.78973048179; 2.60371430859733e-05
22886.11422896013; 2.59875831103518e-05
22919.11134268718; 2.59304734104079e-05
22944.98965923861; 2.58855422878247e-05
22985.02498073876; 2.58178771609735e-05
23025.06041752547; 2.57486353465732e-05
23047.58096525816; 2.57133861857546e-05
23087.61628683654; 2.56412090820647e-05
23127.65172357854; 2.55878249778147e-05
23160.31921528278; 2.55512638821654e-05
23186.52715382727; 2.55019967323972e-05
23226.56247543546; 2.54006431646959e-05
23262.91047329454; 2.52891378514824e-05
23300.92229542139; 2.51834954396335e-05
23328.82415946572; 2.51271680948778e-05
23363.47826339305; 2.50634351770570e-05
23403.51358497142; 2.49964992347238e-05
23427.73504297062; 2.49541301334572e-05
23462.38903168217; 2.48647752870098e-05
23502.42446854338; 2.47526024237154e-05
23542.13016811012; 2.46665552427953e-05
23582.16560487075; 2.46017470212415e-05
23618.84309303761; 2.45458711631329e-05
23644.72147415203; 2.45042691571718e-05
23684.75691098348; 2.44419493248992e-05
23703.59690443056; 2.44145258657870e-05
23743.63234116883; 2.43608274024105e-05
23783.66766269879; 2.42939265084764e-05
23806.18821042030; 2.42423782035196e-05
23844.20014778524; 2.41511002755434e-05
23884.23546937107; 2.40657301818048e-05
23913.54512756316; 2.40089399289166e-05
23953.58056439462; 2.39322313803926e-05
23979.45889750124; 2.38747854282051e-05
24019.49421912432; 2.37874224291339e-05
24059.52965582161; 2.37358762930578e-05
24082.05018696932; 2.37094179986670e-05
24122.08550855515; 2.36069114472519e-05
24162.12094540893; 2.34777164157048e-05
24189.40712079407; 2.34093081943083e-05
24229.44244224951; 2.33488551144274e-05
24261.03171369807; 2.32968518963170e-05
24295.35619563608; 2.33549499933263e-05
24335.39151724803; 2.33359867568163e-05
24361.26989835872; 2.32139188676773e-05
24397.94750168547; 2.30312195844996e-05
24437.98282324149; 2.29218712046645e-05
24456.82293193416; 2.28849960209248e-05
24496.85825351626; 2.28192611836426e-05
24536.89369025454; 2.27528815634039e-05
24576.59940637276; 2.26735995433291e-05
24611.25351032243; 2.26090403600909e-05
24651.28883194179; 2.25492028113603e-05
24677.16719648983; 2.25046797135356e-05
24706.80647671223; 2.24524770399354e-05
24738.06614269318; 2.23941192830229e-05
24772.72024665026; 2.23458188614723e-05
24812.75556820629; 2.22392140421165e-05
24852.46138291809; 2.20997127828226e-05
24878.66936949640; 2.20155050244895e-05
24918.70469108222; 2.19428082224142e-05
24948.01436595616; 2.19138044324596e-05
24988.04980278016; 2.18575315363751e-05
25013.92811921240; 2.18207040537169e-05
25053.96344083548; 2.17677716235481e-05
25088.61754478144; 2.17185652643808e-05
25116.51942538098; 2.16680409676414e-05
25154.53124738855; 2.15762710524221e-05
25194.56668418271; 2.14817435576001e-05
25223.87634250150; 2.14291978798344e-05
25263.91166409104; 2.13543247958407e-05
25290.11960269135; 2.13016203107104e-05
25329.82543389870; 2.12178199760672e-05
25369.86075551438; 2.11378599612729e-05
25395.73912008107; 2.10879186028199e-05
25435.77455690128; 2.10031194321155e-05
25465.41383723911; 2.09440185153581e-05
25491.29217023402; 2.09151433130121e-05
25531.32749177516; 2.08446068156070e-05
25571.36292863638; 2.07069816881808e-05
25605.68729532511; 2.06010457822473e-05
25645.72273206712; 2.05212261829431e-05
25685.75805364550; 2.04596015570076e-05
25704.59822687506; 2.04381674392178e-05
25744.63354848323; 2.03700284224551e-05
25767.15403164922; 2.03487147108351e-05
25807.18946836142; 2.03100969365478e-05
25847.22478996961; 2.02430176486417e-05
25886.93062130737; 2.01561130340358e-05
25913.13860788570; 2.00969073882141e-05
25953.17392937465; 2.00139463697974e-05
25982.48358766732; 1.99574944173988e-05
26020.49552503975; 1.98748056783326e-05
26043.01602475721; 1.98324896732199e-05
26083.05134633557; 1.97737614766166e-05
26123.08678305523; 1.97038977281364e-05
26148.96514760329; 1.96527016296066e-05
26189.00046922264; 1.95767622793444e-05
26229.03590602425; 1.95194058768425e-05
26261.70341427250; 1.94377032846597e-05
26298.38090234995; 1.93045967715779e-05
26324.58884092419; 1.92298791284744e-05
26364.29465577003; 1.91715170640951e-05
26398.94864446670; 1.91328418865927e-05
26430.20835833997; 1.90876921500591e-05
26463.20547205956; 1.90482184360942e-05
26497.85957601664; 1.90112682270229e-05
26525.76139206441; 1.89756399855212e-05
26563.77321418375; 1.89102911546619e-05
26600.45081747325; 1.88217661897017e-05
26640.15653359146; 1.87470648713799e-05
26680.19197045267; 1.86798933971814e-05
26699.03201187401; 1.86412496404565e-05
26739.06744867562; 1.85599491054553e-05
26779.10277019440; 1.84837553517203e-05
26801.62326991185; 1.84425227483160e-05
26841.65870674326; 1.83698374855644e-05
26881.69402835888; 1.82858042438933e-05
26916.01851017401; 1.82197762771455e-05
26947.60782963037; 1.82032683969042e-05
26982.26181830466; 1.82464969906991e-05
27014.92932656032; 1.81391785926987e-05
27054.96476330238; 1.79134592273838e-05
27077.48524647209; 1.78212110999057e-05
27117.52056804673; 1.77328644889546e-05
27157.55600488187; 1.76783090669820e-05
27183.43438599256; 1.76516670320525e-05
27223.46970748154; 1.76348158997472e-05
27256.46682120860; 1.76115285477304e-05
27290.79130313547; 1.75636639488061e-05
27330.82662469149; 1.74905973764783e-05
27370.86206149311; 1.74151316521607e-05
27396.74039454012; 1.73667540113398e-05
27433.41788273304; 1.72947190691121e-05
27459.29624729605; 1.72412240602899e-05
27492.29336102305; 1.71929389648248e-05
27532.32879778740; 1.71354897915832e-05
27558.20713083076; 1.70890391767189e-05
27598.24245245384; 1.70136743797692e-05
27638.27788927033; 1.69409697430085e-05
27674.62575541811; 1.68908349296465e-05
27712.63769267499; 1.68275545376866e-05
27733.50125013665; 1.67546442626641e-05
27773.53668699785; 1.66409614046936e-05
27808.19067570940; 1.65780905449874e-05
27836.09249170123; 1.65382454251594e-05
27874.10442896560; 1.64905913441111e-05
27914.13975058495; 1.64428777009079e-05
27950.48774855211; 1.64088898008772e-05
27983.48486228289; 1.63775463210034e-05
28009.69284874199; 1.63320921098169e-05
28049.39854826775; 1.62696375089439e-05
28089.43398512901; 1.62080392543301e-05
28115.31231823564; 1.61602417016966e-05
28151.98980643602; 1.60951655735864e-05
28192.02524317058; 1.60307910442271e-05
28217.90360770372; 1.59910457191219e-05
28250.90072142333; 1.59396661079463e-05
28285.55471016467; 1.58747110508357e-05
28325.26054140926; 1.58081536222824e-05
28365.29586301744; 1.57600580332329e-05
28405.33129981532; 1.56962577426273e-05
28431.20961636676; 1.56573971687079e-05
28471.24493790420; 1.56004176260169e-05
28486.72727769984; 1.55530553879492e-05
28526.76259928566; 1.54292801374366e-05
28566.79803613943; 1.53257670445450e-05
28601.12240283190; 1.52719958724178e-05
28632.71167422459; 1.52441511978690e-05
28672.74711099268; 1.52043822480512e-05
28707.07149425523; 1.51630423981711e-05
28740.06860798228; 1.51265009174043e-05
28762.58913915978; 1.51063606169505e-05
28802.62457583102; 1.50664636404913e-05
28842.65989741684; 1.50085275976226e-05
28868.53823053091; 1.49629204784724e-05
28908.57366737722; 1.49056959542694e-05
28948.60898884384; 1.48386212579655e-05
28977.91864716262; 1.47846593072619e-05
29017.95408399405; 1.47165133159218e-05
29044.16207057235; 1.46717311985843e-05
29083.86778672037; 1.45836639809610e-05
29118.52189052103; 1.45001606185743e-05
29149.78153994682; 1.45589053242572e-05
29184.43552865836; 1.45662775013629e-05
29224.47096551212; 1.44188122730015e-05
29245.33452298120; 1.43132783074642e-05
29279.98862684893; 1.41693424955049e-05
29320.02394842730; 1.40709104717801e-05
29359.72976323963; 1.40216911665162e-05
29399.76508485153; 1.39808934204814e-05
29434.41918868573; 1.39648724354320e-05
29465.67885467036; 1.39545580371583e-05
29500.33284334465; 1.39356604386393e-05
29521.19649953020; 1.39174604802798e-05
29561.23182111976; 1.38662066925860e-05
29599.24375836922; 1.38067094189780e-05
29635.59164109080; 1.37470545056388e-05
29661.79957966509; 1.37032860014342e-05
29701.83501650395; 1.36303262416762e-05
29741.54071597011; 1.35830338416299e-05
29774.53782968969; 1.35384720544683e-05
29797.05837742241; 1.35042659813021e-05
29837.09381424636; 1.34417001619176e-05
29877.12913580238; 1.33837532385725e-05
29903.00745223461; 1.33494793136947e-05
29943.04288910328; 1.32896564587947e-05
29983.07821067421; 1.32346721963135e-05
30010.36438605937; 1.31916351233153e-05
30050.39982287960; 1.30918835278739e-05
30078.63130883499; 1.30235216355514e-05
30112.95567555725; 1.29608753112887e-05
30152.99111237748; 1.29111407881884e-05
30178.86944548415; 1.28869212030274e-05
30218.90476698058; 1.28482272756385e-05
30258.94020378219; 1.28084455528796e-05
30277.78024520725; 1.28036809802317e-05
30314.45784868301; 1.27774304846625e-05
30354.49317025767; 1.27223738926172e-05
30394.19900150225; 1.26563244058571e-05
30432.21082362906; 1.25975299293113e-05
30454.73130679877; 1.25645654890943e-05
30494.76674362273; 1.25023961633539e-05
30527.76385728269; 1.24426111208925e-05
30553.64223834126; 1.24117719463207e-05
30593.67755991963; 1.23647870900076e-05
30633.71299675104; 1.23059788139745e-05
30670.06086292116; 1.22557855012138e-05
30696.26880137625; 1.22229805025025e-05
30736.30423824492; 1.21841428245700e-05
30768.97174646704; 1.21199897242486e-05
30809.00706807528; 1.20109697255832e-05
30831.52759925277; 1.19733741833950e-05
30871.56303596497; 1.19380538768758e-05
30909.57485808060; 1.19095301677447e-05
30937.47669061646; 1.18859474016986e-05
30972.13079461084; 1.18581052303518e-05
31012.16611606256; 1.18115568078704e-05
31044.83360777050; 1.17644153084619e-05
31084.86904463174; 1.16947355081686e-05
31124.90436621383; 1.16547181650838e-05
31150.78274732453; 1.16262706664393e-05
31187.46035065128; 1.15768426780163e-05
31213.33866721021; 1.15407325498564e-05
31253.37398881467; 1.14849071760306e-05
31286.37110254167; 1.14411086621048e-05
31312.24948358536; 1.14069908077469e-05
31352.28492032736; 1.13406212864416e-05
31388.96240852775; 1.12994031862505e-05
31426.64472386987; 1.12658526637879e-05
31466.68004545569; 1.12281516293353e-05
31489.20054505767; 1.12079207197902e-05
31522.19765878469; 1.11342389578823e-05
31562.23309561612; 1.10279213988728e-05
31588.11146017163; 1.09726797189897e-05
31628.14678172021; 1.09197166861279e-05
31668.18221846220; 1.08959837931999e-05
31702.50660170614; 1.08721896529986e-05
31742.54203855617; 1.08401000053427e-05
31771.56040890888; 1.08252129456218e-05
31798.05963534116; 1.08031116195983e-05
31838.09495691953; 1.07568877667502e-05
31863.97333802657; 1.07238403269452e-05
31904.00877485798; 1.06569662334137e-05
31944.04409646615; 1.06063866403875e-05
31969.92241290584; 1.05773431649355e-05
32006.60001631828; 1.05301553652721e-05
32046.63533791155; 1.04775703727945e-05
32079.30284615235; 1.04355643401177e-05
32119.33828289061; 1.03880991421446e-05
32153.99227160216; 1.03438804934644e-05
32185.25196903197; 1.02977387598154e-05
32219.90607298910; 1.02683345447906e-05
32247.80790558459; 1.02508624140859e-05
32285.81972758475; 1.02289194831769e-05
32315.45900792627; 1.01638519858255e-05
32355.16482273490; 1.00648249097212e-05
32381.37280928346; 1.00202605788020e-05
32429.23338617384; 9.97497749789409e-06
32461.11396214367; 9.94146315389490e-06
32501.14928372204; 9.92746910342353e-06
32523.66976688802; 9.91759943423388e-06
32556.66688061507; 9.89396437943780e-06
32596.70231732725; 9.86197509161172e-06
32622.58069843425; 9.84038309107493e-06
32662.61602004988; 9.79960647314571e-06
32703.43838916344; 9.77907848005107e-06
32736.97582359238; 9.72253127715196e-06
32777.01126027851; 9.66979179385538e-06
32809.38746401668; 9.63158070901222e-06
32832.52887372301; 9.60197183714364e-06
32872.56419530138; 9.55020656861105e-06
32898.44255974146; 9.52093804602487e-06
32938.47799656914; 9.47773452701308e-06
32978.51331818104; 9.43734074677597e-06
33004.39165128767; 9.40349555654863e-06
33044.42708811162; 9.37392325885660e-06
33085.24934190510; 9.35366904332362e-06
33111.74856837840; 9.29965669646736e-06
33148.42617184670; 9.21363325197558e-06
33188.46149343255; 9.15794986171444e-06
33214.33987448364; 9.13851946426406e-06
33254.37531128526; 9.11967383285025e-06
33280.25362780693; 9.09956124515642e-06
33313.25074154137; 9.09069184248870e-06
33361.11131853612; 9.07440693298511e-06
33389.63406099750; 9.04832117176453e-06
33423.66718775406; 9.01246728749217e-06
33456.66430148111; 8.97542433415493e-06
33495.58318397030; 8.93359850951253e-06
33530.23717255893; 8.89730175856704e-06
33551.10079729185; 8.86587965472842e-06
33591.13611887772; 8.82316841239861e-06
33629.14805625007; 8.80905790637933e-06
33657.04992026834; 8.78731647208985e-06
33691.70390888677; 8.74104399066033e-06
33737.90761087832; 8.72122457622644e-06
33771.44506185873; 8.68661189212448e-06
33804.44217558205; 8.66079017353352e-06
33838.47536952050; 8.58882730038200e-06
33866.99809542297; 8.52944530997709e-06
33907.03341704608; 8.48231384603496e-06
33932.91179812701; 8.46076061672157e-06
33972.94723498076; 8.43643362915118e-06
34013.76948873700; 8.42984673179064e-06
34038.86087299884; 8.41619906887045e-06
34079.68324211985; 8.40382394781762e-06
34119.71856372802; 8.36741137805536e-06
34146.21780683102; 8.35277944889757e-06
34186.25324349850; 8.32029650389315e-06
34227.07549737021; 8.27121832585435e-06
34248.80909625812; 8.24571978175529e-06
34289.63146540520; 8.20038321663365e-06
34307.68454309180; 8.17422541856348e-06
34355.54511997478; 8.12024389938982e-06
34395.58055679874; 8.10272493443969e-06
34422.07978334275; 8.08882964792606e-06
34451.09820170328; 8.06884893627486e-06
34491.13352319600; 8.03972351836492e-06
34524.67108939213; 7.99918013843550e-06
34564.70641097801; 7.97835633156539e-06
34583.54651964459; 7.98224148147685e-06
34623.58184122296; 7.93011802229570e-06
34671.44241810590; 7.82597763625157e-06
34686.13782568277; 7.80725146944498e-06
34730.31791294363; 7.76675604167887e-06
34770.35334977505; 7.74420284516681e-06
34798.87607567759; 7.72827001092648e-06
34838.91139729322; 7.71644817948592e-06
34886.77197430281; 7.68322622744444e-06
34904.82516720144; 7.67206557413954e-06
34945.64742101733; 7.65388431939175e-06
34965.35752034935; 7.64001311033524e-06
35008.20338898154; 7.62507025875794e-06
35048.23871056735; 7.59547177194492e-06
35074.11704367026; 7.56828772430418e-06
35114.15248038247; 7.53015717679223e-06
35148.80646911637; 7.50153704523125e-06
35180.68702854218; 7.46236793512388e-06
35220.72246536241; 7.43417730330704e-06
35243.24301308766; 7.42402016232511e-06
35283.27833452447; 7.39722777265675e-06
35324.10070366783; 7.36630321721052e-06
35342.15376480670; 7.35420612751380e-06
35390.01434180888; 7.33084891687161e-06
35430.04977855460; 7.26552813583956e-06
35456.54902160539; 7.22636058866458e-06
35496.58434321729; 7.18511146763339e-06
35525.60276158155; 7.16690160277922e-06
35559.14031121877; 7.15068233815090e-06
35603.32039839029; 7.14769646803677e-06
35618.01575790347; 7.13731862063470e-06
35665.87633490562; 7.12419234266002e-06
35705.91165649146; 7.11277756483975e-06
35724.75181319563; 7.09939072412738e-06
35764.78713465481; 7.06265029496214e-06
35804.82257148621; 7.02687202626416e-06
35827.96398119626; 7.00732366987069e-06
35879.18239158018; 6.95722148743791e-06
35919.21771307661; 6.94170062811345e-06
35941.73819624633; 6.92906196583306e-06
35974.73530996216; 6.90537329612656e-06
35999.82675873117; 6.85972720632514e-06
36040.64912788199; 6.85704492695753e-06
36080.68444934116; 6.87327137307558e-06
36109.20717537402; 6.83124017352731e-06
36143.24036937208; 6.75517570343113e-06
36183.27569095419; 6.67933616018904e-06
36209.77493398261; 6.64791957054325e-06
36255.97863592581; 6.62732904401983e-06
36275.68873531000; 6.62121021176083e-06
36321.89232208577; 6.60599814251776e-06
36361.92775888738; 6.59785568099182e-06
36384.44825848940; 6.60287513326354e-06
36422.46008058640; 6.60124481132959e-06
36459.13768405466; 6.58576417165947e-06
36491.01824347675; 6.56610735690820e-06
36531.84049727766; 6.53602686140780e-06
36558.04848380388; 6.50702006838723e-06
36597.75431516022; 6.47433947330538e-06
36637.78963677585; 6.46175275038480e-06
36660.31011994930; 6.44828802651603e-06
36700.34555662423; 6.42072675401817e-06
36733.34267034383; 6.40202995658401e-06
36759.22105145826; 6.39870599791035e-06
36799.25637303664; 6.36310536708315e-06
36839.29180983824; 6.32284592173376e-06
36865.79103632273; 6.31600427722647e-06
36913.65161329506; 6.29007106845060e-06
36953.68693490696; 6.22507285531496e-06
36969.16922673957; 6.19681707326033e-06
37009.20454823597; 6.15734912164655e-06
37035.08291279155; 6.14819734402356e-06
37075.11834959687; 6.15249472400930e-06
37115.15367117526; 6.14798925702002e-06
37141.65291426331; 6.14259757711917e-06
37177.70960763099; 6.13371857362102e-06
37217.74492924661; 6.10673152402212e-06
37250.41242091359; 6.08160267652029e-06
37285.06652487818; 6.06498600827906e-06
37316.32623886315; 6.04489620307185e-06
37350.98022747785; 6.01941833941638e-06
37391.01566430925; 5.99740211710436e-06
37416.89398086074; 5.97945218621636e-06
37456.92930241676; 5.95231854168224e-06
37496.96473915132; 5.94124753438775e-06
37526.27441403270; 5.92548348505690e-06
37566.30973559991; 5.90210364187606e-06
37592.51772218571; 5.88961018276803e-06
37632.22353693844; 5.87578944250458e-06
37666.87752560896; 5.85227361475254e-06
37694.77935821190; 5.81615152496781e-06
37727.77647193151; 5.76207759586144e-06
37765.78840926664; 5.72784125548558e-06
37793.69027322902; 5.71474742051859e-06
37828.34426188469; 5.70848007931467e-06
37868.37969873846; 5.67781870727278e-06
37908.08541485293; 5.66644658036355e-06
37948.12085171413; 5.73503719398126e-06
37988.15617316960; 5.70705659659370e-06
38003.63844844700; 5.68496284285674e-06
38043.67377006263; 5.62965070779274e-06
38069.55215117338; 5.60028854628083e-06
38109.58758788558; 5.56299733279609e-06
38149.62290950120; 5.55117475631298e-06
38183.94739139822; 5.53539944315931e-06
38215.53666284679; 5.51900715293296e-06
38250.19065155834; 5.50180130202671e-06
38282.85815969855; 5.48520280086226e-06
38322.89359655231; 5.45675941621065e-06
38345.41412770003; 5.44930612307512e-06
38385.44944930822; 5.44176659798456e-06
38425.48488607629; 5.43624663323569e-06
38451.36321912336; 5.42387409295509e-06
38491.39854073900; 5.36692998802552e-06
38524.39565440640; 5.30920102701789e-06
38560.74363585189; 5.28582591321095e-06
38598.75545784085; 5.29054949158077e-06
38638.79089468342; 5.28773686771735e-06
38661.31144241615; 5.28854956368815e-06
38701.34676399452; 5.28609736195625e-06
38727.22508054973; 5.28065126004015e-06
38760.22219416127; 5.25888308531335e-06
38800.25763098898; 5.24443498405493e-06
38822.77817870677; 5.23827967695355e-06
38862.81350032240; 5.22290329544472e-06
38902.84893700480; 5.20658526929408e-06
38942.55463656038; 5.19189410700911e-06
38977.20874054731; 5.16842246307519e-06
39010.20585426691; 5.15234633216241e-06
39038.10768686236; 5.14804930750240e-06
39076.11950884013; 5.13754330852990e-06
39104.02137289199; 5.12403879132812e-06
39138.67547684161; 5.10932704873190e-06
39178.71079845724; 5.10961734146587e-06
39218.41662976143; 5.07154691194058e-06
39251.41374338790; 5.01506156536720e-06
39277.62168196219; 4.99054170607929e-06
39317.32738152521; 4.96922824187696e-06
39357.36281838269; 4.96087106928664e-06
39379.88336599246; 4.95973936519908e-06
39419.91868757829; 4.95354787657963e-06
39459.95412440225; 4.93801503356985e-06
39485.83244095746; 4.94253382938824e-06
39518.82955468073; 4.94840401962224e-06
39558.86487618087; 4.93883878273093e-06
39593.18937462939; 4.92401206533091e-06
39633.22469621897; 4.90485342156764e-06
39673.26013306528; 4.87382419370720e-06
39695.78066412357; 4.85902459093280e-06
39735.81598570940; 4.84904458713112e-06
39754.65611095730; 4.84330849927110e-06
39794.69143254313; 4.82402242236476e-06
39834.72686936708; 4.80453482905421e-06
39869.05123595890; 4.79272709098136e-06
39897.28272203356; 4.77669850754992e-06
39937.31815886497; 4.76090420854447e-06
39975.00037545711; 4.76216877050642e-06
40004.63965567949; 4.73089052429347e-06
40030.51797223091; 4.69615093530440e-06
40070.55340909584; 4.66130069769935e-06
40110.58873067051; 4.64619276241771e-06
40136.46711178498; 4.63500437076016e-06
40176.50254848973; 4.63433196396902e-06
40213.18003671987; 4.64534529300053e-06
40245.84752842783; 4.64687467264487e-06
40285.88296524805; 4.63708272670390e-06
40312.09090382609; 4.62766015363718e-06
40351.79661979157; 4.57919117286500e-06
40386.45072377843; 4.59632055729357e-06
40414.35258782656; 4.60724483832661e-06
40452.36440992355; 4.56931939736955e-06
40492.39984662086; 4.51888994582974e-06
40513.26335611194; 4.49971162570570e-06
40547.91746006907; 4.48137745979979e-06
40587.95278168470; 4.46825043406483e-06
40627.65859643371; 4.44324339783414e-06
40667.69391798227; 4.43833620276167e-06
40707.72935479134; 4.43869412831541e-06
40730.24990250912; 4.44275297778759e-06
40770.28522409497; 4.42091761186424e-06
40789.12533272807; 4.38516303986314e-06
40829.16065424684; 4.33522640103314e-06
40863.81475821135; 4.30440690176747e-06
40903.52047434820; 4.30368756134994e-06
40929.72846092656; 4.31248211712020e-06
40969.76389763877; 4.31253732022385e-06
40999.07355596123; 4.31097636500945e-06
41039.10887756570; 4.30969429511626e-06
41064.98721061276; 4.31012940470155e-06
41105.02264748141; 4.29482858891629e-06
41145.05796893315; 4.28874597455109e-06
41170.93633349988; 4.29107473494843e-06
41210.97177036108; 4.28053618352772e-06
41251.00709193573; 4.26580838348975e-06
41278.29326720164; 4.25585326433139e-06
41318.32870402932; 4.24457930201336e-06
41346.56014209989; 4.22653620679812e-06
41380.88450880347; 4.21102956252355e-06
41420.91994554549; 4.21056508140647e-06
41446.79832659662; 4.20485770590634e-06
41486.83364818245; 4.19649518217274e-06
41526.86908504365; 4.19957953755446e-06
41542.35124507548; 4.18541349270378e-06
41582.38668183984; 4.12840389103328e-06
41622.42200339588; 4.08567935732031e-06
41662.12783475965; 4.08452510268666e-06
41696.78182349357; 4.09061860820500e-06
41736.81726032869; 4.09560153546616e-06
41762.69562472774; 4.09870422066027e-06
41795.69273845851; 4.10168309333718e-06
41823.59457105030; 4.09804053749401e-06
41858.24855979159; 4.07936299791439e-06
41898.28399650377; 4.06904837640470e-06
41937.98969606306; 4.05713219091571e-06
41964.19768264516; 4.04378944183148e-06
42004.23311947285; 4.02466149955735e-06
42036.90062772857; 4.01171538202094e-06
42073.57811583205; 4.00038733541596e-06
42099.45643238354; 3.98340161391211e-06
42139.49186918885; 3.97287587121256e-06
42174.14585790041; 3.96698627339729e-06
42205.40557187793; 3.95533799666184e-06
42240.05967574565; 3.94287300829855e-06
42280.09499733148; 3.94161013251934e-06
42312.76248902828; 3.93620334023971e-06
42352.79792585968; 3.87811576493352e-06
42375.64803098887; 3.84612342006565e-06
42415.35374706981; 3.83618255722629e-06
42455.38918390122; 3.83250045680636e-06
42481.26754843444; 3.83198829885627e-06
42521.30286998302; 3.83167842042228e-06
42554.29998362067; 3.83232039860760e-06
42576.82048334557; 3.83503249196550e-06
42616.85592019932; 3.82546358166012e-06
42656.89124177769; 3.82858484229474e-06
42691.21572359653; 3.82704166071594e-06
42731.25104520842; 3.81289318237733e-06
42771.28648203613; 3.79406834761653e-06
42790.12654004618; 3.78493792978048e-06
42830.16197687013; 3.77095686177714e-06
42856.04029327260; 3.75379578779193e-06
42892.71778147668; 3.73625811723243e-06
42932.75321833416; 3.70386883562825e-06
42972.45893444865; 3.72543885367844e-06
42998.66692102700; 3.75669203253238e-06
43038.70235773177; 3.73026008942678e-06
43071.36984943601; 3.69299352663477e-06
43106.02383817730; 3.63092590772741e-06
43131.90217128398; 3.58005080254550e-06
43171.93760804833; 3.55275106816536e-06
43211.97292961179; 3.55664253117980e-06
43234.49346071480; 3.56005493250045e-06
43274.52889757602; 3.56324409814052e-06
43314.56421910223; 3.56794745221756e-06
43347.23172729462; 3.57126968604459e-06
43387.26716412230; 3.55624596013415e-06
43421.92115286367; 3.54285552257076e-06
43449.82296891509; 3.53664519238038e-06
43487.83490611982; 3.52115875664372e-06
43515.73678672686; 3.51223880429733e-06
43550.39077546076; 3.50615726156006e-06
43583.38788912816; 3.50002476598246e-06
43611.28970517592; 3.49335951890701e-06
43649.30164242536; 3.47681364959363e-06
43689.33696400000; 3.46631828714098e-06
43729.04279539362; 3.46556214046899e-06
43765.72028359400; 3.45618365644502e-06
43805.75572029500; 3.45576225305043e-06
43824.59576175362; 3.45590977845073e-06
43864.63119857758; 3.41866821724869e-06
43890.50953168421; 3.38487886052865e-06
43930.54485329989; 3.34204286283101e-06
43967.22245659679; 3.33574985715847e-06
44004.90465667096; 3.34614320429935e-06
44044.94009352478; 3.34401132712210e-06
44067.79024672510; 3.34338866493701e-06
44100.45775497703; 3.34428736177722e-06
44140.49307644365; 3.34484846506851e-06
44166.37139299511; 3.34362887153249e-06
44206.40682981908; 3.32647015546139e-06
44246.44215143101; 3.32694127060435e-06
44268.96269910409; 3.32576362483992e-06
44308.99813583863; 3.31353655302324e-06
44341.99524956568; 3.29864918609629e-06
44376.31961625444; 3.28556981728958e-06
44416.35505311193; 3.27027526024451e-06
44456.39037457482; 3.25117704509055e-06
44482.26870768142; 3.23550986251460e-06
44522.30414450540; 3.23436257211581e-06
44544.82467568663; 3.24287755541746e-06
44577.82178935036; 3.23943759191490e-06
44617.85711090267; 3.19585962004464e-06
44657.56294222919; 3.16006605990581e-06
44683.77088081093; 3.15038701513057e-06
44723.80620238931; 3.14493764507240e-06
44763.51201710102; 3.14101731137392e-06
44798.16600581260; 3.15447983110372e-06
44819.02967855336; 3.16064131324561e-06
44859.06500013918; 3.15842537177896e-06
44893.71910409631; 3.15184015002445e-06
44924.97875341027; 3.14326605879421e-06
44959.63274213669; 3.13239198414181e-06
44999.66817896813; 3.11725578888204e-06
45039.37389505653; 3.09625599019036e-06
45072.37100866062; 3.09660538400779e-06
45095.22116185351; 3.09277604678305e-06
45134.92697668818; 3.07826449840761e-06
45174.96229830382; 3.06309184580853e-06
45200.84063137697; 3.05549261681445e-06
45240.87606808916; 3.05753787559798e-06
45280.91138969735; 3.04362708656850e-06
45303.43192087857; 3.01385354143936e-06
45336.42903460190; 2.98061617802027e-06
45374.44097185136; 2.96945521555258e-06
45410.78885452079; 2.96651567583925e-06
45450.82429137455; 2.96799348194375e-06
45490.85961295664; 2.97038952465758e-06
45516.73792950808; 2.97293765210144e-06
45556.77336622771; 2.96392630976151e-06
45572.25559084117; 2.96027120609791e-06
45612.29102767257; 2.96294422065392e-06
45652.32634928821; 2.95734913796656e-06
45690.00866460054; 2.94295809555752e-06
45718.24010255190; 2.93281937156130e-06
45758.27542410047; 2.92089897727246e-06
45792.59992261233; 2.91465711875240e-06
45825.59703633931; 2.90407025651590e-06
45851.47540078314; 2.89474358033425e-06
45891.51072236151; 2.89611106967132e-06
45928.18832580747; 2.89239763013366e-06
45954.06665891781; 2.89046750925277e-06
45994.10198052600; 2.88086626841412e-06
46034.13741723073; 2.84136189040298e-06
46066.80490893496; 2.80992776725930e-06
46106.84023049472; 2.79001688765945e-06
46129.69038368760; 2.75426069974751e-06
46169.39621495827; 2.81728268462470e-06
46207.40803704782; 2.86159850877093e-06
46235.30985309185; 2.83426961534433e-06
46269.96395704898; 2.79645872652757e-06
46309.99927866089; 2.76132733264270e-06
46335.87765964866; 2.75031280511635e-06
46368.87477337569; 2.74075827850794e-06
46408.91021019965; 2.72591566686381e-06
46445.25807640703; 2.72934192271194e-06
46485.29351308943; 2.72831794144171e-06
46523.30533517899; 2.71774750948121e-06
46551.20716778189; 2.70930263946277e-06
46585.86127176134; 2.69981352838650e-06
46610.08264605698; 2.69548742220420e-06
46646.76024938374; 2.69313454064251e-06
46684.77207151054; 2.68755169382845e-06
46724.47790286316; 2.68983808086675e-06
46747.32800805195; 2.66529291115300e-06
46787.36332967508; 2.61677886634892e-06
46827.06914432720; 2.59594083974508e-06
46860.06625805047; 2.59396002599024e-06
46885.94463916495; 2.59533690066904e-06
46925.97996074334; 2.59863212161156e-06
46966.01539748535; 2.58849632158042e-06
46988.53588065505; 2.58986553477097e-06
47028.57120224461; 2.59721265861413e-06
47068.60663906485; 2.59315425391943e-06
47095.89281444626; 2.59311967725777e-06
47135.92813593895; 2.59209814192638e-06
47175.96357274055; 2.58732594660548e-06
47201.84193729608; 2.58422893583279e-06
47241.87725887445; 2.56794170100512e-06
47264.39775853603; 2.56178968697027e-06
47304.43319533766; 2.56193612636503e-06
47344.46851692351; 2.54990092060708e-06
47363.30867359044; 2.54311261284981e-06
47403.34399520607; 2.53253717630491e-06
47443.37943191826; 2.52321505955720e-06
47483.08514805883; 2.52502721956383e-06
47517.73925201596; 2.51027962057423e-06
47557.77457356080; 2.47647853990658e-06
47580.29505673425; 2.45963932846345e-06
47613.29217033835; 2.44444973220834e-06
47639.17055145279; 2.43868663083146e-06
47679.20598830654; 2.43945421636086e-06
47719.24130989237; 2.44542300888249e-06
47758.94712458549; 2.45015550686150e-06
47798.98244619000; 2.44178794482191e-06
47825.97731706502; 2.44477837513560e-06
47854.50005963814; 2.44883108237554e-06
47894.53549640249; 2.44187270166122e-06
47920.41386087612; 2.43361283796056e-06
47960.44918246569; 2.42101952491955e-06
47995.10328643772; 2.41360349683158e-06
48023.00511903316; 2.40779391317525e-06
48061.01694107799; 2.39306464612340e-06
48103.86280962080; 2.38103445252236e-06
48130.36203615368; 2.38364993176946e-06
48170.39735776931; 2.38073553762987e-06
48210.43279460074; 2.37971043145628e-06
48236.31117559223; 2.36612501350194e-06
48276.34649714825; 2.33161871159273e-06
48298.86698032168; 2.31487623228320e-06
48338.90241716804; 2.30444925326370e-06
48378.93773863465; 2.29654778594375e-06
48406.22391401604; 2.31174202649948e-06
48437.81323346870; 2.32014538336010e-06
48485.67381047827; 2.31750328713553e-06
48512.17303701492; 2.31220729582681e-06
48552.20847372340; 2.30543131851146e-06
48592.24379534276; 2.29772317047610e-06
48607.72608717160; 2.29385926766880e-06
48647.76140872762; 2.27305702533059e-06
48673.63977328315; 2.26757282206122e-06
48713.67521002887; 2.27052331369087e-06
48761.53578702733; 2.25902975171941e-06
48788.03503012285; 2.25229060838391e-06
48828.07035169750; 2.24524016835889e-06
48860.44655531644; 2.23897634724571e-06
48886.94578186421; 2.23945205622740e-06
48926.98121868816; 2.23733963476345e-06
48949.50176641342; 2.22493867802132e-06
48989.53708796950; 2.19331578688633e-06
49029.57252471152; 2.16486870777606e-06
49055.45084126292; 2.15670397331025e-06
49095.48616284132; 2.15781084063396e-06
49136.30853199957; 2.16224716724833e-06
49164.83127442002; 2.16258835498192e-06
49204.86659603566; 2.15640494737446e-06
49242.87853337452; 2.15108813043656e-06
49270.78039742259; 2.15923460882730e-06
49305.43438616022; 2.16497675355668e-06
49336.69405202197; 2.16342134837186e-06
49371.34815595673; 2.16194337135011e-06
49417.55174269155; 2.15634709911917e-06
49444.05096923557; 2.15083289982789e-06
49480.10771066694; 2.14249325386762e-06
49518.11953270061; 2.12654754370303e-06
49546.64227528499; 2.09267373446175e-06
49586.67771210895; 2.10754166276026e-06
49612.55602866411; 2.13906862200550e-06
49645.55314232780; 2.13255966086405e-06
49693.41371927410; 2.09286626587418e-06
49708.10901160538; 2.08546043010375e-06
49755.96958855541; 2.05465346808750e-06
49788.96670221536; 2.00943721097800e-06
49822.50425183028; 1.99819477442119e-06
49862.53957341611; 2.00618959892134e-06
49894.91577715428; 2.01047663659060e-06
49921.41502024975; 2.01133533869974e-06
49961.45045695451; 2.01475861103827e-06
49983.97098812459; 2.01666055257058e-06
50024.00630974027; 2.01840077777953e-06
50064.82867883147; 2.01583664740238e-06
50089.92007964478; 2.00665257810003e-06
50130.74233339353; 2.00923487300402e-06
50170.77777026221; 2.00587008702169e-06
50197.27699679883; 1.99886375920083e-06
50237.31231837720; 1.99049205468314e-06
50278.13468743488; 1.98366528312760e-06
50299.86830281095; 1.97906725097319e-06
50344.04839010162; 1.96980637559933e-06
50365.78194097801; 1.96270362103941e-06
50406.60431011024; 1.97675023370185e-06
50446.63963153213; 1.96314005733695e-06
50478.52020752426; 1.93585638594035e-06
50512.55344950406; 1.90867032831920e-06
50545.55056322366; 1.90196544966220e-06
50581.11149705204; 1.90065243784215e-06
50615.76560094205; 1.90480927398815e-06
50639.98694381863; 1.90376259568070e-06
50680.02238065004; 1.90487242192924e-06
50727.88295765965; 1.92124474675041e-06
50742.57823337615; 1.91916238512715e-06
50783.40060243755; 1.91054633986527e-06
50823.43592399357; 1.90301796508888e-06
50856.97349021584; 1.89838669937197e-06
50889.97060393916; 1.89642063650670e-06
50937.83118082210; 1.88302878267320e-06
50955.88424195346; 1.87705142107558e-06
51003.74481897059; 1.87792649264413e-06
51018.44022651386; 1.87646160860319e-06
51062.62031367794; 1.87412800048507e-06
51099.29791712391; 1.87200512894909e-06
51125.17623367534; 1.85538771277675e-06
51165.21155523509; 1.82395928093948e-06
51205.24699208885; 1.80743101657314e-06
51231.74623506890; 1.79631690119220e-06
51272.56848892942; 1.80393897436466e-06
51312.60392578691; 1.81916558757347e-06
51338.48229032008; 1.82056300739651e-06
51378.51761186866; 1.81925963326316e-06
51393.21297135948; 1.81881270828745e-06
51441.07354836169; 1.81945849562894e-06
51481.10886998478; 1.81630845457995e-06
51507.60809651016; 1.81123448257757e-06
51547.64353319256; 1.79554420450840e-06
51580.01978493483; 1.79831578865253e-06
51613.55723588917; 1.79611187463503e-06
51654.37960503997; 1.78614280514149e-06
51669.07483278211; 1.78161567560328e-06
51716.93540966509; 1.77475350971433e-06
51756.97084649654; 1.78263527191260e-06
51781.19223738086; 1.77849549675913e-06
51815.84634133054; 1.74118296840924e-06
51855.88166282699; 1.71944304192799e-06
51884.40438878910; 1.72151716095699e-06
51935.62279918787; 1.72180785624795e-06
51972.30040266365; 1.72486790510392e-06
51998.17873576659; 1.73048408732113e-06
52038.21405723321; 1.73803275706155e-06
52057.05421390386; 1.73989782987065e-06
52097.08953551576; 1.73824645879586e-06
52137.12497234344; 1.72975739317778e-06
52160.26638204604; 1.73186868654286e-06
52199.68079355359; 1.73177037776694e-06
52234.33489747347; 1.72472278915929e-06
52266.21545689554; 1.71508620659558e-06
52307.03771076353; 1.70645125283871e-06
52347.07314749807; 1.70170236174193e-06
52372.95152861623; 1.69873313032777e-06
52412.98685020207; 1.68744725786644e-06
52435.50733336805; 1.69051789020549e-06
52475.54277013246; 1.68565833316810e-06
52515.57809169593; 1.65095330376058e-06
52542.07733477651; 1.63333165941752e-06
52582.89970389379; 1.62507370178368e-06
52614.48902332410; 1.62603836162571e-06
52648.81338988620; 1.62877802361236e-06
52688.84882675113; 1.62403532082287e-06
52714.72715985402; 1.60681658242410e-06
52751.40464805441; 1.62568126328676e-06
52791.44008487836; 1.64352684979765e-06
52810.28012622148; 1.63952116984968e-06
52850.31556304171; 1.62652481940545e-06
52890.35088466106; 1.61938169920812e-06
52930.05671602114; 1.61472981065996e-06
52964.71070457622; 1.61201759350607e-06
53004.74614143370; 1.59804872575209e-06
53030.62445798518; 1.59383014822862e-06
53060.26373832671; 1.59889081867039e-06
53091.52345231175; 1.59961255168477e-06
53126.17744093391; 1.59453483888351e-06
53166.21287772807; 1.59583728381297e-06
53198.09343714266; 1.58811621100340e-06
53232.12651589513; 1.56246409027625e-06
53272.16195266694; 1.54334618894598e-06
53301.47162747385; 1.53168232778830e-06
53341.50694903732; 1.54056109995122e-06
53381.54238588365; 1.55526281621888e-06
53407.42075044660; 1.55581112858930e-06
53442.07473903895; 1.55664578640155e-06
53469.97657163067; 1.55589093964711e-06
53507.98850897331; 1.55603019752486e-06
53548.02383058148; 1.55400878191206e-06
53577.33348885177; 1.54819500612590e-06
53617.36892560495; 1.53332738474489e-06
53643.57691219450; 1.53699844301608e-06
53683.28262833136; 1.53710885818638e-06
53723.31806513295; 1.52629587881851e-06
53749.19638157260; 1.52120358655749e-06
53789.23170318455; 1.51557406769435e-06
53818.87098348141; 1.52139709042830e-06
53844.74936459958; 1.52465477722226e-06
53884.78480143099; 1.49909052936826e-06
53924.82012291996; 1.46776234379524e-06
53959.14460485429; 1.46628116746243e-06
53999.17992646246; 1.46858877085053e-06
54039.21536326408; 1.47172187057982e-06
54058.05537323653; 1.47466500266445e-06
54098.09080997852; 1.47774096210815e-06
54120.61134114859; 1.47988918279704e-06
54160.64666273446; 1.48150511885677e-06
54200.68209959568; 1.46908347333456e-06
54240.38781558351; 1.46919909610844e-06
54266.59575415775; 1.47240541413059e-06
54306.63119098917; 1.46264630632100e-06
54335.94084930423; 1.45655245652363e-06
54373.95267137513; 1.45180233452384e-06
54401.85455191506; 1.45054303420679e-06
54436.50865583495; 1.44988574449980e-06
54476.54397742077; 1.44674102838129e-06
54502.42229397593; 1.44494159282930e-06
54542.45773071797; 1.44486388689979e-06
54582.49305229264; 1.41136041515444e-06
54615.16056055945; 1.37470319715259e-06
54651.83816398680; 1.38874865143395e-06
54689.84998611358; 1.39417869179305e-06
54717.75185004623; 1.39031146150649e-06
54752.40595396607; 1.39315313983500e-06
54783.66561995447; 1.39147972438434e-06
54818.31960865857; 1.40120189672614e-06
54851.31672227383; 1.43006397402517e-06
54879.21858631074; 1.44129144343462e-06
54913.87269029767; 1.44310546944766e-06
54953.90801187605; 1.44167331992224e-06
54993.61384323984; 1.43979064562408e-06
55033.64916473627; 1.43536130700293e-06
55073.68460155650; 1.43150953049886e-06
55092.52459500727; 1.42258231592193e-06
55132.56003180517; 1.41900059870758e-06
55155.08057953787; 1.42294248070645e-06
55195.11590099710; 1.42112713926935e-06
55235.15133785831; 1.41567664033338e-06
55269.47570454328; 1.42374957333698e-06
55309.51114137469; 1.41294377070382e-06
55335.71907982602; 1.38977071725842e-06
55368.38658808546; 1.36196608602312e-06
55408.42190969364; 1.34467815504646e-06
55430.94244087116; 1.34849998828065e-06
55470.97787764668; 1.36492497753917e-06
55511.01319912823; 1.36690283186797e-06
55536.89153223483; 1.36625635620535e-06
55576.92696909611; 1.36539008543076e-06
55609.92408282310; 1.36716135635858e-06
55649.62978225944; 1.36759516291696e-06
55684.28388622402; 1.36535926042866e-06
55724.31920782474; 1.35313933886135e-06
55750.19758894296; 1.35786900618073e-06
55786.87519238888; 1.36072035696378e-06
55812.75350882113; 1.35637715118202e-06
55845.75062251838; 1.34895087241763e-06
55885.78594409675; 1.34167317730933e-06
55925.49177547920; 1.33696102632986e-06
55951.69976206495; 1.33552595802944e-06
55988.37725014614; 1.33045320474074e-06
56028.08306495100; 1.32323059610333e-06
56066.09488707781; 1.34314196924403e-06
56095.73416741568; 1.32662482475127e-06
56126.99383327735; 1.30199898944072e-06
56161.64793722704; 1.28182555656300e-06
56189.54980127883; 1.27926368537329e-06
56227.56162334236; 1.28498649577664e-06
56267.59706014396; 1.29138275263883e-06
56303.94494281335; 1.28971816997398e-06
56336.94205652922; 1.29218960777694e-06
56363.14999510349; 1.30300194981336e-06
56402.85580991210; 1.30682341464764e-06
56442.89113140108; 1.30203570196612e-06
56468.76951251923; 1.30083577809291e-06
56505.44711596520; 1.29781453734179e-06
56545.48243757337; 1.29335899968251e-06
56571.36075412479; 1.29020898767521e-06
56604.35786767302; 1.28082521016277e-06
56644.39330453424; 1.27103313702023e-06
56678.71768777071; 1.27519524255241e-06
56718.75312463937; 1.25446914807409e-06
56758.78844608736; 1.27374922193889e-06
56784.66681065413; 1.27811059971262e-06
56824.70224748553; 1.24619652094537e-06
56840.18442409856; 1.22403004437994e-06
56880.21986093002; 1.20520763966660e-06
56920.25518241899; 1.19545427714520e-06
56954.57966433091; 1.20012355402049e-06
56986.16898377984; 1.21307925665152e-06
57026.20430536567; 1.21510317544149e-06
57060.52880381421; 1.21835645390705e-06
57093.52591748166; 1.22211584302871e-06
57133.56123906748; 1.22207535423939e-06
57156.08172224088; 1.22171922828450e-06
57196.11715905369; 1.22182611588231e-06
57221.99554011223; 1.21254433301932e-06
57262.03086166832; 1.20797497599641e-06
57302.06629846247; 1.21450482266089e-06
57331.37595678121; 1.21078658210528e-06
57371.41127835959; 1.20357560282977e-06
57397.61921681465; 1.19880485520058e-06
57437.32504820824; 1.19442476272556e-06
57471.97903691974; 1.19928830191849e-06
57503.23873434959; 1.19959937630348e-06
57537.89283818754; 1.16744733933739e-06
57577.92815979943; 1.14366177328748e-06
57598.79178450630; 1.14229058312724e-06
57633.44577324018; 1.14334061718817e-06
57673.48121004181; 1.14247708533346e-06
57713.18690948559; 1.14573708692797e-06
57753.22234634309; 1.15024944449494e-06
57793.25766793264; 1.15360306187204e-06
57819.13604903595; 1.15504863149339e-06
57859.17148574817; 1.14819367990136e-06
57874.65364581343; 1.15067701359035e-06
57914.68908264117; 1.15916208128168e-06
57949.34307138619; 1.15603634405184e-06
57989.04890273508; 1.14932450945159e-06
58015.25688922407; 1.14476393333199e-06
58055.29221075028; 1.13827536375720e-06
58094.99802558869; 1.13435148625082e-06
58127.99513930829; 1.13220368423425e-06
58150.51563902947; 1.12280828424107e-06
58190.55096050352; 1.12501546622660e-06
58230.58639732747; 1.14351522683747e-06
58256.46476188301; 1.13267009206415e-06
58296.50008349863; 1.09769394097819e-06
58336.53552020344; 1.07940136086364e-06
58363.82169558854; 1.07866608577811e-06
58403.85701714084; 1.08446249530524e-06
58432.08845524120; 1.08950273819050e-06
58466.41293716055; 1.08601957166155e-06
58506.44825863090; 1.09395850666064e-06
58532.32663974540; 1.10215969725106e-06
58572.36207656936; 1.10047250206621e-06
58612.39739818498; 1.09556383808069e-06
58631.23750685156; 1.09407238184841e-06
58667.91499495134; 1.09097759410113e-06
58707.95043178648; 1.08840982425365e-06
58747.65614787119; 1.08624816113961e-06
58785.66808523609; 1.07316509654089e-06
58822.34557332098; 1.07743361022541e-06
58848.22393787651; 1.07908505296876e-06
58881.22105159611; 1.07301469228939e-06
58909.12288419156; 1.07363687553418e-06
58947.13482153420; 1.07072630893099e-06
58987.17014303060; 1.04367235176084e-06
59023.51812444624; 1.02312421893547e-06
59063.55344606933; 1.01299623133828e-06
59089.76143264026; 1.00755136941966e-06
59122.42894072089; 1.01989918951596e-06
59162.46437758210; 1.02820459832906e-06
59184.98486074807; 1.00422537499569e-06
59225.02018232647; 1.03230230619778e-06
59263.03211970626; 1.05671343556781e-06
59290.93400014563; 1.03866122118292e-06
59325.58798888697; 1.01941504920807e-06
59365.62342571838; 1.00945879684779e-06
59398.29091741890; 9.96562279347340e-07
59438.32623891161; 1.00196446720225e-06
59478.36167571693; 1.00720116473009e-06
59504.24000882730; 1.00362440593685e-06
59540.91749701274; 9.97262723239355e-07
59566.79586157949; 9.93853535927780e-07
59606.83129831405; 9.98687430168705e-07
59639.82841200757; 1.00162135235652e-06
59674.15279527752; 9.78822670461890e-07
59705.74206672609; 9.54391317475039e-07
59742.41967010500; 9.48699330797930e-07
59780.10187014936; 9.57152176602465e-07
59820.13730695098; 9.56711554787606e-07
59860.17262852936; 9.58929603691460e-07
59875.65496840329; 9.61910211446720e-07
59915.69028986245; 9.64068707112965e-07
59941.56860641389; 9.65330430986440e-07
59981.60404327507; 9.66916588521196e-07
60021.63936486100; 9.57478291472570e-07
60057.98736272006; 9.62358369016935e-07
60095.99918483567; 9.65837741928510e-07
60124.23067090288; 9.61876310658849e-07
60156.89816261084; 9.56316440065029e-07
60191.55226653440; 9.53957356229141e-07
60217.43059958146; 9.52673445187300e-07
60257.46592110023; 9.51017057156425e-07
60297.50135796889; 9.56198698283705e-07
60320.02188914268; 9.54086899607560e-07
60360.05721072107; 9.37650301974540e-07
60400.09264742954; 9.18003610679811e-07
60432.76015568152; 9.04125040215729e-07
60472.79547729716; 9.02114684628375e-07
60507.44958125056; 9.08261584570855e-07
60538.70923059435; 9.12953838310985e-07
60573.36321923135; 9.20052442108530e-07
60601.26509983839; 9.24192410492300e-07
60639.27703721078; 9.16042685770855e-07
60668.91631754487; 9.18818917086400e-07
60708.62201698868; 9.27570978305601e-07
60734.82995556295; 9.25671353618030e-07
60774.86539238691; 9.19905523817375e-07
60814.57110853492; 9.16510215331480e-07
60854.60654524712; 9.13814093222215e-07
60894.64186685531; 9.10793214461215e-07
60910.12419011445; 9.10053517813280e-07
60950.15951170029; 8.95312319664180e-07
60976.03784480318; 8.94137845123475e-07
61016.07328153771; 9.13055104823485e-07
61056.10860312358; 9.02753370492261e-07
61090.43308506160; 8.71825614076125e-07
61130.46840666976; 8.56082921549160e-07
61156.67639325187; 8.55229648255045e-07
61185.98606799914; 8.59390871159020e-07
61226.02150483055; 8.65550771309240e-07
61251.89982138202; 8.60218015832465e-07
61291.93514294179; 8.64042363076475e-07
61331.97057966888; 8.78119910024434e-07
61357.84896078704; 8.78057691439900e-07
61394.52644897997; 8.73423230355920e-07
61427.52356270701; 8.69220130419800e-07
61465.20587802678; 8.66545590884595e-07
61501.88336613031; 8.64419749513070e-07
61541.91880296172; 8.65083244582294e-07
61567.79713606833; 8.54976524670365e-07
61607.83245769140; 8.52606881070245e-07
61633.71082217993; 8.56899152795740e-07
61666.70793578772; 8.52395503990586e-07
61703.38553925604; 8.52249776136840e-07
61743.09125540032; 8.51242420399815e-07
61769.29919395226; 8.34306690605335e-07
61809.33463065698; 8.09221471590755e-07
61849.04033024608; 8.03373879242740e-07
61883.69443419949; 7.97693146253519e-07
61916.69154793023; 8.02960969490309e-07
61944.59342846648; 8.14739889689221e-07
61982.60525053368; 8.21743193154605e-07
62010.50706652176; 8.20093671512370e-07
62045.16117049752; 8.18285666419600e-07
62085.19649208334; 8.20763252966135e-07
62124.90232335401; 8.22226811394105e-07
62157.89943707734; 8.22377331797304e-07
62191.14563151450; 8.12700041904080e-07
62220.45528983325; 8.05595060775820e-07
62260.49072665718; 8.13855640929916e-07
62286.36905964465; 8.14345620988985e-07
62326.40438126027; 8.06650492371155e-07
62361.05848518016; 8.02476352850615e-07
62392.31818261741; 8.00197006281920e-07
62421.95746295901; 8.00215461811090e-07
62459.96928492936; 8.12496187732080e-07
62499.67511632294; 7.97150455527395e-07
62539.71043790878; 7.62539018577795e-07
62576.38804134355; 7.58895462980491e-07
62602.26635777949; 7.60747241611275e-07
62642.30167939884; 7.60820457187330e-07
62661.14185261352; 7.63184321477616e-07
62701.17717422915; 7.65919695234900e-07
62741.21261097120; 7.68362545154445e-07
62775.53697759286; 7.68758782897471e-07
62803.76841566712; 7.27682630223684e-07
62843.80385251718; 7.47284618301070e-07
62878.12823576854; 7.85638979055960e-07
62918.16367246585; 7.76929007554730e-07
62937.00371392818; 7.66332752670155e-07
62977.03915074842; 7.47831894968439e-07
63017.07447236033; 7.38220637174876e-07
63039.59497208895; 7.35004525741475e-07
63079.63040876387; 7.37148392961940e-07
63119.66573034225; 7.41610031522800e-07
63152.33322204649; 7.36284008455970e-07
63192.36865890770; 7.46619778095430e-07
63227.02264755220; 7.60674851421585e-07
63258.28236148509; 7.54114192920284e-07
63292.93646543473; 7.25074820340570e-07
63320.83828147504; 7.09003023142297e-07
63355.49227021630; 7.01800689194730e-07
63395.52770692857; 7.06908579107683e-07
63421.40608800576; 7.10928687652465e-07
63454.40320173280; 7.09453470255065e-07
63502.26377873494; 7.19336704906034e-07
63534.14433808997; 7.28658188496020e-07
63574.17965961993; 7.25778685064725e-07
63608.83376356588; 7.22446963743590e-07
63636.73559616879; 7.20627328622355e-07
63674.74741828811; 7.18913594304095e-07
63695.61107439547; 7.19238746338900e-07
63735.64639594031; 7.20341162896405e-07
63770.30049990118; 7.09388247669350e-07
63810.00621597841; 7.06618529229716e-07
63850.04165283589; 7.14725728155165e-07
63879.06002307683; 7.12505174450290e-07
63912.59745746852; 7.14428004839860e-07
63945.59457118806; 7.10167575434950e-07
63971.47295230629; 6.93519741992265e-07
64011.50838901848; 6.69204343462817e-07
64051.54371062668; 6.63278991913065e-07
64074.06419379263; 6.65430403040209e-07
64114.09963063153; 6.63758349226920e-07
64158.27971790734; 6.82786323962440e-07
64181.42112743856; 6.86643898548522e-07
64221.45656429978; 6.86481659749525e-07
64261.49188588189; 6.86074727042154e-07
64287.37025043740; 6.86423650107135e-07
64327.40568721294; 6.85286584210236e-07
64353.28402026371; 6.84923774496675e-07
64393.31934186444; 6.80596285186975e-07
64429.99694531039; 6.72951461472735e-07
64462.66443701086; 6.80618698134580e-07
64488.87242353338; 6.83576164116754e-07
64536.73300045727; 6.75082559601910e-07
64568.61357641594; 6.70302942617705e-07
64603.26756512748; 6.79132754814875e-07
64643.30300186577; 6.70539241055775e-07
64669.18131841718; 6.52660745152008e-07
64702.17843210697; 6.35370184657055e-07
64724.69897983969; 6.25909477891693e-07
64764.73430144787; 6.30288265513930e-07
64812.59487833831; 6.46489526346565e-07
64844.47543775290; 6.47161926240487e-07
64884.51087454704; 6.46672428389908e-07
64911.50574541836; 6.48141197423735e-07
64940.02848799524; 6.48579915015370e-07
64980.06380946933; 6.50486354576167e-07
65005.94217401745; 6.50606573646724e-07
65045.97761087865; 6.39186101141082e-07
65086.79986474663; 6.43635195520940e-07
65111.89126555993; 6.49178533676650e-07
65152.71363456917; 6.44432846959945e-07
65192.74895617741; 6.36395643008855e-07
65219.24818271027; 6.33931357754118e-07
65255.92578613014; 6.34594842083144e-07
65295.96110759676; 6.47129745367120e-07
65321.83948870375; 6.52179923311730e-07
65361.87492556496; 6.22180603023458e-07
65387.75324212763; 6.07113248009517e-07
65427.78856363893; 6.06133562225132e-07
65468.61093269660; 6.10152511079562e-07
65495.11017578840; 6.13280824658601e-07
65531.16680203377; 6.19251223404298e-07
65571.20223886518; 6.23102760238557e-07
65597.70146525654; 6.24825070952228e-07
65637.73678683491; 6.27855023001396e-07
65678.55915598571; 6.18408680367013e-07
65696.61223366857; 6.15607360194010e-07
65744.47281067818; 6.25077521511320e-07
65759.16820158064; 6.24735148841790e-07
65810.38661194593; 6.09977482991045e-07
65850.42193355411; 6.08566750717847e-07
65873.56334326416; 6.10571361167174e-07
65913.59877997263; 6.11056455188192e-07
65945.97498371080; 6.10688116083890e-07
65972.47421022132; 6.07316705463177e-07
66012.50953180341; 6.07181096344876e-07
66035.03007952493; 6.18710551068974e-07
66075.06551626697; 6.11957283950319e-07
66119.24560352787; 5.75122960249080e-07
66140.97915440798; 5.69489560725170e-07
66181.80152351779; 5.69055478056813e-07
66221.83684508501; 5.75085793350090e-07
66253.71742098406; 5.78798595886993e-07
66293.75285780802; 5.76379281297218e-07
66341.61343478414; 5.79911647984295e-07
66356.30871053040; 5.84500376910043e-07
66397.13107956201; 5.89604590167649e-07
66422.22248037906; 5.72383793628484e-07
66463.04473426196; 5.79662545446218e-07
66503.08017107847; 5.90045612311560e-07
66529.57939755915; 5.83542306928228e-07
66568.99385713038; 5.75997731182734e-07
66603.64796108752; 5.69438326321660e-07
66632.17070367190; 5.63445930590808e-07
66672.99295756967; 5.70538428832720e-07
66713.02839425208; 5.73947299813414e-07
66738.90671080348; 5.69657069988690e-07
66778.94203238933; 5.74124106227849e-07
66804.82041349636; 5.75812594504542e-07
66844.85585035756; 5.55613031938515e-07
66874.49513054267; 5.36466339190269e-07
66908.03256497532; 5.31314915321498e-07
66948.06800180301; 5.20513939984318e-07
66992.24808909002; 5.38401452713800e-07
67006.94344863667; 5.42633363740816e-07
67054.80402548984; 5.44311758577962e-07
67072.85713462906; 5.43776866596222e-07
67113.67950377613; 5.45720042167835e-07
67153.71482535824; 5.48059277725420e-07
67176.23532495648; 5.48948466862959e-07
67216.27076178043; 5.48059326369266e-07
67256.30608340350; 5.37918386405408e-07
67282.80530993643; 5.36238914519660e-07
67330.66588681935; 5.45218060325492e-07
67363.66300054640; 5.42399555097905e-07
67391.56488115340; 5.39480628219118e-07
67429.57681845874; 5.39285503261163e-07
67457.47863449904; 5.46324591228627e-07
67492.13262309876; 5.42269828960835e-07
67532.16805994511; 5.21268312156610e-07
67564.04863591489; 5.02202410269235e-07
67604.08395749700; 4.96917968181953e-07
67631.07887636499; 5.07890785540768e-07
67666.63992538306; 5.11540195794083e-07
67710.82001267001; 5.15681062040891e-07
67725.51537221298; 5.17207905898760e-07
67773.37594918534; 5.22852394105467e-07
67813.41127065194; 5.24012404413875e-07
67839.28963520752; 5.30867632759740e-07
67872.28674893823; 5.40147998979255e-07
67912.32218579578; 5.32507494322720e-07
67945.85963674261; 5.33395347658392e-07
67986.68200574440; 5.31042639846513e-07
68026.71732735632; 5.23321900716385e-07
68049.23781052233; 5.21042413875718e-07
68089.27324735376; 5.20742067717118e-07
68108.11330536009; 5.22201402941729e-07
68148.14874203506; 5.31714916379555e-07
68188.18406362087; 5.14787559762115e-07
68214.68329016119; 4.89404799546165e-07
68250.73998364808; 4.78809039876152e-07
68290.77530510721; 4.84896656426397e-07
68325.09980360419; 4.86324283303122e-07
68358.09691732378; 4.85788819353605e-07
68398.13223892823; 4.88707373175330e-07
68424.01060343534; 4.93333113281457e-07
68464.04604019597; 4.97320531345448e-07
68489.92437328026; 4.98714941930755e-07
68526.60186147314; 4.89507986409465e-07
68566.63729834187; 4.94551465301296e-07
68593.13652474807; 5.00197561465405e-07
68639.34011150149; 4.95002884611605e-07
68665.54809808360; 4.90141221780256e-07
68705.25392943995; 4.83153156480067e-07
68739.90791818128; 4.83004166146227e-07
68767.80973410605; 4.84680519971729e-07
68805.82167143744; 4.86738106527457e-07
68845.85699304935; 4.85344873406202e-07
68866.72066573797; 4.88901854983070e-07
68901.37465444207; 4.75193389940414e-07
68941.41009118408; 4.54892729125422e-07
68981.11579074711; 4.34162928592029e-07
69021.15122757104; 4.46000409865110e-07
69061.18654918668; 4.60703682017096e-07
69083.70704878867; 4.63149643745190e-07
69123.74248562008; 4.62704868116313e-07
69142.58252707125; 4.55481364440365e-07
69182.61796390265; 4.54832553709473e-07
69222.65328533204; 4.63544217165115e-07
69249.15252842379; 4.63438504508575e-07
69285.20922191069; 4.58963819182295e-07
69323.22104400766; 4.55115838693385e-07
69362.92685884981; 4.54238005837612e-07
69392.56613903494; 4.56838873949733e-07
69432.60146063940; 4.57926177384421e-07
69458.47984175757; 4.47625314926505e-07
69498.51527858897; 4.46251876116440e-07
69524.39359514418; 4.54209411840360e-07
69564.42891662940; 4.53632401125552e-07
69601.10652005672; 4.58526738296505e-07
69631.75052881612; 4.52735760380052e-07
69671.78585039076; 4.29545629998005e-07
69700.01733643562; 4.19369224668656e-07
69734.34181830290; 4.19363483011223e-07
69774.37713988873; 4.19133627003656e-07
69800.25547299534; 4.19663344880357e-07
69840.29090982676; 4.37493318011040e-07
69880.32623131570; 4.46041040414621e-07
69895.80855460466; 4.47881561202333e-07
69935.84387615325; 4.47006038654432e-07
69975.87931301445; 4.45174807694375e-07
70015.58502901345; 4.48507871836010e-07
70050.23913299294; 4.51117042364268e-07
70090.27445457503; 4.42220050976292e-07
70116.15277113020; 4.36907228555841e-07
70149.14988485721; 4.44480013172930e-07
70177.05176533388; 4.48859122033743e-07
70211.70586929096; 4.48078086430671e-07
70251.74119089919; 4.44606635681953e-07
70291.44700567798; 4.51959362847222e-07
70317.65494425595; 4.52286898363199e-07
70357.69026575236; 4.32911345157408e-07
70390.35777397081; 4.15098996729914e-07
70427.03537745403; 4.01331143866721e-07
70467.07069903240; 4.12680735708113e-07
70492.94906346872; 4.21723549020847e-07
70527.60316742214; 4.23007895172613e-07
70558.86283340308; 4.23020737311644e-07
70593.51682214436; 4.27503176236983e-07
70633.55225896838; 4.30189590554832e-07
70666.21975053100; 4.33875304710895e-07
70706.25507210192; 4.35760040285543e-07
70746.29050896314; 4.25532987372443e-07
70768.81105669589; 4.28838663011916e-07
70808.84637815508; 4.39802610991067e-07
70834.72469471395; 4.39079118848742e-07
70874.76013153791; 4.32883789395403e-07
70907.75724525750; 4.28409579246995e-07
70930.27779298648; 4.25377162417162e-07
70970.31311448291; 4.22933934666385e-07
71010.34855127707; 4.23484372313213e-07
71044.67291796581; 4.26972130308271e-07
71084.70835483074; 4.17993259196078e-07
71124.74367628992; 4.02895277062907e-07
71143.58380153403; 3.93681423005768e-07
71183.61912311985; 3.85151038569182e-07
71206.13965429366; 3.84783679738085e-07
71246.17509112132; 3.87051077420021e-07
71286.21041262153; 3.79206074650688e-07
71325.91624397415; 3.70442458658162e-07
71360.57023271170; 4.06234243397606e-07
71392.15950410068; 4.01427411576538e-07
71424.82699580491; 3.95709150251040e-07
71459.48109967263; 3.91705753118528e-07
71499.51642125101; 3.85913990973752e-07
71525.39480236173; 3.83229463325608e-07
71562.07240580767; 3.82394727991872e-07
71587.95072235912; 3.81977532553839e-07
71627.98604385552; 3.85127358280213e-07
71668.02148067951; 3.86900615337331e-07
71700.68898894636; 3.78022997846477e-07
71740.72431049493; 3.84050340819881e-07
71775.37841435149; 3.88766449252949e-07
71803.28027840334; 3.91700155202520e-07
71841.29210049662; 3.87511634520547e-07
71869.19393309580; 3.70453085856254e-07
71903.84803698584; 3.51649845539943e-07
71936.84515065330; 3.48718471029884e-07
71976.55085024238; 3.57278017611273e-07
72002.75883682445; 3.54522417575648e-07
72042.79427365959; 3.60617510799451e-07
72079.14215629178; 3.73613170627725e-07
72119.17759309337; 3.77689568473716e-07
72159.21291466802; 3.76488705054362e-07
72178.05302336067; 3.77766809897872e-07
72218.08834494647; 3.80231169044752e-07
72243.96672594549; 3.80046485089160e-07
72280.64432938397; 3.79319930340735e-07
72320.67965099963; 3.69343229510187e-07
72358.36196631941; 3.70007858831916e-07
72398.39728780837; 3.79065717639588e-07
72421.24739299716; 3.77120933850931e-07
72453.91490125659; 3.71164850178103e-07
72493.95033805074; 3.66169991855622e-07
72519.82870261371; 3.65307719942932e-07
72559.86402408034; 3.72608565662561e-07
72599.89946093410; 3.78185411960358e-07
72622.41996065152; 3.63018617002354e-07
72662.45528223738; 3.30710569860296e-07
72695.45239590481; 3.29713534356055e-07
72735.15821065007; 3.35553144263371e-07
72769.81219939515; 3.38823104958468e-07
72809.84763618559; 3.42668811769327e-07
72835.72601730007; 3.45544490320147e-07
72875.76133876669; 3.48256014757538e-07
72898.28182193264; 3.48273631526565e-07
72931.27893566337; 3.49733678831985e-07
72971.31437251344; 3.40463031668933e-07
73011.02008850130; 3.51143991856021e-07
73037.22807508707; 3.55952765790702e-07
73077.26351191849; 3.53466461416547e-07
73116.96921150385; 3.49265205299665e-07
73151.62331546098; 3.47721265298271e-07
73184.62042903902; 3.46794128793713e-07
73212.52226163447; 3.46190458974049e-07
73247.17625033855; 3.46418242048371e-07
73278.43594777584; 3.35279457425587e-07
73313.09005175528; 3.39046820779867e-07
73353.12537322196; 3.59705660886668e-07
73392.83120458576; 3.42797973380323e-07
73425.82831830156; 3.14875582176322e-07
73455.71663137901; 3.06529121189951e-07
73488.38412302734; 3.06281556523331e-07
73528.41955979544; 3.11175925889915e-07
73554.29794087635; 3.14042700349211e-07
73594.33326246217; 3.07302123631201e-07
73634.36869925632; 3.12795232096788e-07
73656.88918236640; 3.21952469579677e-07
73689.88629609345; 3.28335541945460e-07
73729.92161767554; 3.26521732098158e-07
73764.24611615762; 3.24506740966133e-07
73804.28143766150; 3.24200772265645e-07
73844.31687448171; 3.24227758262885e-07
73870.19523903730; 3.25171355897067e-07
73910.23056059334; 3.17853842431497e-07
73925.71285245565; 3.15529941990104e-07
73965.74817392227; 3.23466631073560e-07
74005.78361077610; 3.27154510255216e-07
74040.10797746478; 3.24222142212230e-07
74071.69729691744; 3.20771142792324e-07
74111.73273374885; 3.27190000123759e-07
74146.05711690336; 3.22796705623212e-07
74179.05423062298; 3.02642074222785e-07
74219.08966745439; 2.85667519354385e-07
74241.61015062779; 2.80065465516839e-07
74281.64547204599; 2.89967967418391e-07
74307.52385316415; 3.00008301341038e-07
74347.55929002535; 3.00285169295683e-07
74387.59461160380; 2.99287897358160e-07
74420.26210331172; 2.68420557454998e-07
74460.29754002392; 2.97357544110305e-07
74494.95152875406; 3.20854780753155e-07
74522.85336134957; 3.08616810900171e-07
74560.86529869214; 2.86016629695083e-07
74588.76716267690; 2.84486238241785e-07
74623.42115136239; 2.92841025106601e-07
74663.45658816399; 2.91904061517965e-07
74689.33492126313; 2.90073607595098e-07
74722.33203498273; 2.89605480841093e-07
74762.36735644937; 2.89538465577017e-07
74798.71533787251; 2.95842883444244e-07
74838.75065948069; 3.01517613759686e-07
74878.78609631956; 2.72881835755152e-07
74904.66447730362; 2.63912723049826e-07
74939.31846604496; 2.66903799610129e-07
74960.18207419661; 2.68454428338591e-07
75000.21739578244; 2.67500583402890e-07
75038.22933312507; 2.70887304789164e-07
75077.93504911664; 2.75513000819751e-07
75114.61265259607; 2.81685907312222e-07
75140.82063916700; 2.85425635942942e-07
75180.52633873376; 2.82083080418852e-07
75213.52345245334; 2.79848604018747e-07
75253.55888916182; 2.89910113269273e-07
75279.43722227588; 2.91281512462814e-07
75316.11471049860; 2.88030427606177e-07
75341.99307505412; 2.86154625840434e-07
75382.02851179986; 2.85901887559986e-07
75422.06383332607; 2.82439409574838e-07
75449.35000870004; 2.82343599465722e-07
75489.38544555755; 2.80934013819162e-07
75529.42076713592; 2.71075439561740e-07
75555.29908356817; 2.82400123288082e-07
75595.33452039959; 2.97700027674422e-07
75617.85506813230; 2.88153783346111e-07
75657.89038974050; 2.57636090746780e-07
75697.92582642288; 2.43344037744752e-07
75730.59331812712; 2.44421249846643e-07
75756.80125670880; 2.46806377873621e-07
75796.83657827972; 2.52903217778890e-07
75833.18457628787; 2.47730858545704e-07
75871.19639825821; 2.54257264377797e-07
75911.23183509335; 2.63181506201810e-07
75933.75236626714; 2.64353152844351e-07
75966.74947998676; 2.62534021435144e-07
75998.00914596397; 2.60087061199587e-07
76032.66313458604; 2.59359085119059e-07
76072.69857138771; 2.58070758613965e-07
76112.40427094328; 2.60397185354612e-07
76152.43970780820; 2.50864892374947e-07
76175.28986094150; 2.49279445193762e-07
76207.95736913758; 2.59015258650780e-07
76247.99269072342; 2.61203033930719e-07
76282.64679467306; 2.57000287304799e-07
76313.90644409880; 2.57813387184366e-07
76348.56043272465; 2.64192455312886e-07
76376.46231331675; 2.56703473362784e-07
76414.47425065932; 2.38410490121485e-07
76454.50957221535; 2.25588279141407e-07
76483.81923046710; 2.19503450862185e-07
76523.85466726871; 2.30920545662782e-07
76563.88998885453; 2.42317910512562e-07
76589.76832196859; 2.43322384369221e-07
76629.80375878513; 2.45060237241266e-07
76652.32428984347; 2.46203931644891e-07
76688.76401227714; 2.46688923693172e-07
76708.65244879575; 2.48865286059267e-07
76722.50729063529; 2.49216425661717e-07
76737.30739512669; 2.48922652821212e-07
76757.19571627305; 2.48498469032996e-07
76774.73103130983; 2.46980917835144e-07
76794.61935258657; 2.45585674644110e-07
76814.50778912753; 2.45070651019279e-07
76823.27434683220; 2.44573984353275e-07
76843.16278334336; 2.44461035982831e-07
76855.60976635665; 2.44643429847016e-07
76875.49808765575; 2.49387925604595e-07
76895.38652417809; 2.56831367872602e-07
76914.94523989038; 2.38920774042923e-07
76932.81017687920; 2.18045018366832e-07
76947.61032941194; 2.12390396036828e-07
76961.46515469256; 2.13492668733380e-07
76981.35347590597; 2.18175387248706e-07
76993.80047541112; 2.21657500416468e-07
77013.68891192229; 2.26416267677162e-07
77033.57723323257; 2.30315636426616e-07
77046.02426424625; 2.31297221829880e-07
77065.91270063819; 2.32044726160036e-07
77085.80102194104; 2.33256381502294e-07
77101.67936327310; 2.34904258361517e-07
77121.56779975447; 2.36422684712727e-07
77139.43262141572; 2.37710612906486e-07
77153.90310392158; 2.37602291603704e-07
77171.76804096998; 2.35966202289446e-07
