Time, s; Heat flow, Watt
1177.80583049369; 3.12780319922817e-05
1267.29801516270; 3.13028447798260e-05
1356.79019983171; 3.05636201540290e-05
1446.28238450072; 3.01214851874245e-05
1535.77456916973; 2.99619852811363e-05
1625.26675383875; 2.99993982484703e-05
1714.75893850776; 3.33891138235796e-05
1804.25112317677; 3.57863098430783e-05
1893.74330784578; 3.60077376485016e-05
1983.23549251479; 3.70248182718393e-05
2072.72767718380; 3.85896661897331e-05
2162.21986185282; 3.89545038660835e-05
2251.71204652183; 3.92363541062887e-05
2341.20423119084; 3.92895474083334e-05
2430.69641585985; 3.94980550689521e-05
2520.18860052886; 3.85062858823572e-05
2609.68078519788; 3.83894871739012e-05
2699.17296986689; 3.85610397076772e-05
2788.66515453590; 3.88073407161332e-05
2878.15733920491; 3.89171576097473e-05
2967.64952387392; 3.91747029488943e-05
3057.14170854294; 3.92784133271942e-05
3146.63389321195; 3.94100072823469e-05
3236.12607788096; 3.95678637231953e-05
3325.61826254997; 3.96985185218948e-05
3415.11044721898; 4.00948675225400e-05
3504.60263188799; 3.99412173012233e-05
3594.09481655701; 4.02346923365755e-05
3683.58700122602; 4.03150417785200e-05
3773.07918589503; 4.06069154096564e-05
3862.57137056404; 4.04946704187991e-05
3952.06355523306; 4.06838113676780e-05
4041.55573990207; 4.08324373949969e-05
4131.04792457108; 4.09176930642392e-05
4220.54010924009; 4.11286518755541e-05
4310.03229390910; 4.11081616371497e-05
4399.52447857811; 4.13836775113878e-05
4489.01666324713; 4.14046216255494e-05
4578.50884791614; 4.15141978870474e-05
4668.00103258515; 4.15411426063838e-05
4757.49321725416; 4.17825770993396e-05
4846.98540192317; 4.17899056647724e-05
4936.47758659219; 4.19483811637474e-05
5025.96977126120; 4.20010889168693e-05
5115.46195593021; 4.20579662429021e-05
5204.95414059922; 4.21103740003675e-05
5294.44632526823; 4.20010249962648e-05
5383.93850993724; 4.22266521551793e-05
5473.43069460626; 4.21515197152253e-05
5562.92287927527; 4.23293141778929e-05
5652.41506394428; 4.23456101586616e-05
5741.90724861329; 4.23258883232374e-05
5831.39943328230; 4.24724598307974e-05
5920.89161795132; 4.22979016996769e-05
6010.38380262033; 4.26055850874438e-05
6099.87598728934; 4.25269111701975e-05
6189.36817195835; 4.24972796691893e-05
6278.86035662736; 4.24132873435023e-05
6368.35254129638; 4.25402500163382e-05
6457.84472596539; 4.24934845045023e-05
6547.33691063440; 4.23474648572427e-05
6636.82909530341; 4.23849660049953e-05
6726.32127997242; 4.23279255968563e-05
6815.81346464143; 4.24348814821584e-05
6905.30564931045; 4.22076592686943e-05
6994.79783397946; 4.21677174608375e-05
7084.29001864847; 4.20492002000770e-05
7173.78220331748; 4.19501108555310e-05
7263.27438798649; 4.18319697788556e-05
7352.76657265551; 4.17460853393688e-05
7442.25875732452; 4.16284840741349e-05
7531.75094199353; 4.15330226237007e-05
7621.24312666254; 4.14282115202205e-05
7710.73531133155; 4.12971445045044e-05
7800.22749600057; 4.11421207702973e-05
7889.71968066958; 4.09495733449387e-05
7979.21186533859; 4.08478158501107e-05
8068.70405000760; 4.06697216608197e-05
8158.19623467661; 4.05312152918223e-05
8247.68841934563; 4.03923302822069e-05
8337.18060401464; 4.02858378747895e-05
8426.67278868365; 4.02882463810745e-05
8516.16497335266; 4.01861010055262e-05
8605.65715802167; 4.02280461314972e-05
8695.14934269069; 4.01422252782960e-05
8784.64152735970; 4.00724042132565e-05
8874.13371202871; 3.99472092684713e-05
8963.62589669772; 3.98590565208957e-05
9053.11808136673; 3.97396014066687e-05
9142.61026603574; 3.96016051360593e-05
9232.10245070476; 3.94423583828072e-05
9321.59463537377; 3.93040076485001e-05
9411.08682004278; 3.92325758845955e-05
9500.57900471179; 3.90252364776914e-05
9590.07118938080; 3.89298538141856e-05
9679.56337404982; 3.87350467046493e-05
9769.05555871883; 3.86233786426076e-05
9858.54774338784; 3.84887524696069e-05
9948.03992805685; 3.82569846650426e-05
10037.53211272586; 3.81362100599644e-05
10127.02429739488; 3.79922087238963e-05
10216.51648206389; 3.78610297989316e-05
10306.00866673290; 3.75988505049708e-05
10395.50085140191; 3.75124858756959e-05
10484.99303607092; 3.73191583227886e-05
10574.48522073993; 3.71612620182558e-05
10663.97740540895; 3.69946304179489e-05
10753.46959007796; 3.67249879096979e-05
10842.96177474697; 3.66208156474013e-05
10932.45395941598; 3.63509884879709e-05
11021.94614408499; 3.63458917044811e-05
11111.43832875401; 3.59587848415234e-05
11200.93051342302; 3.58937113311877e-05
11290.42269809203; 3.55425376595241e-05
11379.91488276104; 3.54366911021748e-05
11469.40706743005; 3.52176255728083e-05
11558.89925209907; 3.49018397841210e-05
11648.39143676808; 3.48034439651524e-05
11737.88362143709; 3.45253164078794e-05
11827.37580610610; 3.46124461684250e-05
11916.86799077511; 3.40701245347832e-05
12006.36017544412; 3.39703709307972e-05
12095.85236011314; 3.36142205009223e-05
12185.34454478215; 3.35606161287482e-05
12274.83672945116; 3.33696572149870e-05
12364.32891412017; 3.30260322084960e-05
12453.82109878918; 3.30176921304917e-05
12543.31328345820; 3.25432713541365e-05
12632.80546812721; 3.26408670393251e-05
12722.29765279622; 3.20674202603895e-05
12811.78983746523; 3.18501176231679e-05
12901.28202213424; 3.17875003220359e-05
12990.77420680325; 3.15974728503524e-05
13080.26639147227; 3.13417775439679e-05
13169.75857614128; 3.10736825342170e-05
13259.25076081029; 3.09008183211611e-05
13348.74294547930; 3.07007905638199e-05
13438.23513014831; 3.03802600512797e-05
13527.72731481733; 2.99923256993661e-05
13617.21949948634; 2.97498764870249e-05
13706.71168415535; 2.97045275105271e-05
13796.20386882436; 2.96503519422771e-05
13885.69605349338; 2.92513388831360e-05
13975.18823816239; 2.88333717257803e-05
14064.68042283140; 2.88000953613487e-05
14154.17260750041; 2.86222658069331e-05
14243.66479216942; 2.81298522303486e-05
14333.15697683843; 2.80969710635806e-05
14422.64916150745; 2.77976569645553e-05
14512.14134617646; 2.76149529068966e-05
14601.63353084547; 2.74507012624800e-05
14691.12571551448; 2.71513609993768e-05
14780.61790018349; 2.67075321847205e-05
14870.11008485251; 2.66514301252378e-05
14959.60226952152; 2.65636485526314e-05
15049.09445419053; 2.62045572801421e-05
15138.58663885954; 2.59122373561583e-05
15228.07882352855; 2.55831609338200e-05
15317.57100819756; 2.55641790690248e-05
15407.06319286658; 2.54275116207338e-05
15496.55537753559; 2.51074662384438e-05
15586.04756220460; 2.46585030023508e-05
15675.53974687361; 2.44216255068815e-05
15765.03193154262; 2.48749786175503e-05
15854.52411621164; 2.39448408098230e-05
15944.01630088065; 2.39561795411334e-05
16033.50848554966; 2.35235536457226e-05
16123.00067021867; 2.39105442256612e-05
16212.49285488768; 2.31679230056848e-05
16301.98503955670; 2.31911562176222e-05
16391.47722422571; 2.29077452456525e-05
16480.96940889472; 2.25173541849480e-05
16570.46159356373; 2.29007038530529e-05
16659.95377823274; 2.21136281216215e-05
16749.44596290175; 2.19827855379127e-05
16838.93814757077; 2.16638957870946e-05
16928.43033223978; 2.20694846589496e-05
17017.92251690879; 2.13961958634030e-05
17107.41470157780; 2.10107940078872e-05
17196.90688624682; 2.10270865326913e-05
17286.39907091583; 2.06094408470615e-05
17375.89125558484; 2.10401423884127e-05
17465.38344025385; 2.02017897424900e-05
17554.87562492286; 2.01938826346760e-05
17644.36780959187; 1.97735859521293e-05
17733.85999426089; 2.03567292892011e-05
17823.35217892990; 1.93961185006770e-05
17912.84436359891; 1.91964537805766e-05
18002.33654826792; 1.92213972582570e-05
18091.82873293693; 1.88224344122888e-05
18181.32091760595; 1.93042071370102e-05
18270.81310227496; 1.84591705829485e-05
18360.30528694397; 1.86178669656098e-05
18449.79747161298; 1.79689808572636e-05
18539.28965628199; 1.83711393716017e-05
18628.78184095100; 1.79681112472042e-05
18718.27402562002; 1.75770268381123e-05
18807.76621028903; 1.76280110313059e-05
18897.25839495804; 1.77207993640183e-05
18986.75057962705; 1.74560851033969e-05
19076.24276429606; 1.69902052615860e-05
19165.73494896508; 1.70528742042506e-05
19255.22713363409; 1.67049015560905e-05
19344.71931830310; 1.70587812836485e-05
19434.21150297211; 1.66372140900186e-05
19523.70368764112; 1.62944822238407e-05
19613.19587231013; 1.63715902509118e-05
19702.68805697915; 1.66149176959963e-05
19792.18024164816; 1.61080039398182e-05
19881.67242631717; 1.57716946812728e-05
19971.16461098618; 1.56535092212634e-05
20060.65679565520; 1.56184918086497e-05
20150.14898032421; 1.58673810635022e-05
20239.64116499322; 1.54666185415816e-05
20329.13334966223; 1.52593792157868e-05
20418.62553433124; 1.52409989654584e-05
20508.11771900025; 1.54181769346003e-05
20597.60990366926; 1.49891865822079e-05
20687.10208833828; 1.46668763258770e-05
20776.59427300729; 1.45627515530565e-05
20866.08645767630; 1.51592258415907e-05
20955.57864234531; 1.44536348519061e-05
21045.07082701433; 1.44368535717017e-05
21134.56301168334; 1.41364080094362e-05
21224.05519635235; 1.42005295077866e-05
21313.54738102136; 1.43922536055597e-05
21403.03956569037; 1.37974017954887e-05
21492.53175035938; 1.38936128348137e-05
21582.02393502840; 1.36613899624156e-05
21671.51611969741; 1.43118371768320e-05
21761.00830436642; 1.33336741797616e-05
21850.50048903543; 1.35406942235663e-05
21939.99267370444; 1.32639212526925e-05
22029.48485837346; 1.33535096793367e-05
22118.97704304247; 1.35884077793208e-05
22208.46922771148; 1.30004485250149e-05
22297.96141238049; 1.31722837819335e-05
22387.45359704951; 1.28154421968985e-05
22476.94578171852; 1.34363952847616e-05
22566.43796638753; 1.26585650139316e-05
22655.93015105654; 1.27600913767407e-05
22745.42233572555; 1.25026447884923e-05
22834.91452039456; 1.24221575978751e-05
22924.40670506357; 1.31027242502877e-05
23013.89888973259; 1.22560728093301e-05
23103.39107440160; 1.23595049834568e-05
23192.88325907061; 1.21119070143036e-05
23282.37544373962; 1.27341812353243e-05
23371.86762840864; 1.19606904998430e-05
23461.35981307765; 1.19589196182110e-05
23550.85199774666; 1.18636160850423e-05
23640.34418241567; 1.24050236600445e-05
23729.83636708468; 1.19288136631200e-05
23819.32855175369; 1.17401403561002e-05
23908.82073642271; 1.17887118894958e-05
23998.31292109172; 1.15425486220825e-05
24087.80510576073; 1.21636294749350e-05
24177.29729042974; 1.14181905594687e-05
24266.78947509875; 1.15553738717101e-05
24356.28165976777; 1.16571190860443e-05
24445.77384443678; 1.19393177752312e-05
24535.26602910579; 1.15618600997276e-05
24624.75821377480; 1.13078934867685e-05
24714.25039844381; 1.14175254975261e-05
24803.74258311282; 1.10936394873815e-05
24893.23476778184; 1.15204158055337e-05
24982.72695245085; 1.08058256540869e-05
25072.21913711986; 1.06786379594888e-05
25161.71132178887; 1.08864465578948e-05
25251.20350645788; 1.11885980688690e-05
25340.69569112690; 1.07815916194582e-05
25430.18787579591; 1.05670812996384e-05
25519.68006046492; 1.06753486498225e-05
25609.17224513393; 1.10198493909352e-05
25698.66442980294; 1.04086508255693e-05
25788.15661447195; 1.05133773110087e-05
25877.64879914097; 1.03106313798132e-05
25967.14098380998; 1.04866637923025e-05
26056.63316847899; 1.09063219592497e-05
26146.12535314800; 1.04646147152532e-05
26235.61753781702; 1.04335511781998e-05
26325.10972248603; 1.03630619294590e-05
26414.60190715504; 1.05938515409173e-05
26504.09409182405; 1.00487442413605e-05
26593.58627649306; 1.01531082910587e-05
26683.07846116208; 9.93511688717383e-06
26772.57064583109; 9.95666152282595e-06
26862.06283050010; 1.03930771046527e-05
26951.55501516911; 9.95301175269567e-06
27041.04719983812; 9.74997749215744e-06
27130.53938450713; 9.76659326120658e-06
27220.03156917615; 1.05044055686347e-05
27309.52375384516; 9.81855000697887e-06
27399.01593851417; 9.93161933814326e-06
27488.50812318318; 9.73202978193610e-06
27578.00030785219; 9.88959432791218e-06
27667.49249252121; 1.01428202089775e-05
27756.98467719022; 9.76107574597633e-06
27846.47686185923; 9.57151445887023e-06
27935.96904652824; 9.52998307882870e-06
28025.46123119725; 1.01383047544251e-05
28114.95341586626; 9.44083872316370e-06
28204.44560053528; 9.32092601629993e-06
28293.93778520429; 9.10711371404433e-06
28383.42996987330; 9.59691989729468e-06
28472.92215454231; 9.02115650154615e-06
28562.41433921133; 8.98272781692327e-06
28651.90652388034; 9.08790150846302e-06
28741.39870854935; 8.90310109508023e-06
28830.89089321836; 9.53806953509930e-06
28920.38307788737; 8.83393595192183e-06
29009.87526255638; 8.93781650375573e-06
29099.36744722540; 8.76678396896130e-06
29188.85963189441; 9.36762291679460e-06
29278.35181656342; 8.69721723334530e-06
29367.84400123243; 8.65801494954846e-06
29457.33618590144; 8.75880474946849e-06
29546.82837057046; 8.62680954153725e-06
29636.32055523947; 9.16980808097780e-06
29725.81273990848; 8.50318536531044e-06
29815.30492457749; 8.60750076765214e-06
29904.79710924650; 8.43826409926479e-06
29994.28929391551; 8.88093351432380e-06
30083.78147858453; 8.41627650423552e-06
30173.27366325354; 8.37400421148911e-06
30262.76584792255; 8.43609935344214e-06
30352.25803259156; 8.27436453864609e-06
30441.75021726057; 8.85408939615667e-06
30531.24240192959; 8.27730352660195e-06
30620.73458659860; 8.30490314525304e-06
30710.22677126761; 8.13367476262694e-06
30799.71895593662; 8.60874961440396e-06
30889.21114060563; 8.21359829192101e-06
30978.70332527464; 8.05295183515321e-06
31068.19550994366; 8.14878419494011e-06
31157.68769461267; 8.45231916926525e-06
31247.17987928168; 8.08229755159009e-06
31336.67206395069; 7.92697094658025e-06
31426.16424861971; 7.89689370001672e-06
31515.65643328872; 8.02534300275442e-06
31605.14861795773; 8.29905163298274e-06
31694.64080262674; 7.92038952727982e-06
31784.13298729575; 7.69987180930939e-06
31873.62517196477; 7.88385201089016e-06
31963.11735663377; 8.19237729785389e-06
32052.60954130279; 7.83141508751381e-06
32142.10172597180; 7.71015616308654e-06
32231.59391064081; 7.65263739215883e-06
32321.08609530982; 7.75359663803628e-06
32410.57827997884; 8.05797699367338e-06
32500.07046464785; 7.69841853645882e-06
32589.56264931686; 7.54871291505103e-06
32679.05483398587; 7.63700878036418e-06
32768.54701865488; 8.03676339120245e-06
32858.03920332390; 7.46473901621908e-06
32947.53138799291; 7.56628422122043e-06
33037.02357266192; 7.42384380137122e-06
33126.51575733093; 7.97740360134585e-06
33216.00794199995; 7.38377643227417e-06
33305.50012666896; 7.49021269080169e-06
33394.99231133797; 7.27301812771069e-06
33484.48449600698; 7.46352762610833e-06
33573.97668067599; 7.73682258850422e-06
33663.46886534501; 7.26718821368063e-06
33752.96105001402; 7.35265415823835e-06
33842.45323468303; 7.21215752296931e-06
33931.94541935204; 7.76256997053784e-06
34021.43760402105; 7.16868863231034e-06
34110.92978869006; 7.28561624284060e-06
34200.42197335907; 7.11562254421018e-06
34289.91415802808; 7.09168270748951e-06
34379.40634269710; 7.63764846412331e-06
34468.89852736611; 7.04566500796071e-06
34558.39071203512; 7.13040463921172e-06
34647.88289670413; 6.99546100815989e-06
34737.37508137315; 7.51081294724343e-06
34826.86726604216; 6.90898475196825e-06
34916.35945071117; 7.00653108125784e-06
35005.85163538018; 6.94074536476059e-06
35095.34382004919; 6.78197093981090e-06
35184.83600471821; 7.37946436454913e-06
35274.32818938722; 6.81564623562625e-06
35363.82037405623; 6.93257411968707e-06
35453.31255872524; 6.77145619781192e-06
35542.80474339426; 7.29187491847318e-06
35632.29692806326; 6.72157085675483e-06
35721.78911273227; 6.69734252709815e-06
35811.28129740128; 6.77666589980730e-06
35900.77348207030; 7.07347988400903e-06
35990.26566673931; 6.74257624796831e-06
36079.75785140832; 6.63719592180461e-06
36169.25003607733; 6.70185046203394e-06
36258.74222074635; 6.57207086419277e-06
36348.23440541536; 7.03072752430121e-06
36437.72659008437; 6.29618993177523e-06
36527.21877475338; 6.35275281229482e-06
36616.71095942239; 6.41669862380436e-06
36706.20314409141; 6.62414059139668e-06
36795.69532876042; 6.36215964110444e-06
36885.18751342943; 6.24720995334003e-06
36974.67969809844; 6.34414200270045e-06
37064.17188276746; 6.23013137212118e-06
37153.66406743647; 6.59708137710424e-06
37243.15625210548; 6.35222953083915e-06
37332.64843677449; 6.18762699050988e-06
37422.14062144350; 6.24981240754630e-06
37511.63280611252; 6.51596383280722e-06
37601.12499078153; 6.21742068630664e-06
37690.61717545053; 6.09354046151805e-06
37780.10936011955; 6.17241114871811e-06
37869.60154478856; 6.43531311359489e-06
37959.09372945757; 6.04061797467089e-06
38048.58591412658; 6.15089418922784e-06
38138.07809879559; 6.01503211545119e-06
38227.57028346461; 6.09775308303303e-06
38317.06246813362; 6.35829793289246e-06
38406.55465280263; 5.99707804736645e-06
38496.04683747164; 5.94651229922918e-06
38585.53902214066; 5.93345418226427e-06
38675.03120680967; 6.41366654212583e-06
38764.52339147868; 5.89421146831494e-06
38854.01557614769; 5.97005014522937e-06
38943.50776081670; 5.85797060164841e-06
39032.99994548572; 5.94830830239949e-06
39122.49213015473; 6.21147391892944e-06
39211.98431482374; 5.91607781508713e-06
39301.47649949275; 5.82321399394333e-06
39390.96868416177; 5.78274451118929e-06
39480.46086883078; 6.31196952597064e-06
39569.95305349979; 5.74370299016141e-06
39659.44523816880; 5.82732388756649e-06
39748.93742283781; 5.71494855153162e-06
39838.42960750682; 5.79122517754196e-06
39927.92179217583; 6.03726671923125e-06
40017.41397684484; 5.66391038106977e-06
40106.90616151386; 5.66649856118883e-06
40196.39834618287; 5.61784892936585e-06
40285.89053085188; 6.06751527258004e-06
40375.38271552089; 5.57985827961783e-06
40464.87490018991; 5.65586430106911e-06
40554.36708485892; 5.54431425035868e-06
40643.85926952793; 5.99660658787557e-06
40733.35145419694; 5.50638227339646e-06
40822.84363886595; 5.48301892807933e-06
40912.33582353497; 5.55356566867620e-06
41001.82800820398; 5.43509872096031e-06
41091.32019287299; 5.86247380835015e-06
41180.81237754200; 5.39306805727167e-06
41270.30456221101; 5.48735183676887e-06
41359.79674688003; 5.36356590260325e-06
41449.28893154904; 5.69903610133072e-06
41538.78111621805; 5.43278385351226e-06
41628.27330088706; 5.45212255470517e-06
41717.76548555608; 5.55495585135373e-06
41807.25767022508; 5.44995257721377e-06
41896.74985489409; 5.86803893724130e-06
41986.24203956311; 5.41289224429332e-06
42075.73422423212; 5.47407240957566e-06
42165.22640890113; 5.35577222791260e-06
42254.71859357014; 5.66288115120887e-06
42344.21077823915; 5.39663650592190e-06
42433.70296290817; 5.28578700492960e-06
42523.19514757718; 5.34691314442730e-06
42612.68733224619; 5.58026691029943e-06
42702.17951691520; 5.31345831496420e-06
42791.67170158422; 5.20249154238752e-06
42881.16388625323; 5.18049729263185e-06
42970.65607092224; 5.24941384146377e-06
43060.14825559125; 5.46747486304289e-06
43149.64044026026; 5.20838996468605e-06
43239.13262492928; 5.10909138648377e-06
43328.62480959829; 5.14763274328760e-06
43418.11699426730; 5.29140922213608e-06
43507.60917893631; 5.10607426419679e-06
43597.10136360532; 5.00329679885057e-06
43686.59354827434; 4.98551298980736e-06
43776.08573294335; 5.05167373809877e-06
43865.57791761236; 5.26056252701573e-06
43955.07010228137; 5.06983861164598e-06
44044.56228695038; 4.90782024301866e-06
44134.05447161939; 4.97258211905123e-06
44223.54665628840; 5.17280050702748e-06
44313.03884095742; 4.84317225406164e-06
44402.53102562643; 4.91259062767018e-06
44492.02321029544; 4.79661959334545e-06
44581.51539496445; 4.87563372416594e-06
44671.00757963346; 5.06576986096494e-06
44760.49976430248; 4.82554319651836e-06
44849.99194897149; 4.72899851617944e-06
44939.48413364050; 4.78617605579036e-06
45028.97631830951; 4.97585418542296e-06
45118.46850297853; 4.61749475013590e-06
45207.96068764754; 4.73776814441256e-06
45297.45287231655; 4.62379523183139e-06
45386.94505698556; 4.97816525147950e-06
45476.43724165457; 4.58611420636685e-06
45565.92942632359; 4.64701068073781e-06
45655.42161099260; 4.53491334286258e-06
45744.91379566161; 4.51995202096978e-06
45834.40598033062; 4.87237594194154e-06
45923.89816499963; 4.51051072546420e-06
46013.39034966864; 4.55543285239015e-06
46102.88253433765; 4.46020996486512e-06
46192.37471900666; 4.84717851607808e-06
46281.86690367568; 4.42053111627411e-06
46371.35908834469; 4.47233832629862e-06
46460.85127301370; 4.37654849811066e-06
46550.34345768271; 4.37982712972102e-06
46639.83564235173; 4.69826964872191e-06
46729.32782702074; 4.28321168451344e-06
46818.82001168975; 4.37144856352917e-06
46908.31219635876; 4.28446859219037e-06
46997.80438102777; 4.61119716266248e-06
47087.29656569679; 4.25395044006168e-06
47176.78875036580; 4.25322442924489e-06
47266.28093503481; 4.28961141613833e-06
47355.77311970382; 4.19847685930134e-06
47445.26530437284; 4.51465051512845e-06
47534.75748904185; 4.16212341346353e-06
47624.24967371086; 4.21434266917560e-06
47713.74185837987; 4.11666384326250e-06
47803.23404304888; 4.42198319835631e-06
47892.72622771790; 4.08757325146472e-06
47982.21841238691; 4.04480057609996e-06
48071.71059705591; 4.10013888860605e-06
48161.20278172493; 4.26408714358332e-06
48250.69496639394; 4.07216433194434e-06
48340.18715106295; 3.98479081156396e-06
48429.67933573196; 4.03457298176280e-06
48519.17152040097; 3.96966261430377e-06
48608.66370506999; 4.17840005371469e-06
48698.15588973900; 3.98806897547418e-06
48787.64807440801; 3.90025155905320e-06
48877.14025907702; 3.94712665430112e-06
48966.63244374604; 4.09633452701719e-06
49056.12462841505; 3.89978124274494e-06
49145.61681308406; 3.82728130361834e-06
49235.10899775307; 3.86836194709584e-06
49324.60118242208; 3.79395682971785e-06
49414.09336709110; 4.00705685407953e-06
49503.58555176011; 3.82465144588767e-06
49593.07773642912; 3.74162201205715e-06
49682.56992109813; 3.78997122014375e-06
49772.06210576715; 3.93225532093093e-06
49861.55429043616; 3.77090897744762e-06
49951.04647510517; 3.67406237213204e-06
50040.53865977418; 3.62322554660100e-06
50130.03084444319; 3.92775332490632e-06
50219.52302911220; 3.60773646687812e-06
50309.01521378121; 3.65800807688222e-06
50398.50739845022; 3.58466294789598e-06
50487.99958311924; 3.65094190918240e-06
50577.49176778825; 3.76990694898963e-06
50666.98395245726; 3.63595356006930e-06
50756.47613712627; 3.52589501654827e-06
50845.96832179528; 3.51206656659916e-06
50935.46050646430; 3.76448329189187e-06
51024.95269113331; 3.47852707574530e-06
51114.44487580232; 3.53482373628957e-06
51203.93706047133; 3.43381403980278e-06
51293.42924514035; 3.47652514590548e-06
51382.92142980936; 3.58628564825874e-06
51472.41361447837; 3.37566650632915e-06
51561.90579914738; 3.42695639929315e-06
51651.39798381639; 3.35322839556546e-06
51740.89016848541; 3.56262673826753e-06
51830.38235315442; 3.34492075684709e-06
51919.87453782343; 3.36887675966570e-06
52009.36672249244; 3.29380266848624e-06
52098.85890716146; 3.34384284323318e-06
52188.35109183047; 3.46430339872769e-06
52277.84327649947; 3.25621983387382e-06
52367.33546116848; 3.29717807089577e-06
52456.82764583750; 3.23817191474746e-06
52546.31983050651; 3.44690815240191e-06
52635.81201517552; 3.18887039228687e-06
52725.30419984453; 3.12147468689507e-06
52814.79638451355; 2.81802320784063e-06
52904.28856918256; 3.08618295733867e-06
52993.78075385157; 2.91892691893137e-06
53083.27293852058; 2.92902287387200e-06
53172.76512318959; 3.47108452712499e-06
53262.25730785861; 2.76574313902297e-06
53351.74949252762; 2.90390075295316e-06
53441.24167719663; 2.72386641722604e-06
53530.73386186564; 2.80930461358231e-06
53620.22604653466; 2.76329223698506e-06
53709.71823120367; 2.92730077243271e-06
53799.21041587268; 2.83194608390960e-06
53888.70260054169; 2.75915609539017e-06
53978.19478521070; 2.79973277027525e-06
54067.68696987972; 2.74543335205930e-06
54157.17915454873; 2.95022562947576e-06
54246.67133921774; 2.72003506543337e-06
54336.16352388675; 2.70595591840950e-06
54425.65570855576; 2.76279384128664e-06
54515.14789322477; 2.83778822438100e-06
54604.64007789378; 2.70073861247075e-06
54694.13226256279; 2.64625340015224e-06
54783.62444723181; 2.67132130770785e-06
54873.11663190082; 2.77478538515001e-06
54962.60881656983; 2.65743659295710e-06
55052.10100123884; 2.61210324640634e-06
55141.59318590786; 2.62985107745063e-06
55231.08537057687; 2.63365098537359e-06
55320.57755524588; 2.73018846268726e-06
55410.06973991489; 2.61343159336716e-06
55499.56192458390; 2.56090993133337e-06
55589.05410925292; 2.59512767815321e-06
55678.54629392193; 2.70958221077885e-06
55768.03847859094; 2.52225664737318e-06
55857.53066325995; 2.54593974284944e-06
55947.02284792897; 2.48100912152126e-06
56036.51503259798; 2.52170158525263e-06
56126.00721726699; 2.61682540463013e-06
56215.49940193600; 2.50567023220738e-06
56304.99158660501; 2.45210227166846e-06
56394.48377127402; 2.50753113519202e-06
56483.97595594303; 2.56689129490997e-06
56573.46814061204; 2.41443911337703e-06
56662.96032528106; 2.44583500315990e-06
56752.45250995007; 2.37312948254414e-06
56841.94469461908; 2.41340164390765e-06
56931.43687928809; 2.49486658111172e-06
57020.92906395710; 2.41546507104213e-06
57110.42124862612; 2.32771917622459e-06
57199.91343329513; 2.31737181866917e-06
57289.40561796414; 2.48356539910157e-06
57378.89780263315; 2.32898680480330e-06
57468.38998730217; 2.34078982067541e-06
57557.88217197118; 2.29838822858588e-06
57647.37435664019; 2.47651675273555e-06
57736.86654130920; 2.28757426580383e-06
57826.35872597821; 2.33325523894038e-06
57915.85091064723; 2.30279598171457e-06
58005.34309531624; 2.38612433777606e-06
58094.83527998525; 2.55851701736977e-06
58184.32746465426; 2.38365449861042e-06
58273.81964932328; 2.40464646337710e-06
58363.31183399229; 2.36462569530865e-06
58452.80401866129; 2.51402470926870e-06
58542.29620333030; 2.37051171216960e-06
58631.78838799932; 2.36036126749428e-06
58721.28057266833; 2.38082791525766e-06
58810.77275733734; 2.30545328766747e-06
58900.26494200635; 2.43461567267183e-06
58989.75712667537; 2.30413041405385e-06
59079.24931134438; 2.31143296918517e-06
59168.74149601339; 2.26723074067145e-06
59258.23368068240; 2.40495192783563e-06
59347.72586535141; 2.20779114478365e-06
59437.21805002043; 2.19218077251558e-06
59526.71023468944; 2.22715582264378e-06
59616.20241935845; 2.31305259042998e-06
59705.69460402746; 2.21125276286980e-06
59795.18678869648; 2.15928390223854e-06
59884.67897336549; 2.18416724604466e-06
59974.17115803450; 2.15197453954664e-06
60063.66334270351; 2.24152245657632e-06
60153.15552737252; 2.19231960389558e-06
60242.64771204154; 2.14967398595325e-06
60332.13989671055; 2.18668756319113e-06
60421.63208137956; 2.21050546741515e-06
60511.12426604857; 2.09096533494789e-06
60600.61645071758; 2.04037316102649e-06
60690.10863538659; 2.08519780681316e-06
60779.60082005560; 2.05018721155933e-06
60869.09300472461; 2.13028531574009e-06
60958.58518939363; 2.08736854806380e-06
61048.07737406264; 2.01745413917008e-06
61137.56955873165; 2.04369376500864e-06
61227.06174340066; 2.08683788266358e-06
61316.55392806968; 2.02423890501710e-06
61406.04611273869; 1.97718945927382e-06
61495.53829740770; 1.96966628358613e-06
61585.03048207671; 2.01682476503822e-06
61674.52266674572; 2.02819716805060e-06
61764.01485141474; 1.96192670361024e-06
61853.50703608375; 1.94560217741736e-06
61942.99922075276; 1.96370009331093e-06
62032.49140542177; 2.00114245684182e-06
62121.98359009079; 1.94234401335918e-06
62211.47577475980; 1.89948093268954e-06
62300.96795942881; 1.91417835462418e-06
62390.46014409782; 1.99797870123801e-06
62479.95232876683; 1.87482675514594e-06
62569.44451343585; 1.89982774313137e-06
62658.93669810485; 1.85835220768697e-06
62748.42888277386; 1.87996837639814e-06
62837.92106744288; 1.90651885468586e-06
62927.41325211189; 1.84570220411400e-06
63016.90543678090; 1.84694471650944e-06
63106.39762144991; 1.81047108508135e-06
63195.88980611892; 1.91385472073648e-06
63285.38199078794; 1.79499349962673e-06
63374.87417545695; 1.80581434248879e-06
63464.36636012596; 1.77925419564594e-06
63553.85854479497; 1.82611831108229e-06
63643.35072946399; 1.83196408926251e-06
63732.84291413300; 1.75175034713383e-06
63822.33509880201; 1.77435878314337e-06
63911.82728347102; 1.72719676086556e-06
64001.31946814003; 1.82598356987940e-06
64090.81165280905; 1.70848708343761e-06
64180.30383747806; 1.73618820435987e-06
64269.79602214707; 1.72756401487378e-06
64359.28820681608; 1.76651517641690e-06
64448.78039148510; 1.72369991067431e-06
64538.27257615411; 1.68415758323393e-06
64627.76476082312; 1.70775541560220e-06
64717.25694549212; 1.67218884330146e-06
64806.74913016114; 1.75678499170318e-06
64896.24131483015; 1.67249816684762e-06
64985.73349949916; 1.67033637293809e-06
65075.22568416817; 1.61748367288164e-06
65164.71786883719; 1.68619516515934e-06
65254.21005350620; 1.65181739593440e-06
65343.70223817521; 1.61773189014688e-06
65433.19442284422; 1.64328758302793e-06
65522.68660751323; 1.62986836077964e-06
65612.17879218225; 1.70531908448532e-06
65701.67097685127; 1.61815643109942e-06
65791.16316152028; 1.61162096222487e-06
65880.65534618929; 1.63610162633806e-06
65970.14753085830; 1.66300633264198e-06
66059.63971552732; 1.62135974023979e-06
66149.13190019633; 1.58129205828680e-06
66238.62408486534; 1.62310127803625e-06
66328.11626953435; 1.62109919068091e-06
66417.60845420336; 1.59034657833963e-06
66507.10063887238; 1.55680615691772e-06
66596.59282354139; 1.55124754205596e-06
66686.08500821040; 1.56226615909339e-06
66775.57719287940; 1.59660523860611e-06
66865.06937754841; 1.57828772760466e-06
66954.56156221742; 1.51775114094632e-06
67044.05374688643; 1.53747958016233e-06
67133.54593155545; 1.56190183054200e-06
67223.03811622446; 1.50086247602864e-06
67312.53030089347; 1.52390464635153e-06
67402.02248556248; 1.48684849017798e-06
67491.51467023150; 1.53427078732996e-06
67581.00685490051; 1.53893775060940e-06
67670.49903956952; 1.50799327824333e-06
67759.99122423853; 1.47726920440283e-06
67849.48340890754; 1.50432320255920e-06
67938.97559357656; 1.52785455860028e-06
68028.46777824557; 1.46511124367656e-06
68117.95996291458; 1.48670887623121e-06
68207.45214758359; 1.47587534398462e-06
68296.94433225261; 1.47238621911400e-06
68386.43651692162; 1.48960221794473e-06
68475.92870159063; 1.47025511688046e-06
68565.42088625964; 1.42446346383108e-06
68654.91307092865; 1.42612646351409e-06
68744.40525559767; 1.51115513089912e-06
68833.89744026668; 1.44861129246880e-06
68923.38962493569; 1.45132607101824e-06
69012.88180960470; 1.42489645170080e-06
69102.37399427372; 1.50889331820010e-06
69191.86617894273; 1.42175528504569e-06
69281.35836361174; 1.45272547090126e-06
69370.85054828075; 1.42307972309587e-06
69460.34273294976; 1.44171562007673e-06
69549.83491761878; 1.49470133675836e-06
69639.32710228779; 1.39423671860197e-06
69728.81928695680; 1.41571817308086e-06
69818.31147162581; 1.39027626828526e-06
69907.80365629483; 1.45812477927944e-06
69997.29584096382; 1.23406902926254e-06
70086.78802563284; 1.20465383567663e-06
70176.28021030185; 1.09689798695457e-06
70265.77239497086; 1.07770351645520e-06
70355.26457963987; 1.18646216258166e-06
70444.75676430888; 1.11292759153367e-06
70534.24894897790; 1.14099174068573e-06
70623.74113364691; 1.12629357657488e-06
70713.23331831592; 1.23165275880526e-06
70802.72550298493; 1.14476905651680e-06
70892.21768765395; 1.12016983429187e-06
70981.70987232296; 1.14888526375511e-06
71071.20205699197; 1.19094540027529e-06
71160.69424166098; 1.13714875222820e-06
71250.18642632999; 1.12569119254120e-06
71339.67861099901; 1.15457867999631e-06
71429.17079566802; 1.16535317312895e-06
71518.66298033703; 1.20708483566412e-06
71608.15516500604; 1.16817728591959e-06
71697.64734967506; 1.14539901443364e-06
71787.13953434407; 1.17223408681332e-06
71876.63171901308; 1.20889029762818e-06
71966.12390368209; 1.15113199869992e-06
72055.61608835110; 1.12598450059069e-06
72145.10827302012; 1.18732073527516e-06
72234.60045768913; 1.15428655951638e-06
72324.09264235814; 1.22250613411126e-06
72413.58482702715; 1.18212377722642e-06
72503.07701169616; 1.15849362705860e-06
72592.56919636518; 1.17916883150824e-06
72682.06138103419; 1.22298591609556e-06
72771.55356570320; 1.19157715498073e-06
72861.04575037221; 1.10722790783536e-06
72950.53793504123; 1.13626716158303e-06
73040.03011971024; 1.22713128110448e-06
73129.52230437925; 1.13790392736911e-06
73219.01448904826; 1.16649183425769e-06
73308.50667371727; 1.15500594200773e-06
73397.99885838629; 1.19869702573698e-06
73487.49104305530; 1.22995094428235e-06
73576.98322772431; 1.18979115236650e-06
73666.47541239332; 1.16488049360852e-06
73755.96759706234; 1.15300659339652e-06
73845.45978173135; 1.23201371037174e-06
73934.95196640036; 1.15274619909103e-06
74024.44415106937; 1.19772323147336e-06
74113.93633573837; 1.16683036376273e-06
74203.42852040738; 1.18677863238923e-06
74292.92070507639; 1.22270396293778e-06
74382.41288974541; 1.15456148138155e-06
74471.90507441442; 1.17641671979376e-06
74561.39725908343; 1.15215612508344e-06
74650.88944375244; 1.22597730250940e-06
74740.38162842146; 1.14962294425212e-06
74829.87381309047; 1.12968880589797e-06
74919.36599775948; 1.45268001716101e-06
75008.85818242849; 1.47650728773762e-06
75098.35036709750; 1.54256011662268e-06
75187.84255176652; 1.44932598223469e-06
75277.33473643553; 1.48886601719237e-06
75366.82692110454; 1.44309151914256e-06
75456.31910577355; 1.55552904100010e-06
75545.81129044257; 1.40733557952100e-06
75635.30347511158; 1.46656987015256e-06
75724.79565978059; 1.43754742358946e-06
75814.28784444960; 1.53151016694308e-06
75903.78002911861; 1.48922965267329e-06
75993.27221378763; 1.46608792735473e-06
76082.76439845664; 1.49395606894007e-06
76172.25658312565; 1.45132503435746e-06
76261.74876779466; 1.57947979064867e-06
76351.24095246368; 1.42693248140408e-06
76440.73313713269; 1.45228959403663e-06
76530.22532180170; 1.40113776112673e-06
76619.71750647071; 1.50645178813101e-06
76709.20969113972; 1.46186354801988e-06
76798.70187580874; 1.43005987318703e-06
76888.19406047775; 1.47566218148835e-06
76977.68624514676; 1.43247678393539e-06
77067.17842981577; 1.56638805994167e-06
77156.67061448478; 1.40506701120158e-06
77246.16279915380; 1.41594309323587e-06
77335.65498382281; 1.48399444154975e-06
77425.14716849182; 1.52658199892128e-06
77514.63935316083; 1.47927498773742e-06
77604.13153782985; 1.42954159437941e-06
77693.62372249886; 1.45431747140416e-06
77783.11590716787; 1.51483963652959e-06
77872.60809183688; 1.46456557379245e-06
77962.10027650589; 1.42776182068680e-06
78051.59246117491; 1.39728579625581e-06
78141.08464584392; 1.45382181200845e-06
78230.57683051293; 1.51932002240255e-06
78320.06901518193; 1.46969602034874e-06
78409.56119985094; 1.40649582998678e-06
78499.05338451995; 1.47188256623740e-06
78588.54556918897; 1.52663346091816e-06
78678.03775385798; 1.43106471280610e-06
78767.52993852699; 1.43803315657003e-06
78857.02212319600; 1.36563114516814e-06
78946.51430786501; 1.43412968966815e-06
79036.00649253403; 1.51210741229180e-06
79125.49867720304; 1.46745109716340e-06
79214.99086187205; 1.43322841919856e-06
79304.48304654106; 1.48799779547025e-06
79393.97523121008; 1.53709087221716e-06
79483.46741587909; 1.43230369010452e-06
79572.95960054810; 1.47059491781790e-06
79662.45178521711; 1.41714567544566e-06
79751.94396988612; 1.54283012261782e-06
79841.43615455514; 1.40546430974291e-06
79930.92833922415; 1.45452367793371e-06
80020.42052389316; 1.37477297125308e-06
80109.91270856217; 1.40869499934833e-06
80199.40489323119; 1.56268515035188e-06
80288.89707790020; 1.41455420463066e-06
80378.38926256921; 1.45628499144810e-06
80467.88144723822; 1.40526377284016e-06
80557.37363190723; 1.54917301930872e-06
80646.86581657625; 1.39206437915388e-06
80736.35800124526; 1.44181274662145e-06
80825.85018591427; 1.40377921056357e-06
80915.34237058328; 1.40682219968342e-06
81004.83455525230; 1.57318091565814e-06
81094.32673992131; 1.40060607927093e-06
81183.81892459032; 1.44778749697931e-06
81273.31110925933; 1.42070337217671e-06
81362.80329392834; 1.56964922643240e-06
81452.29547859736; 1.39746708680032e-06
81541.78766326637; 1.43789669065430e-06
81631.27984793538; 2.38001659520533e-06
81720.77203260439; 2.29843586392745e-06
81810.26421727340; 2.52619508266095e-06
81899.75640194242; 2.35592103818567e-06
81989.24858661143; 2.40243090111982e-06
82078.74077128044; 2.41017324218870e-06
82168.23295594945; 2.54441671408860e-06
82257.72514061847; 2.40431430160321e-06
82347.21732528748; 2.39592539792810e-06
82436.70950995648; 2.35468393304449e-06
82526.20169462549; 2.51464230269383e-06
82615.69387929450; 2.35056385473697e-06
82705.18606396351; 2.39553215976163e-06
82794.67824863252; 2.40510099953633e-06
82884.17043330154; 2.40997891797739e-06
82973.66261797055; 2.55155085690294e-06
83063.15480263956; 2.41804989195406e-06
83152.64698730857; 2.42240295971832e-06
83242.13917197759; 2.37287968383707e-06
83331.63135664660; 2.54083791449584e-06
83421.12354131561; 2.27085793121472e-06
83510.61572598462; 2.38858788215070e-06
83600.10791065363; 2.39964386571844e-06
83689.60009532265; 2.41027441805569e-06
83779.09227999166; 2.55796660804743e-06
83868.58446466067; 2.37610931682080e-06
83958.07664932968; 2.42470148196232e-06
84047.56883399870; 2.42106598449683e-06
84137.06101866771; 2.55715237844628e-06
84226.55320333672; 2.38959984735195e-06
84316.04538800573; 2.36419137016020e-06
84405.53757267474; 2.38663344296153e-06
84495.02975734376; 2.54402806135931e-06
84584.52194201277; 2.36214227640005e-06
84674.01412668178; 2.42177266476075e-06
84763.50631135079; 2.42559646591158e-06
84852.99849601981; 2.42247545450614e-06
84942.49068068882; 2.57022393742016e-06
85031.98286535783; 2.32452524302286e-06
85121.47505002684; 2.38421192246868e-06
85210.96723469585; 2.31864564617618e-06
85300.45941936487; 2.54085488572831e-06
85389.95160403388; 2.32054926447795e-06
85479.44378870289; 2.27659457751639e-06
85568.93597337190; 2.31369407812443e-06
85658.42815804092; 2.32410371902319e-06
85747.92034270993; 2.47634866707339e-06
85837.41252737894; 2.30038923024308e-06
85926.90471204795; 2.35716765134551e-06
86016.39689671696; 2.35982734158292e-06
86105.88908138598; 2.47081515388063e-06
86195.38126605499; 2.35937337185363e-06
86284.87345072400; 2.38969883826235e-06
86374.36563539301; 2.40991734717715e-06
86463.85782006202; 2.36980633458157e-06
86553.35000473104; 2.38087661360742e-06
86642.84218940003; 2.31866266752689e-06
86732.33437406905; 2.23454513316373e-06
86821.82655873806; 2.33876095329295e-06
86911.31874340707; 2.51905795965367e-06
87000.81092807608; 2.39293353275602e-06
87090.30311274510; 2.34239050715408e-06
87179.79529741411; 2.31328525678771e-06
87269.28748208312; 2.54074218782082e-06
87358.77966675213; 2.39843283702891e-06
87448.27185142114; 2.39637222270968e-06
87537.76403609016; 2.39834982115014e-06
87627.25622075917; 2.38572037079093e-06
87716.74840542818; 2.41993689525192e-06
87806.24059009719; 2.23442532036309e-06
87895.73277476621; 2.29084764766885e-06
87985.22495943522; 2.29271995290703e-06
88074.71714410423; 2.45644390882728e-06
88164.20932877324; 2.35342231230785e-06
88253.70151344225; 2.36280438290551e-06
88343.19369811127; 2.18718294789480e-06
88432.68588278028; 2.27255402551580e-06
88522.17806744929; 2.37399561783536e-06
88611.67025211830; 2.28466428226000e-06
88701.16243678732; 2.29119815872339e-06
88790.65462145633; 2.28965213889426e-06
88880.14680612534; 2.44050083569910e-06
88969.63899079435; 2.27670231016327e-06
89059.13117546336; 2.24449172673053e-06
89148.62336013238; 2.23354520768546e-06
89238.11554480139; 2.46516153757918e-06
89327.60772947040; 2.34710335764421e-06
89417.09991413941; 2.36093085274345e-06
89506.59209880843; 2.36352469484153e-06
89596.08428347744; 2.35742098014506e-06
89685.57646814645; 2.50471174443165e-06
89775.06865281546; 2.28610699399473e-06
89864.56083748447; 2.32642145812630e-06
89954.05302215349; 2.17400817433097e-06
90043.54520682250; 2.15501061167578e-06
90133.03739149151; 2.16171107272349e-06
90222.52957616052; 2.18320712944902e-06
90312.02176082954; 2.19123747348487e-06
90401.51394549855; 2.20234775798331e-06
90491.00613016756; 2.28895768084667e-06
90580.49831483657; 2.21253907239698e-06
90669.99049950558; 2.20799442299285e-06
90759.48268417458; 2.20027909469064e-06
90848.97486884359; 2.30223988611932e-06
90938.46705351261; 2.15575960445051e-06
91027.95923818162; 2.17947506530422e-06
91117.45142285063; 2.14141235158176e-06
91206.94360751964; 2.34502271893582e-06
91296.43579218865; 2.24294470287916e-06
91385.92797685767; 2.25527108568723e-06
91475.42016152668; 2.24379467803521e-06
91564.91234619569; 2.24679623294163e-06
91654.40453086470; 2.38789458199722e-06
91743.89671553372; 2.05092337876727e-06
91833.38890020273; 2.17244784155296e-06
91922.88108487174; 2.12671612998834e-06
92012.37326954075; 2.20673401331436e-06
92101.86545420976; 2.09303755360872e-06
92191.35763887878; 2.10451387838501e-06
92280.84982354779; 2.11111966948409e-06
92370.34200821680; 2.11045231753883e-06
92459.83419288581; 2.18976057083058e-06
92549.32637755483; 2.09891616553300e-06
92638.81856222384; 2.07687518992450e-06
92728.31074689285; 2.04858376000343e-06
92817.80293156186; 2.18657410517085e-06
92907.29511623087; 2.05512101578234e-06
92996.78730089989; 2.06203049054928e-06
93086.27948556890; 2.01088704359052e-06
93175.77167023791; 2.05601858840248e-06
93265.26385490692; 2.18330753715761e-06
93354.75603957594; 1.96738844021951e-06
93444.24822424495; 2.02650016269172e-06
93533.74040891396; 2.01955771300869e-06
93623.23259358297; 2.10113408246511e-06
93712.72477825198; 1.91621383266880e-06
93802.21696292100; 1.97171490671395e-06
93891.70914759001; 1.97582345855023e-06
93981.20133225902; 2.10586484914662e-06
94070.69351692803; 1.97270027612019e-06
94160.18570159705; 1.96471341417276e-06
94249.67788626606; 1.95694708311052e-06
94339.17007093507; 1.90753799001993e-06
94428.66225560408; 2.04981244775315e-06
94518.15444027309; 1.89455120612165e-06
94607.64662494211; 1.89527219719707e-06
94697.13880961112; 1.94592092875394e-06
94786.63099428013; 2.08985513615384e-06
94876.12317894914; 1.96125643344024e-06
94965.61536361814; 1.95996514726782e-06
95055.10754828715; 1.83528632442045e-06
95144.59973295617; 1.94379583548265e-06
95234.09191762518; 2.06401499491214e-06
95323.58410229419; 1.92605171277414e-06
95413.07628696320; 1.91376266770780e-06
95502.56847163221; 1.86839666149064e-06
95592.06065630123; 2.01563990246663e-06
95681.55284097024; 1.86554834533099e-06
95771.04502563925; 1.90618271000403e-06
95860.53721030826; 1.91078288436815e-06
95950.02939497727; 2.06507540550150e-06
96039.52157964629; 1.93734574404441e-06
96129.01376431530; 1.92264692271676e-06
96218.50594898431; 1.90136919847206e-06
96307.99813365332; 1.84160892825765e-06
96397.49031832234; 1.96536070100111e-06
96486.98250299135; 1.83613626378602e-06
96576.47468766036; 1.85265609029294e-06
96665.96687232937; 1.78284495934019e-06
96755.45905699838; 1.98568844469493e-06
96844.95124166740; 1.86231640047165e-06
96934.44342633641; 1.85758951805837e-06
97023.93561100542; 1.80397903532215e-06
97113.42779567443; 1.84285320582530e-06
97202.91998034345; 1.94995765937692e-06
97292.41216501246; 1.79451080643055e-06
97381.90434968147; 1.77196677757108e-06
97471.39653435048; 1.78970959252631e-06
97560.88871901949; 1.91366519291103e-06
97650.38090368851; 1.75812390279306e-06
97739.87308835752; 1.78592386499781e-06
97829.36527302653; 1.78048413325963e-06
97918.85745769554; 1.89007835900862e-06
98008.34964236456; 1.76823480110999e-06
98097.84182703357; 1.76059150191032e-06
98187.33401170258; 1.74237257259883e-06
98276.82619637159; 1.64609391069362e-06
98366.31838104060; 1.73935092264902e-06
98455.81056570962; 1.71428471957294e-06
98545.30275037863; 1.71109915555116e-06
98634.79493504764; 1.70948265203789e-06
98724.28711971665; 1.80820432785489e-06
98813.77930438567; 1.69535622834766e-06
98903.27148905468; 1.69043304950674e-06
98992.76367372369; 1.64089389731483e-06
99082.25585839269; 1.65945089737727e-06
99171.74804306170; 1.71612654415268e-06
99261.24022773071; 1.62176494264427e-06
99350.73241239972; 1.63461902528790e-06
99440.22459706874; 1.63492529944415e-06
99529.71678173775; 1.73566202226327e-06
99619.20896640676; 1.59611749812740e-06
99708.70115107577; 1.62441264835625e-06
99798.19333574479; 1.62013749551476e-06
99887.68552041380; 1.61236987092772e-06
99977.17770508281; 1.62780750951657e-06
100066.66988975182; 1.54439519902755e-06
100156.16207442083; 1.56954073331410e-06
100245.65425908985; 1.55685410297532e-06
100335.14644375886; 1.68707899277022e-06
100424.63862842787; 1.58603447074403e-06
100514.13081309688; 1.58474251522845e-06
100603.62299776589; 1.59022515755614e-06
100693.11518243491; 1.68783821445486e-06
100782.60736710392; 1.57549325619091e-06
100872.09955177293; 1.57115520977031e-06
100961.59173644194; 1.49524353641417e-06
101051.08392111096; 1.48755059772615e-06
101140.57610577997; 1.61831531357864e-06
101230.06829044898; 1.53474594022154e-06
101319.56047511799; 1.54324387829557e-06
101409.05265978700; 1.53854114940990e-06
101498.54484445602; 1.63464456620619e-06
101588.03702912503; 1.50522158327112e-06
101677.52921379404; 1.47605800752205e-06
101767.02139846305; 1.52469705079844e-06
101856.51358313207; 1.51927351869356e-06
101946.00576780108; 1.53040645807775e-06
102035.49795247009; 1.40325121377587e-06
102124.99013713910; 1.43145274704241e-06
102214.48232180811; 1.41306606594558e-06
102303.97450647713; 1.53892423846330e-06
102393.46669114614; 1.45256853661266e-06
102482.95887581515; 1.48428050972444e-06
102572.45106048416; 1.51171747411705e-06
102661.94324515318; 1.59472856800213e-06
102751.43542982219; 1.49607596371580e-06
102840.92761449120; 1.48822544828571e-06
102930.41979916021; 1.39967408673305e-06
103019.91198382922; 1.46275188761802e-06
103109.40416849824; 1.55070276199850e-06
103198.89635316725; 1.41054828225996e-06
103288.38853783625; 1.35822079768370e-06
103377.88072250526; 1.41919389928150e-06
103467.37290717427; 1.50627207910350e-06
103556.86509184328; 1.38855880070843e-06
103646.35727651230; 1.41251023797297e-06
103735.84946118131; 1.41041263537724e-06
103825.34164585032; 1.38695980464186e-06
103914.83383051933; 1.42153259184291e-06
104004.32601518834; 1.34107452110694e-06
104093.81819985736; 1.36325424510928e-06
104183.31038452637; 1.34545260166910e-06
104272.80256919538; 1.45595602697651e-06
104362.29475386439; 1.37649591212967e-06
104451.78693853341; 1.37673352783965e-06
104541.27912320242; 1.37775481542014e-06
104630.77130787143; 1.45353273456899e-06
104720.26349254044; 1.35537784838275e-06
104809.75567720945; 1.32180992647982e-06
104899.24786187847; 1.26942815354467e-06
104988.74004654748; 1.26630272388065e-06
105078.23223121649; 1.41161786877858e-06
105167.72441588550; 1.34313820292679e-06
105257.21660055452; 1.33715978019260e-06
105346.70878522353; 1.33297882334427e-06
105436.20096989254; 1.40281819350158e-06
105525.69315456155; 1.29204133961269e-06
105615.18533923056; 1.31009490129544e-06
105704.67752389958; 1.30562017722775e-06
105794.16970856859; 1.24731456998900e-06
105883.66189323760; 1.33610561132835e-06
105973.15407790661; 1.27386219451497e-06
106062.64626257562; 1.27955469182591e-06
106152.13844724464; 1.25877698477838e-06
106241.63063191365; 1.35524343667614e-06
106331.12281658266; 1.27616644690465e-06
106420.61500125167; 1.27334666218560e-06
106510.10718592069; 1.27228429479459e-06
106599.59937058970; 1.21304842504721e-06
106689.09155525871; 1.31897926489065e-06
106778.58373992772; 1.19481440565850e-06
106868.07592459673; 1.20365968809589e-06
106957.56810926575; 1.23060885125282e-06
107047.06029393476; 1.30946020442351e-06
107136.55247860377; 1.25151051881500e-06
107226.04466327278; 1.24279355254934e-06
107315.53684794180; 1.23776076931970e-06
107405.02903261079; 1.30971333040088e-06
107494.52121727981; 1.20828381099293e-06
107584.01340194882; 1.21808102660851e-06
107673.50558661783; 1.21120716134355e-06
107762.99777128684; 1.15945864972166e-06
107852.48995595585; 1.23668763175349e-06
107941.98214062487; 1.18035572363817e-06
108031.47432529388; 1.18752672654862e-06
108120.96650996289; 1.16072594027057e-06
108210.45869463190; 1.25208027010440e-06
108299.95087930092; 1.14076932757172e-06
108389.44306396993; 1.17852070076304e-06
108478.93524863894; 1.17667040210289e-06
108568.42743330795; 1.16435928091192e-06
108657.91961797696; 1.20182960975893e-06
108747.41180264598; 1.13560943094456e-06
108836.90398731499; 1.17584015772583e-06
108926.39617198400; 1.21129827303678e-06
109015.88835665301; 1.29485968483102e-06
109105.38054132203; 1.21764621783106e-06
109194.87272599104; 1.21892400295590e-06
109284.36491066005; 1.21471343871620e-06
109373.85709532906; 1.25995013466733e-06
109463.34927999807; 1.08492106929958e-06
109552.84146466709; 1.07683323633976e-06
109642.33364933610; 1.04892163193097e-06
109731.82583400511; 1.03239805311480e-06
109821.31801867412; 1.12453688665200e-06
109910.81020334314; 1.02823888027740e-06
110000.30238801215; 1.07581013881472e-06
110089.79457268116; 1.05861913167825e-06
110179.28675735017; 1.14436382604243e-06
110268.77894201918; 1.07854142077378e-06
110358.27112668820; 1.06408404583361e-06
110447.76331135721; 1.03583712622059e-06
110537.25549602622; 1.03514224702059e-06
110626.74768069523; 1.05421325924339e-06
110716.23986536424; 9.90059590800386e-07
110805.73205003326; 1.00137910621616e-06
110895.22423470227; 1.00985842175852e-06
110984.71641937128; 1.05574752596603e-06
111074.20860404029; 1.00292233930898e-06
111163.70078870931; 9.99793484070904e-07
111253.19297337832; 9.88212561680488e-07
111342.68515804733; 1.01605400953513e-06
111432.17734271634; 9.34273027765459e-07
111521.66952738535; 9.50816532109870e-07
111611.16171205435; 8.87240828503373e-07
111700.65389672336; 8.88434099421291e-07
111790.14608139238; 9.52749323454595e-07
111879.63826606139; 9.16917792037595e-07
111969.13045073040; 9.36737423103609e-07
112058.62263539941; 9.37201793274563e-07
112148.11482006843; 1.00210211201477e-06
112237.60700473744; 9.37324138657384e-07
112327.09918940645; 9.30559309796826e-07
112416.59137407546; 9.30673720470794e-07
112506.08355874447; 9.17930800673283e-07
112595.57574341349; 9.32116630302291e-07
112685.06792808250; 8.41346383545713e-07
112774.56011275151; 8.41445547070166e-07
112864.05229742052; 8.60841482757864e-07
112953.54448208954; 9.08281341025000e-07
113043.03666675855; 8.53337549845057e-07
113132.52885142756; 7.58265227015264e-07
113222.02103609657; 7.17814668532418e-07
113311.51322076558; 7.53762867042120e-07
113401.00540543460; 7.81193326040872e-07
113490.49759010361; 7.45430804347350e-07
113579.98977477262; 7.29044323426065e-07
113669.48195944163; 6.96270293710128e-07
113758.97414411065; 6.99126041571769e-07
113848.46632877966; 6.80937643726218e-07
113937.95851344867; 6.87430567114228e-07
114027.45069811768; 6.84513699030028e-07
114116.94288278669; 7.03062319771837e-07
114206.43506745571; 6.74248562401613e-07
114295.92725212472; 6.63075235507922e-07
114385.41943679373; 6.60926193246658e-07
114474.91162146274; 6.65432341141925e-07
114564.40380613176; 6.71595243889061e-07
114653.89599080077; 6.31905580150792e-07
114743.38817546978; 5.86219856113784e-07
114832.88036013879; 5.86199135929399e-07
114922.37254480780; 6.00806562978876e-07
115011.86472947682; 5.98896464161716e-07
115101.35691414583; 5.92617944037405e-07
115190.84909881484; 5.84837185644152e-07
115280.34128348385; 5.80738983456612e-07
115369.83346815286; 5.92748124100066e-07
115459.32565282188; 5.72328191838988e-07
115548.81783749089; 5.71079810071059e-07
115638.31002215990; 5.56987166623112e-07
115727.80220682890; 5.61873068373013e-07
115817.29439149791; 5.37702267514060e-07
115906.78657616692; 5.42534238627292e-07
115996.27876083594; 5.57212116143123e-07
116085.77094550495; 5.63046177926523e-07
116175.26313017396; 5.32514304876976e-07
116264.75531484297; 4.70700101872472e-07
116354.24749951198; 4.62560803447899e-07
116443.73968418100; 4.59742530732402e-07
116533.23186885001; 4.41867679969742e-07
116622.72405351902; 4.52535406605667e-07
116712.21623818803; 4.36834181196444e-07
116801.70842285705; 4.11003968755419e-07
116891.20060752606; 4.01495761207338e-07
116980.69279219507; 4.06836094295963e-07
117070.18497686408; 4.15604351519502e-07
117159.67716153309; 4.17432571314598e-07
117249.16934620211; 4.15441111505678e-07
117338.66153087112; 4.23520268117547e-07
117428.15371554013; 4.16520869198637e-07
117517.64590020914; 4.36833482306859e-07
117607.13808487816; 4.44273177410209e-07
117696.63026954717; 4.37850022965437e-07
117786.12245421618; 4.07334178831759e-07
117875.61463888519; 3.83494685196462e-07
117965.10682355420; 3.98133250517277e-07
118054.59900822322; 3.89608500319790e-07
118144.09119289223; 3.92328941726044e-07
118233.58337756124; 3.85530924846399e-07
118323.07556223025; 3.93275387676825e-07
118412.56774689927; 3.88189260156910e-07
118502.05993156828; 3.79822947687281e-07
118591.55211623729; 3.93432369335870e-07
118681.04430090630; 3.71753336529534e-07
118770.53648557531; 3.59699350721877e-07
118860.02867024433; 3.35036417533051e-07
118949.52085491334; 3.12070707597525e-07
119039.01303958235; 3.15027478033809e-07
119128.50522425136; 3.23499919087867e-07
119217.99740892038; 3.31982134790878e-07
119307.48959358939; 3.39916859253888e-07
119396.98177825840; 3.37260111493225e-07
119486.47396292741; 3.50224098685907e-07
119575.96614759642; 3.46017390424861e-07
119665.45833226544; 3.33107014633134e-07
119754.95051693445; 3.34197255997557e-07
119844.44270160346; 3.23653253931039e-07
119933.93488627246; 3.21976640615799e-07
120023.42707094147; 2.78712033090467e-07
120112.91925561048; 2.74181807031773e-07
120202.41144027949; 2.81910287407095e-07
120291.90362494851; 2.94999477273109e-07
120381.39580961752; 3.02909476846830e-07
120470.88799428653; 2.94050489013445e-07
120560.38017895554; 3.14739647751825e-07
120649.87236362456; 2.98260169696590e-07
120739.36454829357; 3.00997732905936e-07
120828.85673296258; 2.84893671838990e-07
120918.34891763159; 2.88914648016549e-07
121007.84110230060; 2.67941526769073e-07
121097.33328696962; 2.37527219734910e-07
121186.82547163863; 2.39213368383425e-07
121276.31765630764; 2.64633952340042e-07
121365.80984097665; 2.67553132030361e-07
121455.30202564567; 2.65794245115476e-07
121544.79421031468; 2.65117877631487e-07
121634.28639498369; 2.64694891797316e-07
121723.77857965270; 2.63890516848363e-07
121813.27076432171; 2.53325845094443e-07
121902.76294899073; 2.73975359531797e-07
121992.25513365974; 2.55700292827031e-07
122081.74731832875; 2.33268184906826e-07
122171.23950299776; 2.25503654804299e-07
122260.73168766678; 2.20843720076399e-07
122350.22387233579; 2.23738062152321e-07
122439.71605700480; 2.21679225117942e-07
122529.20824167381; 2.54353189124358e-07
122618.70042634282; 2.42472545838922e-07
122708.19261101184; 2.42265898820791e-07
122797.68479568085; 2.28270278918395e-07
122887.17698034986; 2.38210380930442e-07
122976.66916501887; 2.41027429201322e-07
123066.16134968789; 2.39363101442088e-07
123155.65353435690; 2.24047695692924e-07
123245.14571902591; 2.15377643582230e-07
123334.63790369492; 2.06172522830609e-07
123424.13008836393; 2.17204759599465e-07
123513.62227303295; 2.32158772958617e-07
123603.11445770196; 2.19595117647489e-07
123692.60664237097; 2.36108708503999e-07
123782.09882703998; 2.46763089672606e-07
123871.59101170900; 2.57406690252521e-07
123961.08319637801; 2.40598223129343e-07
124050.57538104702; 2.31866174581389e-07
124140.06756571602; 2.38604797733113e-07
124229.55975038503; 2.16129205648736e-07
124319.05193505404; 2.07633923456150e-07
124408.54411972305; 2.08032427271137e-07
124498.03630439207; 2.48494644026349e-07
124587.52848906108; 2.44656434970890e-07
124677.02067373009; 2.50791281366825e-07
124766.51285839910; 2.51888434186167e-07
124856.00504306811; 2.44794597519868e-07
124945.49722773713; 2.58029804136618e-07
125034.98941240614; 2.60491245686206e-07
125124.48159707515; 2.59871054471238e-07
125213.97378174416; 2.60531440518787e-07
125303.46596641318; 2.34190241853661e-07
125392.95815108219; 2.34969063472647e-07
125482.45033575120; 2.41665900410152e-07
125571.94252042021; 2.49042940594085e-07
125661.43470508922; 2.62341032397406e-07
125750.92688975824; 2.69171691872137e-07
125840.41907442725; 2.83575294087639e-07
125929.91125909626; 2.78049534236105e-07
126019.40344376527; 2.72651353939915e-07
126108.89562843429; 2.90146723141041e-07
126198.38781310330; 3.08808728453767e-07
126287.87999777231; 3.16489721425316e-07
126377.37218244132; 2.99359839967201e-07
126466.86436711033; 3.00620320362118e-07
126556.35655177935; 2.89202514452815e-07
126645.84873644836; 2.97781695505619e-07
126735.34092111737; 3.12296101383552e-07
126824.83310578638; 3.18119264377883e-07
126914.32529045540; 3.17994187478468e-07
127003.81747512441; 3.15910633119703e-07
127093.30965979342; 3.31205653862409e-07
127182.80184446243; 3.35234193490991e-07
127272.29402913144; 3.23637464879459e-07
127361.78621380046; 3.07103361224549e-07
127451.27839846947; 2.98200343035221e-07
127540.77058313848; 3.02467788160632e-07
127630.26276780749; 3.09721870508300e-07
127719.75495247651; 3.22757232309732e-07
127809.24713714552; 3.37040463393988e-07
127898.73932181453; 3.38003756798385e-07
127988.23150648354; 3.47603091784608e-07
128077.72369115255; 3.47397866639705e-07
128167.21587582157; 3.39102187932268e-07
128256.70806049056; 3.50852549728168e-07
128346.20024515958; 3.46145555829202e-07
128435.69242982859; 3.32562306231388e-07
128525.18461449760; 3.36067070566444e-07
128614.67679916661; 3.49732617932568e-07
128704.16898383563; 3.64681861622747e-07
128793.66116850464; 3.81094566432332e-07
128883.15335317365; 3.82805009963770e-07
128972.64553784266; 3.87729301342359e-07
129062.13772251167; 3.93285351300771e-07
129151.62990718069; 4.08573717267258e-07
129241.12209184970; 4.07570771053135e-07
129330.61427651871; 4.04098162135943e-07
129420.10646118772; 3.80957380805520e-07
129509.59864585673; 3.99281640905458e-07
129599.09083052575; 3.93906682556547e-07
129688.58301519476; 3.99838611769285e-07
129778.07519986377; 4.00001960950490e-07
129867.56738453278; 4.26956980422675e-07
129957.05956920180; 4.52339003931767e-07
130046.55175387081; 4.46210341924752e-07
130136.04393853982; 4.47344377058430e-07
130225.53612320883; 4.45541901454320e-07
130315.02830787784; 4.60979246050568e-07
130404.52049254686; 4.28778976525578e-07
130494.01267721587; 4.28694633413013e-07
130583.50486188488; 4.29820758151083e-07
130672.99704655389; 4.45655679153067e-07
130762.48923122291; 4.77337404544826e-07
130851.98141589192; 4.70079442430540e-07
130941.47360056093; 4.84046928685511e-07
131030.96578522994; 4.95913136971924e-07
131120.45796989897; 5.09716842042940e-07
131209.95015456798; 4.92172282749881e-07
131299.44233923699; 4.91170596380345e-07
131388.93452390601; 4.80754027880926e-07
131478.42670857502; 4.49495548702292e-07
131567.91889324403; 5.02026118307247e-07
131657.41107791304; 4.93766980371633e-07
131746.90326258205; 4.97944276587020e-07
131836.39544725107; 5.10360886512858e-07
131925.88763192008; 5.48199795707603e-07
132015.37981658909; 5.25961693014832e-07
132104.87200125810; 5.32177479051533e-07
132194.36418592712; 5.41790553682296e-07
132283.85637059610; 5.74097868269856e-07
132373.34855526511; 5.29101187790773e-07
132462.84073993412; 5.35105878536418e-07
132552.33292460314; 5.48691105287716e-07
132641.82510927215; 5.57088646033463e-07
132731.31729394116; 5.94702407983515e-07
132820.80947861017; 5.76053247209885e-07
132910.30166327918; 5.89409912258578e-07
132999.79384794820; 5.82471909856016e-07
133089.28603261721; 6.01464702844653e-07
133178.77821728622; 5.98319143012136e-07
133268.27040195523; 5.96429616228945e-07
133357.76258662425; 5.88027008355067e-07
133447.25477129326; 5.84132722991090e-07
133536.74695596227; 6.32498686745476e-07
133626.23914063128; 6.04339977615880e-07
133715.73132530029; 6.07083332848617e-07
133805.22350996931; 6.21770403901860e-07
133894.71569463832; 6.66028404309181e-07
133984.20787930733; 6.38377191781766e-07
134073.70006397634; 6.41957813674679e-07
134163.19224864535; 6.40953818072927e-07
134252.68443331437; 6.74418084079411e-07
134342.17661798338; 6.14660412653481e-07
134431.66880265239; 6.28566980994026e-07
134521.16098732140; 6.32278935479587e-07
134610.65317199042; 6.35985392361157e-07
134700.14535665943; 6.83389616628082e-07
134789.63754132844; 5.88628738898077e-07
134879.12972599745; 6.21414663467246e-07
134968.62191066646; 6.26761502649048e-07
135058.11409533548; 7.05907629133124e-07
135147.60628000449; 6.71741165732593e-07
135237.09846467350; 6.72882458076826e-07
135326.59064934251; 6.72261674440012e-07
135416.08283401153; 6.76150309925986e-07
135505.57501868054; 7.29659478608250e-07
135595.06720334955; 6.87551805876710e-07
135684.55938801856; 6.81184602540643e-07
135774.05157268757; 6.96213735980952e-07
135863.54375735659; 7.51184620811430e-07
135953.03594202560; 7.10281978456076e-07
136042.52812669461; 7.16517074963225e-07
136132.02031136362; 7.17700456249042e-07
136221.51249603264; 7.65868973692842e-07
136311.00468070165; 6.56959470237822e-07
136400.49686537066; 6.38434907939398e-07
136489.98905003967; 6.97962928296919e-07
136579.48123470868; 7.24339787311396e-07
136668.97341937770; 7.94323399629069e-07
136758.46560404671; 7.42339465157191e-07
136847.95778871572; 7.45247187062802e-07
136937.44997338473; 7.28944257689247e-07
137026.94215805375; 8.12298084921172e-07
137116.43434272276; 7.53257618151534e-07
137205.92652739177; 7.42158052470766e-07
137295.41871206078; 7.37493050866343e-07
137384.91089672979; 7.44676183338711e-07
137474.40308139881; 8.05672230193923e-07
137563.89526606782; 7.51786942277694e-07
137653.38745073683; 7.37849251696142e-07
137742.87963540584; 7.57695234334595e-07
137832.37182007486; 8.20456727786370e-07
137921.86400474387; 7.31751432559148e-07
138011.35618941288; 7.39495254098062e-07
138100.84837408189; 7.16330654991087e-07
138190.34055875090; 7.70073030612106e-07
138279.83274341992; 8.10183132305954e-07
138369.32492808893; 7.83489408128923e-07
138458.81711275794; 7.89069628730869e-07
138548.30929742695; 7.85358001230131e-07
138637.80148209597; 8.60206977324822e-07
138727.29366676495; 8.09022770626317e-07
138816.78585143396; 8.11275981652571e-07
138906.27803610297; 7.84038264877498e-07
138995.77022077198; 8.70099616680634e-07
139085.26240544100; 8.21773174934117e-07
139174.75459011001; 8.26626992337676e-07
139264.24677477902; 8.28673280905546e-07
139353.73895944803; 7.99611847571315e-07
139443.23114411705; 8.52234513466947e-07
139532.72332878606; 8.07185179300794e-07
139622.21551345507; 7.96944022161942e-07
139711.70769812408; 7.97710914126089e-07
139801.19988279309; 9.08002161180799e-07
139890.69206746211; 8.40497901046547e-07
139980.18425213112; 8.46069607935096e-07
140069.67643680013; 8.54110208767389e-07
140159.16862146914; 8.67708229277883e-07
140248.66080613816; 9.20798265275995e-07
140338.15299080717; 8.87845713358203e-07
140427.64517547618; 8.92347910403480e-07
140517.13736014519; 8.89826963116813e-07
140606.62954481420; 9.57420135210118e-07
140696.12172948322; 8.92476974823402e-07
140785.61391415223; 9.08765503531207e-07
140875.10609882124; 8.53831116619011e-07
140964.59828349025; 9.56369159832924e-07
141054.09046815927; 9.01620474232655e-07
141143.58265282828; 9.20841624191351e-07
141233.07483749729; 9.26193310530368e-07
141322.56702216630; 9.28421103779702e-07
141412.05920683531; 9.62065713445158e-07
141501.55139150433; 9.26119056975821e-07
141591.04357617334; 8.69282883610939e-07
141680.53576084235; 9.06892780622674e-07
141770.02794551136; 9.70676659683066e-07
141859.52013018038; 9.45535743565754e-07
141949.01231484939; 9.62797072168222e-07
142038.50449951840; 9.65871175921353e-07
142127.99668418741; 9.67799246809928e-07
142217.48886885642; 9.60790615251117e-07
142306.98105352544; 9.15621460997546e-07
142396.47323819445; 9.21771081136437e-07
142485.96542286346; 9.19473414810856e-07
142575.45760753247; 1.02675907292195e-06
142664.94979220149; 9.70710065290391e-07
142754.44197687050; 9.78417548245914e-07
142843.93416153951; 9.50320936725031e-07
142933.42634620852; 9.84335947736017e-07
143022.91853087753; 1.02643312788547e-06
143112.41071554655; 1.00301396566454e-06
143201.90290021556; 1.00324718444915e-06
143291.39508488457; 9.99322817224875e-07
143380.88726955358; 1.08866229723828e-06
143470.37945422260; 1.00995073236202e-06
143559.87163889161; 9.70613925367079e-07
143649.36382356062; 1.00564585230459e-06
143738.85600822963; 1.09047463820982e-06
143828.34819289864; 1.01266271181872e-06
143917.84037756766; 9.89654715101499e-07
144007.33256223667; 9.43791036663776e-07
144096.82474690568; 9.79676761245424e-07
144186.31693157469; 1.05292505966165e-06
144275.80911624370; 1.02107789506190e-06
144365.30130091272; 1.02941251224996e-06
144454.79348558173; 1.03678800629741e-06
144544.28567025074; 1.12992075946768e-06
144633.77785491975; 1.04618752595831e-06
144723.27003958877; 1.00285647125562e-06
144812.76222425778; 1.01786662649631e-06
144902.25440892679; 1.05685701902530e-06
144991.74659359580; 1.14439082801423e-06
145081.23877826481; 1.05133405506407e-06
145170.73096293383; 1.05260532623259e-06
145260.22314760284; 1.06314567542573e-06
145349.71533227185; 1.15310634914698e-06
145439.20751694086; 1.06777575271403e-06
145528.69970160988; 1.02620192931569e-06
145618.19188627889; 1.01192692918534e-06
145707.68407094790; 1.12230445353069e-06
145797.17625561691; 1.06264868198985e-06
145886.66844028592; 1.07615093453018e-06
145976.16062495494; 1.08870343685960e-06
146065.65280962395; 1.09634572140936e-06
146155.14499429296; 1.14472276317288e-06
146244.63717896197; 1.09711068389759e-06
146334.12936363099; 1.05077942784666e-06
146423.62154830000; 1.10336706058621e-06
146513.11373296901; 1.19326614566856e-06
146602.60591763802; 1.09702855422136e-06
146692.09810230703; 1.10044860063788e-06
146781.59028697605; 1.06399210786924e-06
146871.08247164506; 1.10539616079160e-06
146960.57465631407; 1.20771957640548e-06
147050.06684098305; 1.05898168956789e-06
147139.55902565207; 1.02833097139827e-06
147229.05121032108; 1.01954165973247e-06
147318.54339499009; 1.13005605135129e-06
147408.03557965910; 1.05787700424868e-06
147497.52776432812; 1.02492608724075e-06
147587.01994899713; 1.07872167979287e-06
147676.51213366614; 1.17566443611672e-06
147766.00431833515; 1.09153959634942e-06
147855.49650300416; 1.09170090141532e-06
147944.98868767318; 1.10916352431941e-06
148034.48087234219; 1.08388799052370e-06
148123.97305701120; 1.18900853314021e-06
148213.46524168021; 1.14394085377445e-06
148302.95742634922; 1.14406215961902e-06
148392.44961101824; 1.14148546034446e-06
148481.94179568725; 1.23618171612461e-06
148571.43398035626; 1.09009356223868e-06
148660.92616502527; 1.06676112255627e-06
148750.41834969429; 9.82605357306303e-07
148839.91053436330; 1.03860992683522e-06
148929.40271903231; 1.15478964252718e-06
149018.89490370132; 1.08442627929947e-06
149108.38708837033; 1.09555639903342e-06
149197.87927303935; 1.10314639867644e-06
149287.37145770836; 1.20246403505845e-06
149376.86364237737; 1.12025963078229e-06
149466.35582704638; 1.08448282369166e-06
149555.84801171540; 1.12907067168302e-06
149645.34019638441; 1.08185966897639e-06
149734.83238105342; 1.22964146410003e-06
149824.32456572243; 1.14394280220558e-06
149913.81675039144; 1.15064299827374e-06
150003.30893506046; 1.10520643595218e-06
150092.80111972947; 1.18856299117589e-06
150182.29330439848; 1.16933764580791e-06
150271.78548906749; 1.17714870898553e-06
150361.27767373651; 1.18066017418520e-06
150450.76985840552; 1.28137191400646e-06
150540.26204307453; 1.15189578425723e-06
150629.75422774354; 1.13449041235955e-06
150719.24641241255; 1.09589078298101e-06
150808.73859708157; 1.15011674660936e-06
150898.23078175058; 1.26688605234318e-06
150987.72296641959; 1.17518988444796e-06
151077.21515108860; 1.17302479248538e-06
151166.70733575762; 1.17655003461531e-06
151256.19952042663; 1.19826390638468e-06
151345.69170509564; 1.12654193012190e-06
151435.18388976465; 1.08982277279941e-06
151524.67607443366; 1.15846643229788e-06
151614.16825910268; 1.17404158302689e-06
151703.66044377169; 1.28624047574829e-06
151793.15262844070; 1.21422726646419e-06
151882.64481310971; 1.21686926338306e-06
151972.13699777873; 1.21607813882797e-06
152061.62918244774; 1.26039908227901e-06
152151.12136711675; 1.21656421630100e-06
152240.61355178576; 1.20995546530461e-06
152330.10573645477; 1.19705578539663e-06
152419.59792112379; 1.23802747529854e-06
152509.09010579280; 1.13691664246776e-06
152598.58229046181; 1.16761165542839e-06
152688.07447513082; 1.13611595713471e-06
152777.56665979984; 1.19627409209535e-06
152867.05884446885; 1.31178388050475e-06
152956.55102913786; 1.16518378181316e-06
153046.04321380687; 1.21698033250278e-06
153135.53539847588; 1.21869271410594e-06
153225.02758314490; 1.32841689066174e-06
153314.51976781391; 1.17694709346383e-06
153404.01195248292; 1.23149555101074e-06
153493.50413715193; 1.19955673119218e-06
153582.99632182095; 1.19074323925387e-06
153672.48850648996; 1.32540433530719e-06
153761.98069115897; 1.23961498954476e-06
153851.47287582798; 1.24222762654769e-06
153940.96506049699; 1.24239127279286e-06
154030.45724516601; 1.28512376882145e-06
154119.94942983502; 1.23666888790712e-06
154209.44161450403; 1.22148349168689e-06
154298.93379917304; 1.18260924527660e-06
154388.42598384205; 1.28950979456203e-06
154477.91816851107; 1.20363209622428e-06
154567.41035318008; 1.11307572689872e-06
154656.90253784909; 1.11395071377843e-06
154746.39472251810; 1.20341964571813e-06
154835.88690718712; 1.32427573757532e-06
154925.37909185613; 1.22658442463004e-06
155014.87127652514; 1.23210656416018e-06
155104.36346119415; 1.22221057191531e-06
155193.85564586316; 1.27184130862636e-06
155283.34783053218; 1.13133535618192e-06
155372.84001520116; 1.19801403030016e-06
155462.33219987017; 1.20871230865891e-06
155551.82438453918; 1.17921192027349e-06
155641.31656920820; 1.26609272387206e-06
155730.80875387721; 1.19444564490623e-06
155820.30093854622; 1.23482679302570e-06
155909.79312321523; 1.24188847924949e-06
155999.28530788425; 1.26821479309128e-06
156088.77749255326; 1.17984751805051e-06
156178.26967722227; 1.18408374600625e-06
156267.76186189128; 1.15031261961857e-06
156357.25404656029; 1.21070955600986e-06
156446.74623122931; 1.32130331101206e-06
156536.23841589832; 1.19917204679802e-06
156625.73060056733; 1.08679631163846e-06
156715.22278523634; 1.16964310872190e-06
156804.71496990536; 1.30438131747876e-06
156894.20715457437; 1.22197372009208e-06
156983.69933924338; 1.22901841300978e-06
157073.19152391239; 1.23677194146237e-06
157162.68370858140; 1.34567139558568e-06
157252.17589325042; 1.18848701434677e-06
157341.66807791943; 1.24747492155141e-06
157431.16026258844; 1.25016215070856e-06
157520.65244725745; 1.22274265705279e-06
157610.14463192647; 1.31649172590163e-06
157699.63681659548; 1.22551375958980e-06
157789.12900126449; 1.22624263975712e-06
157878.62118593350; 1.14084260871406e-06
157968.11337060251; 1.24147238925868e-06
158057.60555527153; 1.20231059454733e-06
158147.09773994054; 1.21657683535083e-06
158236.58992460955; 1.22731001203439e-06
158326.08210927856; 1.22963408391505e-06
158415.57429394757; 1.33945583812437e-06
158505.06647861659; 1.23040641220492e-06
158594.55866328560; 1.14742710217374e-06
158684.05084795461; 1.23034297351698e-06
158773.54303262362; 1.35119774261125e-06
158863.03521729264; 1.24777653042801e-06
158952.52740196165; 1.25222285410411e-06
159042.01958663066; 1.26094627908682e-06
159131.51177129967; 1.36754733744457e-06
159221.00395596868; 1.20656479525932e-06
159310.49614063770; 1.26526345176266e-06
159399.98832530671; 1.25797846709588e-06
159489.48050997572; 1.24364584056596e-06
159578.97269464473; 1.26807632631790e-06
159668.46487931375; 1.20186201643346e-06
159757.95706398276; 1.20233399058266e-06
159847.44924865177; 1.22291015157498e-06
159936.94143332078; 1.28149853386951e-06
160026.43361798979; 1.23611449902517e-06
160115.92580265881; 1.24259242465629e-06
160205.41798732782; 1.24803055310080e-06
160294.91017199683; 1.24743130374210e-06
160384.40235666584; 1.30606270359786e-06
160473.89454133486; 1.18724795477064e-06
160563.38672600387; 1.10164423441464e-06
160652.87891067288; 1.19179047630453e-06
160742.37109534189; 1.31539670919820e-06
160831.86328001090; 1.22092896224866e-06
160921.35546467992; 1.22284953626873e-06
161010.84764934893; 1.22642399033592e-06
161100.33983401794; 1.32802850458853e-06
161189.83201868695; 1.12579281265561e-06
161279.32420335597; 1.22780874019335e-06
161368.81638802498; 1.23773435641795e-06
161458.30857269399; 1.22879403102423e-06
161547.80075736300; 1.31051954953439e-06
161637.29294203201; 1.16037209463207e-06
161726.78512670103; 1.15200910069034e-06
161816.27731137004; 1.16682788928790e-06
161905.76949603905; 1.22350471560161e-06
161995.26168070806; 1.18000363266894e-06
162084.75386537708; 1.18709160955316e-06
162174.24605004609; 1.19477162269035e-06
162263.73823471510; 1.19866184603963e-06
162353.23041938411; 1.28945560014638e-06
162442.72260405312; 1.16938457168351e-06
162532.21478872214; 1.13605890678844e-06
162621.70697339115; 1.20208751625890e-06
162711.19915806016; 1.30400322960039e-06
162800.69134272917; 1.20674514692607e-06
162890.18352739819; 1.15680072971972e-06
162979.67571206720; 1.19573641635198e-06
163069.16789673621; 1.19050159191916e-06
163158.66008140522; 1.23576945630922e-06
163248.15226607423; 1.14530835383039e-06
163337.64445074325; 1.11376996469112e-06
163427.13663541226; 1.11109494272809e-06
163516.62882008127; 1.22562886462184e-06
163606.12100475028; 1.13010770974751e-06
163695.61318941927; 1.13487921654795e-06
163785.10537408828; 1.13625218691324e-06
163874.59755875729; 1.18438573158712e-06
163964.08974342630; 1.13232111627708e-06
164053.58192809531; 1.11465506470093e-06
164143.07411276433; 1.12885010150401e-06
164232.56629743334; 1.14447167163547e-06
164322.05848210235; 1.22891038290252e-06
164411.55066677136; 1.10747389603965e-06
164501.04285144038; 1.01673899649783e-06
164590.53503610939; 1.10722980114292e-06
164680.02722077840; 1.18371755335587e-06
164769.51940544741; 1.07595827539058e-06
164859.01159011642; 1.07426966032962e-06
164948.50377478544; 1.08229334892782e-06
165037.99595945445; 1.08007986736259e-06
165127.48814412346; 1.12907935038718e-06
165216.98032879247; 1.05234085447686e-06
165306.47251346149; 1.01822354568584e-06
165395.96469813050; 1.02822062684430e-06
165485.45688279951; 1.10690615359559e-06
165574.94906746852; 1.01583503586285e-06
165664.44125213753; 1.02743736543617e-06
165753.93343680655; 1.09935381171494e-06
165843.42562147556; 1.11113655554976e-06
165932.91780614457; 1.05019687935305e-06
166022.40999081358; 1.06002344096120e-06
166111.90217548260; 1.05468587790538e-06
166201.39436015161; 1.00388481882368e-06
166290.88654482062; 1.10481531791537e-06
166380.37872948963; 1.01853004877687e-06
166469.87091415864; 9.80005037255942e-07
166559.36309882766; 1.01717626481545e-06
166648.85528349667; 1.08947703825751e-06
166738.34746816568; 1.00151949850496e-06
166827.83965283469; 1.00801478282632e-06
166917.33183750371; 1.00156002464953e-06
167006.82402217272; 9.71649742958862e-07
167096.31620684173; 9.46114029142716e-07
167185.80839151074; 9.21213618837967e-07
167275.30057617975; 9.31999636859534e-07
167364.79276084877; 9.39006515171913e-07
167454.28494551778; 1.01821869609139e-06
167543.77713018679; 9.44704918054614e-07
167633.26931485580; 9.41921888420850e-07
167722.76149952482; 9.34631985050875e-07
167812.25368419383; 9.10253759378598e-07
167901.74586886284; 8.95896499264173e-07
167991.23805353185; 8.98532505620766e-07
168080.73023820086; 8.94252162511267e-07
168170.22242286988; 8.98898495953581e-07
168259.71460753889; 9.64325204656225e-07
168349.20679220790; 8.77187914032935e-07
168438.69897687691; 8.19865619760089e-07
168528.19116154592; 8.54154728760694e-07
168617.68334621494; 9.23543748988613e-07
168707.17553088395; 8.50786835015621e-07
168796.66771555296; 8.42809403546867e-07
168886.15990022197; 8.31106358591475e-07
168975.65208489099; 7.87468598097595e-07
169065.14426956000; 8.06758389315206e-07
169154.63645422901; 7.79760826344594e-07
169244.12863889802; 7.81172797798391e-07
169333.62082356703; 7.43740251860959e-07
169423.11300823605; 8.07040362931023e-07
169512.60519290506; 7.18812705516716e-07
169602.09737757407; 7.44149412439064e-07
169691.58956224308; 7.38339940442190e-07
169781.08174691210; 7.02063214768225e-07
169870.57393158111; 7.71922042548011e-07
169960.06611625012; 6.92462319605023e-07
170049.55830091913; 6.95892664786910e-07
170139.05048558814; 7.06545435039892e-07
170228.54267025716; 7.57281583172720e-07
170318.03485492617; 6.94744636983636e-07
170407.52703959518; 6.54891142935577e-07
170497.01922426419; 6.74355505718914e-07
170586.51140893321; 7.19651282001215e-07
170676.00359360222; 6.71089099689055e-07
170765.49577827123; 6.46979219707995e-07
170854.98796294024; 6.07583892411022e-07
170944.48014760925; 6.30521590360024e-07
171033.97233227827; 6.58722676260740e-07
171123.46451694728; 6.03943366735562e-07
171212.95670161629; 5.72901167232875e-07
171302.44888628530; 5.63833791694111e-07
171391.94107095432; 5.95005277477499e-07
171481.43325562333; 5.17127499612249e-07
171570.92544029234; 5.13069292128036e-07
171660.41762496135; 4.91925218802054e-07
171749.90980963036; 5.14875255941474e-07
171839.40199429938; 5.45180764734812e-07
171928.89417896839; 5.02916697439480e-07
172018.38636363737; 4.94600758269166e-07
172107.87854830638; 5.53858221408761e-07
172197.37073297540; 1.92123738538365e-07
172286.86291764441; 1.75933514531664e-07
172376.35510231342; 1.35434289107569e-07
172465.84728698243; 1.62423193555877e-07
172555.33947165144; 1.68858843612534e-07
172644.83165632046; 1.30624480569298e-07
172734.32384098947; 1.01632168973526e-07
172823.81602565848; 1.28928803535013e-07
172913.30821032749; 1.57901269017583e-07
173002.80039499651; 2.02534312592483e-07
