Time, s; Heat flow, Watt
1846.16774866817; 2.18643961911471e-05
1988.26499050370; 2.14042670449253e-05
2130.36223233923; 2.08889618958117e-05
2272.45947417476; 2.09748105190094e-05
2414.55671601029; 2.06154644495306e-05
2556.65395784582; 2.07249945658236e-05
2698.75119968135; 2.07153263458264e-05
2840.84844151689; 2.14272110340476e-05
2982.94568335242; 2.15217458823286e-05
3125.04292518795; 2.14063448954543e-05
3267.14016702348; 2.13967168529392e-05
3409.23740885901; 2.14258948435203e-05
3551.33465069454; 2.13612516257982e-05
3693.43189253007; 2.13091443835295e-05
3835.52913436561; 2.15138223708199e-05
3977.62637620114; 2.12866808821925e-05
4119.72361803667; 2.13150040398666e-05
4261.82085987220; 2.14862775102142e-05
4403.91810170773; 2.14067557586720e-05
4546.01534354326; 2.13625361493711e-05
4688.11258537879; 2.13852115044137e-05
4830.20982721433; 2.13146272328780e-05
4972.30706904986; 2.11850966874727e-05
5114.40431088539; 2.13442413785666e-05
5256.50155272092; 2.11190958641223e-05
5398.59879455645; 2.13017750924307e-05
5540.69603639198; 2.11801497983795e-05
5682.79327822751; 2.11634201204500e-05
5824.89052006305; 2.11836298830810e-05
5966.98776189858; 2.09349569814688e-05
6109.08500373411; 2.26211022034006e-05
6251.18224556964; 2.48022267438860e-05
6393.27948740517; 2.47835458564666e-05
6535.37672924070; 2.46110316728306e-05
6677.47397107623; 2.44824445765193e-05
6819.57121291176; 2.44080369163909e-05
6961.66845474730; 2.43556798871300e-05
7103.76569658283; 2.41956111947301e-05
7245.86293841836; 2.41336586651766e-05
7387.96018025389; 2.41295056758293e-05
7530.05742208942; 2.39976831445390e-05
7672.15466392495; 2.38755963436876e-05
7814.25190576048; 2.38027282812599e-05
7956.34914759602; 2.37426075324946e-05
8098.44638943155; 2.36924257881075e-05
8240.54363126708; 2.36897011644828e-05
8382.64087310261; 2.36284348258395e-05
8524.73811493814; 2.34757552114326e-05
8666.83535677367; 2.33691474283525e-05
8808.93259860920; 2.33125203073678e-05
8951.02984044473; 2.32609637207627e-05
9093.12708228027; 2.32198074799909e-05
9235.22432411580; 2.31319747656802e-05
9377.32156595133; 2.31963412666663e-05
9519.41880778686; 2.30049032343024e-05
9661.51604962239; 2.29031014902072e-05
9803.61329145792; 2.28939579553286e-05
9945.71053329346; 2.28019253700542e-05
10087.80777512899; 2.27804103741948e-05
10229.90501696452; 2.26165409154105e-05
10372.00225880005; 2.27186204921082e-05
10514.09950063558; 2.25071090120040e-05
10656.19674247111; 2.24169755374370e-05
10798.29398430664; 2.25272031042663e-05
10940.39122614218; 2.22845095268947e-05
11082.48846797771; 2.21408220781829e-05
11224.58570981324; 2.23482446625227e-05
11366.68295164877; 2.21083810700091e-05
11508.78019348430; 2.20665044019589e-05
11650.87743531983; 2.19731686151422e-05
11792.97467715536; 2.19155386953506e-05
11935.07191899090; 2.19151149800077e-05
12077.16916082643; 2.17898089681273e-05
12219.26640266196; 2.16306638939817e-05
12361.36364449749; 2.17521018637498e-05
12503.46088633302; 2.15689164779547e-05
12645.55812816855; 2.14073949632827e-05
12787.65537000408; 2.15757661676864e-05
12929.75261183961; 2.13983577434069e-05
13071.84985367515; 2.12297068182710e-05
13213.94709551068; 2.14486790030741e-05
13356.04433734621; 2.12028431651512e-05
13498.14157918174; 2.10461765844005e-05
13640.23882101727; 2.11796595327278e-05
13782.33606285280; 2.10151997761893e-05
13924.43330468833; 2.08605335176830e-05
14066.53054652387; 2.10233983298801e-05
14208.62778835940; 2.07686550567064e-05
14350.72503019493; 2.08648548243245e-05
14492.82227203046; 2.07567090892317e-05
14634.91951386599; 2.05655226232053e-05
14777.01675570152; 2.06954041367441e-05
14919.11399753706; 2.05307783067482e-05
15061.21123937259; 2.03768568603230e-05
15203.30848120812; 2.05103661750233e-05
15345.40572304365; 2.03231396638677e-05
15487.50296487918; 2.01642324002920e-05
15629.60020671471; 2.03282121840335e-05
15771.69744855024; 2.01284361280304e-05
15913.79469038578; 1.99884229558894e-05
16055.89193222131; 2.01034973759984e-05
16197.98917405684; 1.98994486277620e-05
16340.08641589237; 1.99069567225311e-05
16482.18365772790; 1.99325731528935e-05
16624.28089956343; 1.96830137374420e-05
16766.37814139896; 1.97035483873626e-05
16908.47538323449; 1.97804059162490e-05
17050.57262507002; 1.94941267714158e-05
17192.66986690555; 1.96138140488806e-05
17334.76710874109; 1.94483989753176e-05
17476.86435057662; 1.93151412450760e-05
17618.96159241215; 1.94091538721401e-05
17761.05883424768; 1.92556435650848e-05
17903.15607608321; 1.91137855945809e-05
18045.25331791874; 1.92104375493657e-05
18187.35055975428; 1.90474909808057e-05
18329.44780158981; 1.89804195524711e-05
18471.54504342534; 1.89941477307162e-05
18613.64228526087; 1.87775161842245e-05
18755.73952709640; 1.87738769069420e-05
18897.83676893193; 1.88007464834817e-05
19039.93401076747; 1.85917796777720e-05
19182.03125260300; 1.85904486674885e-05
19324.12849443853; 1.85994360834410e-05
19466.22573627406; 1.84441557326106e-05
19608.32297810959; 1.83798157240410e-05
19750.42021994512; 1.83859365875775e-05
19892.51746178066; 1.81616481864985e-05
20034.61470361619; 1.82270141678173e-05
20176.71194545172; 1.80190159170226e-05
20318.80918728725; 1.80033181432455e-05
20460.90642912278; 1.80210442377104e-05
20603.00367095831; 1.78130243642017e-05
20745.10091279384; 1.78438804336942e-05
20887.19815462938; 1.77812715677618e-05
21029.29539646491; 1.75747916109356e-05
21171.39263830044; 1.75472704310496e-05
21313.48988013597; 1.75414630549466e-05
21455.58712197150; 1.73104732237723e-05
21597.68436380703; 1.72875027801692e-05
21739.78160564256; 1.72686380710517e-05
21881.87884747809; 1.71272827429712e-05
22023.97608931363; 1.70098160594706e-05
22166.07333114916; 1.69360211762747e-05
22308.17057298469; 1.68215256302569e-05
22450.26781482022; 1.67362789895631e-05
22592.36505665575; 1.66768133656320e-05
22734.46229849128; 1.65578081572890e-05
22876.55954032681; 1.65474738609274e-05
23018.65678216235; 1.63090349690081e-05
23160.75402399788; 1.63493090101616e-05
23302.85126583341; 1.62452778564136e-05
23444.94850766894; 1.60115122830082e-05
23587.04574950447; 1.59918633877303e-05
23729.14299134000; 1.59394425525698e-05
23871.24023317553; 1.57441873867728e-05
24013.33747501106; 1.56574080678778e-05
24155.43471684660; 1.56011889528527e-05
24297.53195868213; 1.54621733735780e-05
24439.62920051766; 1.54238888252615e-05
24581.72644235319; 1.52768729144528e-05
24723.82368418872; 1.51347169459718e-05
24865.92092602425; 1.50719509970729e-05
25008.01816785978; 1.49541813521602e-05
25150.11540969532; 1.48676440550703e-05
25292.21265153085; 1.47501486816407e-05
25434.30989336638; 1.46948394335667e-05
25576.40713520191; 1.45632024487169e-05
25718.50437703744; 1.46178869037580e-05
25860.60161887297; 1.43229921572452e-05
26002.69886070850; 1.42774759199576e-05
26144.79610254403; 1.41970352884861e-05
26286.89334437957; 1.40754715224031e-05
26428.99058621510; 1.39906713909566e-05
26571.08782805063; 1.38892593917808e-05
26713.18506988616; 1.37860981374993e-05
26855.28231172169; 1.37065255547585e-05
26997.37955355722; 1.35980064658403e-05
27139.47679539275; 1.34625624842198e-05
27281.57403722829; 1.33658358069454e-05
27423.67127906382; 1.33563940241525e-05
27565.76852089935; 1.32536598430080e-05
27707.86576273488; 1.31792255808453e-05
27849.96300457041; 1.30687314133307e-05
27992.06024640594; 1.29846777382947e-05
28134.15748824148; 1.28522860371812e-05
28276.25473007701; 1.28448287362240e-05
28418.35197191254; 1.26550033394868e-05
28560.44921374807; 1.25874678639771e-05
28702.54645558360; 1.24775489061409e-05
28844.64369741913; 1.23714644172744e-05
28986.74093925467; 1.23332503361200e-05
29128.83818109020; 1.21937954099168e-05
29270.93542292573; 1.21324935674821e-05
29413.03266476126; 1.20867699142864e-05
29555.12990659679; 1.19832307307231e-05
29697.22714843232; 1.18750046354305e-05
29839.32439026785; 1.18189259304569e-05
29981.42163210339; 1.17765837140544e-05
30123.51887393892; 1.15778605058438e-05
30265.61611577445; 1.16990308792141e-05
30407.71335760998; 1.15102880190284e-05
30549.81059944551; 1.14195494227125e-05
30691.90784128104; 1.14634247045931e-05
30834.00508311657; 1.12858818104028e-05
30976.10232495210; 1.11389791668333e-05
31118.19956678764; 1.11753696742600e-05
31260.29680862317; 1.10589393698643e-05
31402.39405045870; 1.08559307419465e-05
31544.49129229423; 1.09934277266639e-05
31686.58853412976; 1.08147610948424e-05
31828.68577596529; 1.08009743022716e-05
31970.78301780082; 1.07004098560388e-05
32112.88025963636; 1.06353297450454e-05
32254.97750147189; 1.06178350125248e-05
32397.07474330742; 1.04377777371319e-05
32539.17198514295; 1.03617274567209e-05
32681.26922697848; 1.03310918916962e-05
32823.36646881401; 1.02597979348159e-05
32965.46371064954; 1.01100555731804e-05
33107.56095248507; 1.02285383765675e-05
33249.65819432061; 1.00312919113334e-05
33391.75543615614; 9.94107817488050e-06
33533.85267799167; 9.95688903352006e-06
33675.94991982720; 9.75878650168148e-06
33818.04716166273; 9.79241496193810e-06
33960.14440349826; 9.76084076406928e-06
34102.24164533379; 9.55197245132156e-06
34244.33888716933; 9.55468207879546e-06
34386.43612900486; 9.60616643344391e-06
34528.53337084039; 9.36213753988934e-06
34670.63061267592; 9.42646831455362e-06
34812.72785451145; 9.27678591555736e-06
34954.82509634698; 9.16536622844409e-06
35096.92233818251; 9.25567082009583e-06
35239.01958001804; 9.07200360274727e-06
35381.11682185357; 8.92784543992628e-06
35523.21406368911; 9.01266054472271e-06
35665.31130552464; 8.87552472206369e-06
35807.40854736017; 8.83237185557681e-06
35949.50578919570; 8.87771906239838e-06
36091.60303103123; 8.67222161410751e-06
36233.70027286676; 8.66248817541707e-06
36375.79751470230; 8.69889614283583e-06
36517.89475653783; 8.48417522905095e-06
36659.99199837336; 8.49392472994807e-06
36802.08924020889; 8.42449247245089e-06
36944.18648204442; 8.38165784571719e-06
37086.28372387995; 8.32937855107753e-06
37228.38096571549; 8.40128306383904e-06
37370.47820755102; 8.20611000858582e-06
37512.57544938655; 8.27032176752333e-06
37654.67269122208; 8.10599194821375e-06
37796.76993305761; 8.08205222184236e-06
37938.86717489314; 8.13302912103230e-06
38080.96441672868; 7.86289555774701e-06
38223.06165856421; 7.96262736143492e-06
38365.15890039974; 7.92164990983246e-06
38507.25614223527; 7.77427929078134e-06
38649.35338407080; 7.70659843230406e-06
38791.45062590633; 7.74688135399162e-06
38933.54786774187; 7.60612903848427e-06
39075.64510957740; 7.56717758577244e-06
39217.74235141293; 7.59919609146630e-06
39359.83959324846; 7.37014535053498e-06
39501.93683508399; 7.43492127357759e-06
39644.03407691952; 7.33238098377944e-06
39786.13131875505; 7.31819933236012e-06
39928.22856059059; 7.25174421377847e-06
40070.32580242612; 7.20363125754186e-06
40212.42304426165; 7.16351789609977e-06
40354.52028609718; 7.13294208485003e-06
40496.61752793271; 7.01483484585895e-06
40638.71476976824; 6.96530206155975e-06
40780.81201160377; 6.98438077179283e-06
40922.90925343931; 6.85031601691261e-06
41065.00649527484; 6.85608855869304e-06
41207.10373711037; 6.82266909969769e-06
41349.20097894590; 6.66585710415468e-06
41491.29822078143; 6.68312495766303e-06
41633.39546261696; 6.63830141747540e-06
41775.49270445249; 6.57073699520733e-06
41917.58994628802; 6.51979087708027e-06
42059.68718812356; 6.44589576740305e-06
42201.78442995909; 6.40374270284871e-06
42343.88167179462; 6.38782684849094e-06
42485.97891363015; 6.30230208420355e-06
42628.07615546568; 6.25451312549684e-06
42770.17339730121; 6.23712644667390e-06
42912.27063913674; 6.17680033801482e-06
43054.36788097228; 6.14548103477223e-06
43196.46512280781; 6.13612137328931e-06
43338.56236464334; 6.00492888322554e-06
43480.65960647887; 5.89836332141068e-06
43622.75684831440; 5.95828249794974e-06
43764.85409014993; 5.87261409687053e-06
43906.95133198546; 5.82025629974462e-06
44049.04857382099; 5.81942706656961e-06
44191.14581565653; 5.73031485469656e-06
44333.24305749206; 5.71445582560812e-06
44475.34029932759; 5.66930471920879e-06
44617.43754116312; 5.64364614246786e-06
44759.53478299865; 5.54179935780773e-06
44901.63202483418; 5.58183810798120e-06
45043.72926666971; 5.50271574189459e-06
45185.82650850525; 5.46750559434435e-06
45327.92375034078; 5.46467095373414e-06
45470.02099217631; 5.36751647114343e-06
45612.11823401184; 5.33318819225563e-06
45754.21547584737; 5.34090775514988e-06
45896.31271768290; 5.26963226166373e-06
46038.40995951843; 5.17760145497958e-06
46180.50720135396; 5.16189281041003e-06
46322.60444318950; 5.11415788549260e-06
46464.70168502503; 5.07872402670560e-06
46606.79892686056; 5.05487740827220e-06
46748.89616869609; 4.99924874076983e-06
46890.99341053162; 5.03668206132622e-06
47033.09065236715; 4.94365384235250e-06
47175.18789420268; 4.91073620148146e-06
47317.28513603821; 4.86658894860642e-06
47459.38237787375; 4.81364907738414e-06
47601.47961970928; 4.75096890383182e-06
47743.57686154481; 4.79192514771037e-06
47885.67410338034; 4.72264975819655e-06
48027.77134521587; 4.62774305401595e-06
48169.86858705140; 4.70593187782228e-06
48311.96582888693; 4.58322006092473e-06
48454.06307072247; 4.54515518545174e-06
48596.16031255800; 4.53038559338546e-06
48738.25755439353; 4.45206443899868e-06
48880.35479622906; 4.44323669665095e-06
49022.45203806459; 4.39834213909589e-06
49164.54927990012; 4.38985023369586e-06
49306.64652173565; 4.34917263058614e-06
49448.74376357118; 4.35501410177017e-06
49590.84100540672; 4.26612600062080e-06
49732.93824724225; 4.31446019659435e-06
49875.03548907778; 4.19769545722452e-06
50017.13273091331; 4.18338682245107e-06
50159.22997274884; 4.18269273558571e-06
50301.32721458437; 4.14214495387191e-06
50443.42445641990; 4.10700463116509e-06
50585.52169825544; 4.14269641716103e-06
50727.61894009097; 4.06476555108298e-06
50869.71618192650; 3.97571143832062e-06
51011.81342376203; 4.03346019409096e-06
51153.91066559756; 3.94655811744796e-06
51296.00790743309; 3.88112991528896e-06
51438.10514926862; 3.89412953320490e-06
51580.20239110415; 3.85255005967183e-06
51722.29963293969; 3.92165898007134e-06
51864.39687477522; 3.85295408247859e-06
52006.49411661075; 3.78883515695922e-06
52148.59135844628; 3.78581582894369e-06
52290.68860028181; 3.71829412881573e-06
52432.78584211734; 3.65030568061186e-06
52574.88308395287; 3.70874154601876e-06
52716.98032578841; 3.60528269863537e-06
52859.07756762394; 3.57590895050234e-06
53001.17480945947; 3.63156818779867e-06
53143.27205129500; 3.57344021254721e-06
53285.36929313053; 3.51832455177417e-06
53427.46653496606; 3.48995854777514e-06
53569.56377680159; 3.44610132258329e-06
53711.66101863713; 3.45113781073766e-06
53853.75826047266; 3.48231983252193e-06
53995.85550230819; 3.39977556409271e-06
54137.95274414372; 3.39131553233647e-06
54280.04998597925; 3.41918265750634e-06
54422.14722781478; 3.32257769940852e-06
54564.24446965032; 3.28243241794392e-06
54706.34171148585; 3.29720998060406e-06
54848.43895332138; 3.25816173029858e-06
54990.53619515691; 3.28826094568859e-06
55132.63343699244; 3.24081814619666e-06
55274.73067882797; 3.20640208892133e-06
55416.82792066351; 3.21441583894841e-06
55558.92516249904; 3.15058665450167e-06
55701.02240433457; 3.15052231876846e-06
55843.11964617010; 3.15906403923898e-06
55985.21688800563; 3.08140157084704e-06
56127.31412984116; 3.08684466912868e-06
56269.41137167670; 3.08780238452745e-06
56411.50861351223; 3.01631666125437e-06
56553.60585534776; 2.99508325168048e-06
56695.70309718329; 3.00968205858003e-06
56837.80033901882; 2.98740370188683e-06
56979.89758085435; 2.94758733126973e-06
57121.99482268989; 2.97267941408608e-06
57264.09206452542; 2.89681798964701e-06
57406.18930636095; 2.89227951972259e-06
57548.28654819648; 2.88926400618397e-06
57690.38379003201; 2.88100711473302e-06
57832.48103186754; 2.86152131369766e-06
57974.57827370307; 2.80432128225199e-06
58116.67551553861; 2.82349615462998e-06
58258.77275737414; 2.80492592813464e-06
58400.86999920967; 2.73961974979168e-06
58542.96724104520; 2.74146636624652e-06
58685.06448288073; 2.76637752045459e-06
58827.16172471626; 2.69709400794424e-06
58969.25896655179; 2.69938845014380e-06
59111.35620838733; 2.69341501926601e-06
59253.45345022286; 2.61317654801484e-06
59395.55069205839; 2.62386684309603e-06
59537.64793389392; 2.61547419098266e-06
59679.74517572945; 2.60080581017190e-06
59821.84241756498; 2.58872676947968e-06
59963.93965940051; 2.56235765210251e-06
60106.03690123604; 2.54699780065041e-06
60248.13414307158; 2.51987839513438e-06
60390.23138490711; 2.53384697599941e-06
60532.32862674264; 2.53518275597802e-06
60674.42586857817; 2.56911382384615e-06
60816.52311041370; 2.47551938985165e-06
60958.62035224923; 2.47685165195655e-06
61100.71759408476; 2.47671184683543e-06
61242.81483592030; 2.44046588966955e-06
61384.91207775583; 2.43288127707570e-06
61527.00931959136; 2.43368126405441e-06
61669.10656142689; 2.40578885082343e-06
61811.20380326242; 2.37930875273227e-06
61953.30104509795; 2.38246045068783e-06
62095.39828693348; 2.34000200786544e-06
62237.49552876901; 2.33530359674403e-06
62379.59277060455; 2.32905634316921e-06
62521.69001244008; 2.30672631875900e-06
62663.78725427561; 2.28629183044455e-06
62805.88449611114; 2.29522461728212e-06
62947.98173794667; 2.27425875799974e-06
63090.07897978220; 2.29071448829399e-06
63232.17622161773; 2.26642026994331e-06
63374.27346345327; 2.21091190204632e-06
63516.37070528880; 2.22945509164985e-06
63658.46794712433; 2.19064731541860e-06
63800.56518895986; 2.19611068707212e-06
63942.66243079539; 2.17942796079604e-06
64084.75967263092; 2.15605650814370e-06
64226.85691446645; 2.15661971132893e-06
64368.95415630198; 2.16388172289781e-06
64511.05139813752; 2.13156635928728e-06
64653.14863997305; 2.09647450248727e-06
64795.24588180858; 2.09944911149985e-06
64937.34312364411; 2.08723687966914e-06
65079.44036547964; 2.06304380406933e-06
65221.53760731517; 2.08546331549591e-06
65363.63484915070; 2.06092699800558e-06
65505.73209098624; 2.03041401797921e-06
65647.82933282177; 2.06023763849929e-06
65789.92657465729; 2.03658307804886e-06
65932.02381649283; 2.02233074453327e-06
66074.12105832835; 2.02950275274533e-06
66216.21830016389; 2.00005551839979e-06
66358.31554199941; 1.99587761493478e-06
66500.41278383495; 1.98027501547832e-06
66642.51002567049; 1.97446476294789e-06
66784.60726750601; 1.97527743285977e-06
66926.70450934155; 1.97905168158653e-06
67068.80175117707; 1.94836164883453e-06
67210.89899301261; 1.94127600727918e-06
67352.99623484813; 1.92028425682788e-06
67495.09347668367; 1.88687831433430e-06
67637.19071851920; 1.89786055422924e-06
67779.28796035473; 1.84909048670482e-06
67921.38520219026; 1.83442427605192e-06
68063.48244402579; 1.82107843442650e-06
68205.57968586133; 1.81516201950119e-06
68347.67692769686; 1.78954429940621e-06
68489.77416953239; 1.80897944427070e-06
68631.87141136792; 1.79274848784885e-06
68773.96865320345; 1.76947782511678e-06
68916.06589503898; 1.79709523757154e-06
69058.16313687451; 1.74144827414615e-06
69200.26037871004; 1.74826729302878e-06
69342.35762054558; 1.73347956183478e-06
69484.45486238111; 1.66697962349774e-06
69626.55210421664; 1.68216481470953e-06
69768.64934605217; 1.67238447671761e-06
69910.74658788770; 1.67676786513086e-06
70052.84382972324; 1.66263877196625e-06
70194.94107155876; 1.65642761289018e-06
70337.03831339430; 1.63560681057887e-06
70479.13555522983; 1.63072791518792e-06
70621.23279706536; 1.61848631357414e-06
70763.33003890089; 1.59785156857513e-06
70905.42728073642; 1.62265874969233e-06
71047.52452257196; 1.56895928384976e-06
71189.62176440748; 1.58121091165750e-06
71331.71900624302; 1.59107468758966e-06
71473.81624807855; 1.56152250940146e-06
71615.91348991408; 1.57944389052791e-06
71758.01073174961; 1.60688486923385e-06
71900.10797358514; 1.57376485126985e-06
72042.20521542068; 1.57277217401888e-06
72184.30245725620; 1.55296977101698e-06
72326.39969909174; 1.52860433351178e-06
72468.49694092727; 1.54907679647151e-06
72610.59418276280; 1.52161162897962e-06
72752.69142459834; 1.51622596909460e-06
72894.78866643386; 1.52494900385066e-06
73036.88590826940; 1.50517197674930e-06
73178.98315010492; 1.49912712001509e-06
73321.08039194046; 1.48325546227638e-06
73463.17763377598; 1.42889708456299e-06
73605.27487561152; 1.43221792635887e-06
73747.37211744706; 1.45418762767146e-06
73889.46935928258; 1.41903897279050e-06
74031.56660111812; 1.41393655162350e-06
74173.66384295364; 1.42234637783463e-06
74315.76108478918; 1.40318166296288e-06
74457.85832662470; 1.39968304069510e-06
74599.95556846024; 1.40785522283509e-06
74742.05281029578; 1.38470871302654e-06
74884.15005213130; 1.35695361766076e-06
75026.24729396684; 1.35942107884048e-06
75168.34453580236; 1.33663158300408e-06
75310.44177763790; 1.35223062218197e-06
75452.53901947342; 1.32566360316395e-06
75594.63626130896; 1.34379888093421e-06
75736.73350314450; 1.34231025832745e-06
75878.83074498002; 1.31988186894285e-06
76020.92798681556; 1.32109548343158e-06
76163.02522865108; 1.32879607841693e-06
76305.12247048662; 1.28364755899280e-06
76447.21971232214; 1.26377912302508e-06
76589.31695415768; 1.28646123894466e-06
76731.41419599320; 1.27009813341436e-06
76873.51143782874; 1.26341227074915e-06
77015.60867966428; 1.26383912309971e-06
77157.70592149980; 1.25759836451788e-06
77299.80316333534; 1.23474797515282e-06
77441.90040517086; 1.23234185092805e-06
77583.99764700640; 1.24267783401530e-06
77726.09488884192; 1.23971641388195e-06
77868.19213067746; 1.23876684410679e-06
78010.28937251300; 1.22329475794481e-06
78152.38661434852; 1.24119027643284e-06
78294.48385618406; 1.19498980235943e-06
78436.58109801958; 1.19341420232874e-06
78578.67833985512; 1.20381183733529e-06
78720.77558169064; 1.20176454475955e-06
78862.87282352618; 1.18318117611407e-06
79004.97006536172; 1.18908296996059e-06
79147.06730719724; 1.16956562772949e-06
79289.16454903278; 1.13948096878145e-06
79431.26179086830; 1.16039592754592e-06
79573.35903270384; 1.14890317359951e-06
79715.45627453936; 1.12454837408217e-06
79857.55351637490; 1.14084778715191e-06
79999.65075821044; 1.11753213824921e-06
80141.74800004596; 1.10805052002583e-06
80283.84524188150; 1.11652552122752e-06
80425.94248371702; 1.11695064526635e-06
80568.03972555256; 1.12351918365456e-06
80710.13696738808; 1.11425415296178e-06
80852.23420922362; 1.09665240334321e-06
80994.33145105914; 1.09071833297809e-06
81136.42869289468; 1.06434299085421e-06
81278.52593473022; 1.07177567163923e-06
81420.62317656574; 1.08174370210325e-06
81562.72041840128; 1.07731214466107e-06
81704.81766023680; 1.05941764437544e-06
81846.91490207234; 1.07464655117493e-06
81989.01214390786; 1.05104194517710e-06
82131.10938574340; 1.03934627848466e-06
82273.20662757894; 1.05229034487344e-06
82415.30386941446; 1.03216741846244e-06
82557.40111125000; 1.04796021555862e-06
82699.49835308552; 1.05079872192713e-06
82841.59559492106; 1.03390098143763e-06
82983.69283675659; 1.02340122394910e-06
83125.79007859212; 1.04026935564614e-06
83267.88732042766; 1.00655541867139e-06
83409.98456226318; 9.97712396345752e-07
83552.08180409872; 1.01553368766820e-06
83694.17904593424; 9.77769978971794e-07
83836.27628776978; 9.73602192868044e-07
83978.37352960531; 9.71762775008543e-07
84120.47077144084; 9.49399249569325e-07
84262.56801327638; 9.62169767985996e-07
84404.66525511190; 9.62655677715991e-07
84546.76249694744; 9.66110941119343e-07
84688.85973878296; 1.00199266241023e-06
84830.95698061850; 9.55717294891754e-07
84973.05422245403; 9.60555378653357e-07
85115.15146428956; 9.67523715355612e-07
85257.24870612509; 9.39097328660664e-07
85399.34594796062; 9.35027592696720e-07
85541.44318979616; 8.86540095157876e-07
85683.54043163169; 8.70694835691431e-07
85825.63767346722; 9.03898045347409e-07
85967.73491530275; 9.20512083922221e-07
86109.83215713828; 9.08211043260950e-07
86251.92939897381; 9.04342637927292e-07
86394.02664080934; 9.12846997990464e-07
86536.12388264488; 9.07181813904911e-07
86678.22112448041; 8.74804324902146e-07
86820.31836631594; 8.73579180716131e-07
86962.41560815147; 9.39777415965291e-07
87104.51284998700; 8.23519339127801e-07
87246.61009182253; 8.32126019985729e-07
87388.70733365807; 8.35682481462941e-07
87530.80457549360; 8.31010731233414e-07
87672.90181732913; 8.34645770819423e-07
87814.99905916466; 8.05111816666804e-07
87957.09630100019; 8.14035089814010e-07
88099.19354283572; 8.36026947912801e-07
88241.29078467125; 8.22861807911122e-07
88383.38802650679; 8.52227190939687e-07
88525.48526834232; 8.41927811324450e-07
88667.58251017785; 9.84805438159206e-07
88809.67975201338; 7.69757553729245e-07
88951.77699384891; 7.89392751202598e-07
89093.87423568445; 8.16266074362834e-07
89235.97147751997; 9.38910321955108e-07
89378.06871935551; 7.86244116453980e-07
89520.16596119103; 7.47158361966448e-07
89662.26320302657; 7.38498694736146e-07
89804.36044486210; 7.42950527171266e-07
89946.45768669763; 7.67335697641760e-07
90088.55492853317; 7.66915973089636e-07
90230.65217036869; 7.66149311449478e-07
90372.74941220423; 7.76838614413115e-07
90514.84665403975; 7.45884686134982e-07
90656.94389587529; 7.52611286143452e-07
90799.04113771082; 7.53431554504885e-07
90941.13837954635; 7.34775750910677e-07
91083.23562138189; 7.25078421373400e-07
91225.33286321741; 7.75986536649259e-07
91367.43010505295; 7.89094345192754e-07
91509.52734688847; 7.16429954784619e-07
91651.62458872401; 7.35193853865879e-07
91793.72183055955; 7.29813607282692e-07
91935.81907239507; 7.23820076893612e-07
92077.91631423061; 7.17703722355216e-07
92220.01355606613; 7.01317417677275e-07
92362.11079790167; 7.08557201728239e-07
92504.20803973719; 6.88293756696498e-07
92646.30528157273; 6.95775924391236e-07
92788.40252340825; 7.28928372047609e-07
92930.49976524379; 7.79692055290064e-07
93072.59700707933; 7.09664631207199e-07
93214.69424891485; 8.11440893544831e-07
93356.79149075039; 6.75336568475874e-07
93498.88873258591; 6.37930240284488e-07
93640.98597442145; 6.69372581913513e-07
93783.08321625697; 7.27642961040281e-07
93925.18045809251; 6.51561586471461e-07
94067.27769992805; 6.57915460674088e-07
94209.37494176357; 6.52028941553061e-07
94351.47218359911; 6.66607017526367e-07
94493.56942543463; 6.63749557954415e-07
94635.66666727017; 6.45612928769551e-07
94777.76390910569; 6.09370567394642e-07
94919.86115094123; 6.24246983427628e-07
95061.95839277677; 6.28750629099101e-07
95204.05563461229; 6.38402563138667e-07
95346.15287644783; 6.32362761593355e-07
95488.25011828335; 6.41332245556433e-07
95630.34736011889; 6.31844541137426e-07
95772.44460195441; 5.99022338769976e-07
95914.54184378995; 5.99022190471760e-07
96056.63908562549; 6.13649195646078e-07
96198.73632746101; 6.15063672448564e-07
96340.83356929655; 6.15403165366201e-07
96482.93081113207; 6.28873975522827e-07
96625.02805296761; 6.29815995999941e-07
96767.12529480313; 6.27402654986042e-07
96909.22253663867; 6.48263153710466e-07
97051.31977847419; 6.90258358019177e-07
97193.41702030973; 6.80802064675707e-07
97335.51426214527; 6.33923404432796e-07
97477.61150398079; 6.10163466630153e-07
97619.70874581633; 5.66577468110779e-07
97761.80598765185; 5.58393762507735e-07
97903.90322948739; 5.49285271065495e-07
98046.00047132291; 5.51697560145386e-07
98188.09771315845; 5.66594846653651e-07
98330.19495499399; 5.33819400723826e-07
98472.29219682951; 5.42617034577392e-07
98614.38943866505; 5.34978450940722e-07
98756.48668050057; 5.34031824846121e-07
98898.58392233611; 5.29215882998057e-07
99040.68116417163; 5.18255333953048e-07
99182.77840600717; 5.43633413215669e-07
99324.87564784271; 5.60134214991862e-07
99466.97288967823; 5.52990891378230e-07
99609.07013151377; 5.47712227696860e-07
99751.16737334929; 5.71913620213463e-07
99893.26461518483; 5.78045406550759e-07
100035.36185702035; 5.24196680753345e-07
100177.45909885589; 5.30282043095475e-07
100319.55634069143; 5.08694252058939e-07
100461.65358252695; 5.04693000600074e-07
100603.75082436249; 5.11525821245771e-07
100745.84806619801; 4.87187542412057e-07
100887.94530803355; 5.04726445476542e-07
101030.04254986907; 5.12599653021912e-07
101172.13979170461; 5.28956953680212e-07
101314.23703354014; 4.89883230618846e-07
101456.33427537567; 4.87898252194278e-07
101598.43151721121; 5.50248732710192e-07
101740.52875904673; 5.42877111081988e-07
101882.62600088227; 4.92407118877342e-07
102024.72324271780; 5.01032375549011e-07
102166.82048455333; 5.20163636785982e-07
102308.91772638886; 4.69155626760101e-07
102451.01496822439; 4.59321424457572e-07
102593.11221005993; 4.77462632643886e-07
102735.20945189545; 4.76152832823216e-07
102877.30669373099; 4.77721453086763e-07
103019.40393556652; 4.55358315263523e-07
103161.50117740205; 4.61119603027630e-07
103303.59841923758; 4.59122023335468e-07
103445.69566107311; 4.77328283286962e-07
103587.79290290865; 4.51132185165825e-07
103729.89014474417; 4.51942213328085e-07
103871.98738657971; 4.78815127904657e-07
104014.08462841524; 4.69586988866521e-07
104156.18187025077; 4.74229508501038e-07
104298.27911208630; 4.90003995090163e-07
104440.37635392183; 5.64519194455684e-07
104582.47359575737; 6.05327504285593e-07
104724.57083759290; 6.19959265850737e-07
104866.66807942843; 6.16014782355507e-07
105008.76532126396; 5.98382076037379e-07
105150.86256309949; 5.87861776267679e-07
105292.95980493502; 5.67989076271861e-07
105435.05704677055; 5.36528032630873e-07
105577.15428860608; 5.29043927689727e-07
105719.25153044162; 5.24669018049857e-07
105861.34877227715; 5.45650162078101e-07
106003.44601411268; 6.27120015633565e-07
106145.54325594821; 5.94689866331421e-07
106287.64049778374; 5.83242661446017e-07
106429.73773961928; 5.69656554492192e-07
106571.83498145480; 5.61650046680084e-07
106713.93222329034; 5.64307869443109e-07
106856.02946512587; 5.51009048212612e-07
106998.12670696140; 5.58352082652926e-07
107140.22394879693; 5.68080163821331e-07
107282.32119063246; 5.70552485142494e-07
107424.41843246800; 5.72059731154497e-07
107566.51567430352; 5.71963967274734e-07
107708.61291613906; 5.82030993660869e-07
107850.71015797459; 5.71723769944673e-07
107992.80739981012; 5.45008455924043e-07
108134.90464164565; 5.07560739100116e-07
108277.00188348118; 5.22808638305697e-07
108419.09912531672; 5.16704684624287e-07
108561.19636715224; 5.12621139708717e-07
108703.29360898778; 5.02436431414154e-07
108845.39085082331; 4.96499477102844e-07
108987.48809265884; 4.88626702367383e-07
109129.58533449438; 4.84816599761500e-07
109271.68257632990; 5.12316091867580e-07
109413.77981816544; 5.03910264642541e-07
109555.87706000096; 5.30591892772724e-07
109697.97430183650; 5.44362586513801e-07
109840.07154367202; 5.38197502718500e-07
109982.16878550756; 5.32524187500457e-07
110124.26602734310; 5.26310205112695e-07
110266.36326917862; 5.36607452624397e-07
110408.46051101416; 5.79466932448226e-07
110550.55775284968; 5.56507664196350e-07
110692.65499468522; 5.07441824487502e-07
110834.75223652074; 5.00679866958697e-07
110976.84947835628; 4.68642640990773e-07
111118.94672019182; 4.50877807089656e-07
111261.04396202734; 4.38388947181891e-07
111403.14120386288; 4.45157013730356e-07
111545.23844569840; 4.34535437532604e-07
111687.33568753394; 4.57696285496011e-07
111829.43292936946; 4.82302764382325e-07
111971.53017120500; 4.69961857581683e-07
112113.62741304054; 4.74310064333051e-07
112255.72465487606; 4.65062652107406e-07
112397.82189671160; 4.42886572676731e-07
112539.91913854712; 4.20840590890990e-07
112682.01638038266; 4.32204045361098e-07
112824.11362221818; 4.54700736057510e-07
112966.21086405372; 4.35058963116523e-07
113108.30810588924; 4.44576319131329e-07
113250.40534772478; 4.44241185869776e-07
113392.50258956032; 4.38292076403018e-07
113534.59983139584; 4.34222239744564e-07
113676.69707323138; 4.27891412501988e-07
113818.79431506690; 4.06228725132698e-07
113960.89155690244; 4.10124418591782e-07
114102.98879873796; 4.19182286506378e-07
114245.08604057350; 4.22616156748592e-07
114387.18328240904; 4.30515383631585e-07
114529.28052424456; 4.29851839669839e-07
114671.37776608010; 4.46192913695350e-07
114813.47500791562; 4.99995461280071e-07
114955.57224975116; 4.44663232276125e-07
115097.66949158668; 3.88219294931047e-07
115239.76673342222; 4.14630675989457e-07
115381.86397525776; 4.11444791394989e-07
115523.96121709328; 4.48430092531425e-07
115666.05845892882; 4.46331343689962e-07
115808.15570076434; 4.20492806908293e-07
115950.25294259988; 4.08686658048209e-07
116092.35018443540; 4.12636391507733e-07
116234.44742627094; 4.19629462038585e-07
116376.54466810648; 4.13716159102199e-07
116518.64190994200; 4.10244206206760e-07
116660.73915177754; 3.88830634133134e-07
116802.83639361306; 4.00653857279530e-07
116944.93363544860; 3.89582677295216e-07
117087.03087728412; 3.86553973460226e-07
117229.12811911966; 4.23413357603984e-07
117371.22536095518; 4.26105425810596e-07
117513.32260279072; 4.06210547782462e-07
117655.41984462626; 3.77546283376126e-07
117797.51708646178; 3.80113311071403e-07
117939.61432829732; 3.84200744183075e-07
118081.71157013284; 4.05158322311821e-07
118223.80881196838; 3.75550483634293e-07
118365.90605380390; 3.95764046022620e-07
118508.00329563944; 4.04948326432322e-07
118650.10053747498; 5.11151631156125e-07
118792.19777931050; 5.03996313901753e-07
118934.29502114604; 4.85895053211475e-07
119076.39226298156; 5.03348496664669e-07
119218.48950481710; 5.29635688639716e-07
119360.58674665263; 5.17226820983778e-07
119502.68398848816; 4.83750319203407e-07
119644.78123032370; 4.67396693871871e-07
119786.87847215922; 4.45613516527995e-07
119928.97571399476; 4.52406296519486e-07
120071.07295583028; 4.72014187964877e-07
120213.17019766582; 5.23432043687287e-07
120355.26743950135; 4.27584187160904e-07
120497.36468133688; 4.13006634619852e-07
120639.46192317242; 4.31061932337176e-07
120781.55916500794; 4.48186318376371e-07
120923.65640684348; 4.54323509585989e-07
121065.75364867900; 4.63710873094891e-07
121207.85089051454; 4.75077233889417e-07
121349.94813235007; 4.91338931398546e-07
121492.04537418560; 4.77754320352824e-07
121634.14261602113; 4.99826064406823e-07
121776.23985785666; 4.76591706335128e-07
121918.33709969220; 4.83451081612909e-07
122060.43434152773; 5.12529671839220e-07
122202.53158336326; 4.63076715575724e-07
122344.62882519879; 4.51673753837805e-07
122486.72606703432; 4.21847640809302e-07
122628.82330886985; 4.50166364020643e-07
122770.92055070538; 4.01323792448175e-07
122913.01779254092; 4.32928617553991e-07
123055.11503437645; 4.49730472859235e-07
123197.21227621198; 4.47510483320318e-07
123339.30951804751; 4.62975610714528e-07
123481.40675988304; 4.78092955923747e-07
123623.50400171857; 5.27542243496670e-07
123765.60124355411; 5.26699160232077e-07
123907.69848538964; 5.33554009026743e-07
124049.79572722517; 5.28864159290633e-07
124191.89296906070; 5.38096806719740e-07
124333.99021089623; 5.16911151991339e-07
124476.08745273176; 4.93809695145197e-07
124618.18469456729; 5.11981455289476e-07
124760.28193640283; 4.38467274131740e-07
124902.37917823836; 3.92793960354129e-07
125044.47642007389; 3.70949835240294e-07
125186.57366190942; 4.05665968885072e-07
125328.67090374495; 4.06070279858263e-07
125470.76814558048; 4.14997483589230e-07
125612.86538741601; 4.41357486599759e-07
125754.96262925155; 4.24361973360636e-07
125897.05987108707; 4.26269692081512e-07
126039.15711292261; 4.36913970386496e-07
126181.25435475814; 4.47235319238286e-07
126323.35159659367; 4.59439112855086e-07
126465.44883842921; 5.04170730966832e-07
126607.54608026473; 4.66840812028582e-07
126749.64332210027; 4.40601342441109e-07
126891.74056393579; 4.27901530383336e-07
127033.83780577133; 4.40714320921291e-07
127175.93504760686; 4.38430407212756e-07
127318.03228944239; 4.20432732281671e-07
127460.12953127793; 4.70340399657408e-07
127602.22677311345; 4.30855058956483e-07
127744.32401494899; 3.86210810628523e-07
127886.42125678451; 3.61834699933779e-07
128028.51849862005; 3.78001408329287e-07
128170.61574045559; 3.96535590082224e-07
128312.71298229111; 4.11516271261824e-07
128454.81022412665; 4.52563169799911e-07
128596.90746596217; 4.21504253912899e-07
128739.00470779771; 4.49553345512546e-07
128881.10194963323; 4.46981325183787e-07
129023.19919146877; 4.42964509306660e-07
129165.29643330431; 4.28070304150996e-07
129307.39367513983; 4.31894648546571e-07
129449.49091697537; 4.10864900280396e-07
129591.58815881089; 3.79836730227157e-07
129733.68540064643; 4.02577134550482e-07
129875.78264248195; 4.05314281410783e-07
130017.87988431749; 4.10929456404867e-07
130159.97712615301; 3.90807946306794e-07
130302.07436798855; 3.69973099286998e-07
130444.17160982409; 3.87732923717951e-07
130586.26885165961; 3.82756812781879e-07
130728.36609349515; 3.81094341069553e-07
130870.46333533067; 4.20172167806830e-07
131012.56057716621; 4.13787959637700e-07
131154.65781900176; 3.94512612818177e-07
131296.75506083728; 3.75540723418671e-07
131438.85230267284; 3.88345593598067e-07
131580.94954450836; 4.01375674599326e-07
131723.04678634388; 3.66510576531745e-07
131865.14402817941; 3.75141512645599e-07
132007.24127001496; 3.84397128730079e-07
132149.33851185048; 3.95966634558635e-07
132291.43575368600; 3.95944531091115e-07
132433.53299552156; 4.03217045435133e-07
132575.63023735708; 3.96294419990577e-07
132717.72747919260; 3.93487132338507e-07
132859.82472102813; 3.98908518285137e-07
133001.92196286365; 3.76171585056830e-07
133144.01920469920; 3.90566862710319e-07
133286.11644653472; 3.85422005702964e-07
133428.21368837025; 3.95982527419734e-07
133570.31093020580; 3.78812868373271e-07
133712.40817204132; 3.82009900201685e-07
133854.50541387685; 3.86930388876148e-07
133996.60265571237; 3.70802241204272e-07
134138.69989754792; 3.71675483396230e-07
134280.79713938345; 3.78615660276843e-07
134422.89438121897; 3.66053273081701e-07
134564.99162305452; 3.70883167497062e-07
134707.08886489004; 3.69056655462535e-07
134849.18610672557; 3.62005958390762e-07
134991.28334856109; 3.52523268436202e-07
135133.38059039664; 3.51097441191624e-07
135275.47783223217; 3.35977533011654e-07
135417.57507406769; 2.90417682470779e-07
135559.67231590321; 2.79551417865411e-07
135701.76955773876; 2.93115589108695e-07
135843.86679957429; 3.06392927889246e-07
135985.96404140981; 3.32869668139046e-07
136128.06128324536; 3.53858164086933e-07
136270.15852508089; 3.17807185707369e-07
136412.25576691641; 3.34906051163620e-07
136554.35300875193; 3.36457504643063e-07
136696.45025058748; 3.41635434926646e-07
136838.54749242301; 3.35268381602944e-07
136980.64473425853; 3.48871019232562e-07
137122.74197609408; 3.43350836593369e-07
137264.83921792961; 3.65317932577722e-07
137406.93645976513; 3.51833415621397e-07
137549.03370160065; 3.33427762515161e-07
137691.13094343620; 3.44806244244431e-07
137833.22818527173; 3.21856603076943e-07
137975.32542710725; 3.09919595441396e-07
138117.42266894280; 3.21560156233382e-07
138259.51991077833; 3.39724881906288e-07
138401.61715261385; 3.29040765921825e-07
138543.71439444937; 3.29285255427970e-07
138685.81163628493; 3.29844134207836e-07
138827.90887812045; 3.29618674125802e-07
138970.00611995597; 3.38607358205719e-07
139112.10336179152; 3.57704496229839e-07
139254.20060362705; 3.76392183814770e-07
139396.29784546257; 3.49763579431048e-07
139538.39508729809; 3.40489748094072e-07
139680.49232913365; 3.38740063796345e-07
139822.58957096917; 3.30852097956625e-07
139964.68681280469; 3.28902048174098e-07
140106.78405464024; 3.39614164540940e-07
140248.88129647577; 3.50606559582763e-07
140390.97853831129; 3.09882197739488e-07
140533.07578014681; 2.85840815884255e-07
140675.17302198237; 2.36885330877715e-07
140817.27026381789; 2.47462760745573e-07
140959.36750565341; 2.61090902259787e-07
141101.46474748896; 2.71456816099543e-07
141243.56198932449; 3.15453587925288e-07
141385.65923116001; 2.66855540519231e-07
141527.75647299553; 2.95225794341242e-07
141669.85371483109; 2.92940235597059e-07
141811.95095666661; 2.91198134617583e-07
141954.04819850213; 3.03082732861892e-07
142096.14544033768; 3.24394225598722e-07
142238.24268217321; 2.99887404540608e-07
142380.33992400873; 2.85734228468215e-07
142522.43716584425; 2.77940435787578e-07
142664.53440767981; 2.59574160576643e-07
142806.63164951533; 2.58083801705352e-07
142948.72889135085; 2.66280289491236e-07
143090.82613318641; 2.90985639672280e-07
143232.92337502193; 2.83465433381313e-07
143375.02061685745; 2.87025272277878e-07
143517.11785869297; 3.16724836031548e-07
143659.21510052853; 3.16964338878628e-07
143801.31234236405; 3.15851216395047e-07
143943.40958419957; 2.80177215488327e-07
144085.50682603510; 2.76036871788387e-07
144227.60406787065; 2.37186731089696e-07
144369.70130970617; 2.63792304179440e-07
144511.79855154169; 2.62366834435233e-07
144653.89579337725; 2.76825045179913e-07
144795.99303521277; 2.79070244151980e-07
144938.09027704829; 2.63766226803354e-07
145080.18751888382; 2.95189170002295e-07
145222.28476071937; 2.85763940020815e-07
145364.38200255489; 2.88474951304657e-07
145506.47924439042; 2.88443209802133e-07
145648.57648622597; 2.59036216115001e-07
145790.67372806149; 2.40540891459465e-07
145932.77096989701; 2.59207165964772e-07
146074.86821173254; 2.86008268136041e-07
146216.96545356809; 2.73385756329984e-07
146359.06269540361; 2.50977851281237e-07
146501.15993723914; 2.78044488590374e-07
146643.25717907469; 2.81174959877112e-07
146785.35442091021; 2.82269543791021e-07
146927.45166274573; 2.87445520411873e-07
147069.54890458126; 2.97642822409799e-07
147211.64614641681; 2.87408699266840e-07
147353.74338825233; 2.66532759960183e-07
147495.84063008786; 2.62998080701386e-07
147637.93787192341; 2.67702574511498e-07
147780.03511375893; 2.91775513902348e-07
147922.13235559445; 3.13294103724238e-07
148064.22959742998; 3.23968208427140e-07
148206.32683926553; 3.01423337550408e-07
148348.42408110105; 2.99243785906812e-07
148490.52132293658; 2.94159135210068e-07
148632.61856477213; 2.88650628170650e-07
148774.71580660765; 2.88781391275452e-07
148916.81304844317; 2.88426412396074e-07
149058.91029027870; 2.95581527464755e-07
149201.00753211425; 2.57239549698525e-07
149343.10477394977; 2.35162312810779e-07
149485.20201578530; 2.51677775601847e-07
149627.29925762085; 2.46233824296415e-07
149769.39649945637; 2.37184329173162e-07
149911.49374129190; 2.37104191262602e-07
150053.59098312742; 2.26346901707601e-07
150195.68822496297; 2.43495641394124e-07
150337.78546679849; 2.37013803391981e-07
150479.88270863402; 2.48753095395780e-07
150621.97995046957; 2.54937623231198e-07
150764.07719230509; 2.68876270245764e-07
150906.17443414062; 2.76415867803077e-07
151048.27167597614; 2.36719660911031e-07
151190.36891781169; 2.47505364117659e-07
151332.46615964721; 2.59047164602289e-07
151474.56340148274; 3.40187029703494e-07
151616.66064331826; 3.50406956099118e-07
151758.75788515381; 3.36190811877491e-07
151900.85512698934; 3.48610985665879e-07
152042.95236882486; 3.52603529685284e-07
152185.04961066041; 3.52807882781648e-07
152327.14685249593; 3.98025727254791e-07
152469.24409433146; 3.91733488342340e-07
152611.34133616698; 3.85426866640611e-07
152753.43857800253; 3.90211555082017e-07
152895.53581983806; 4.09289045561346e-07
153037.63306167358; 3.80902055041756e-07
153179.73030350913; 3.92333362245381e-07
153321.82754534465; 3.93391539494471e-07
153463.92478718018; 3.75864751227204e-07
153606.02202901570; 3.89102953597339e-07
153748.11927085125; 3.71746837327903e-07
153890.21651268678; 3.42616116190367e-07
154032.31375452230; 3.13535533194443e-07
154174.41099635785; 2.96796669101818e-07
154316.50823819338; 3.01219614568454e-07
154458.60548002890; 3.09130817490695e-07
154600.70272186442; 3.45536790970838e-07
154742.79996369997; 3.41262505383162e-07
154884.89720553550; 3.73224094751914e-07
155026.99444737102; 3.76750222248971e-07
155169.09168920657; 3.83964115795391e-07
155311.18893104210; 3.79195593824686e-07
155453.28617287762; 3.55084889238300e-07
155595.38341471314; 3.09065020481763e-07
155737.48065654869; 2.73661545046195e-07
155879.57789838422; 3.17603080483746e-07
156021.67514021974; 3.41962954100488e-07
156163.77238205529; 3.03012219791528e-07
156305.86962389082; 3.35761921792114e-07
156447.96686572634; 3.55999436198195e-07
156590.06410756186; 3.69096118235516e-07
156732.16134939741; 4.12058108947746e-07
156874.25859123294; 3.92123572180884e-07
157016.35583306846; 3.82137528300254e-07
157158.45307490401; 3.81752485117600e-07
157300.55031673954; 3.73111493704673e-07
157442.64755857506; 3.81688959039734e-07
157584.74480041058; 3.66326407983152e-07
157726.84204224613; 3.93416163380174e-07
157868.93928408166; 3.68462222058847e-07
158011.03652591718; 3.29029462979601e-07
158153.13376775273; 3.26275113392146e-07
158295.23100958826; 3.21704194518791e-07
158437.32825142378; 3.20421319198581e-07
158579.42549325930; 2.92118456658569e-07
158721.52273509486; 3.24780580481181e-07
158863.61997693038; 3.05612707936568e-07
159005.71721876590; 3.18656637720019e-07
159147.81446060145; 3.29132170894922e-07
159289.91170243698; 3.06161090738421e-07
159432.00894427250; 3.22786240734208e-07
159574.10618610802; 3.34859503625001e-07
159716.20342794358; 3.73117262106435e-07
159858.30066977910; 3.37288499569449e-07
160000.39791161462; 3.42845383599114e-07
160142.49515345015; 2.92667415767615e-07
160284.59239528570; 2.83068044704263e-07
160426.68963712122; 3.28818108851649e-07
160568.78687895674; 3.16821837685797e-07
160710.88412079230; 3.26211955384164e-07
160852.98136262782; 3.33484085197889e-07
160995.07860446334; 3.43419934210831e-07
161137.17584629887; 3.21610616815810e-07
161279.27308813442; 3.50307624472061e-07
161421.37032996994; 3.52465654240677e-07
161563.46757180546; 3.70008867502249e-07
161705.56481364102; 4.28858628828274e-07
161847.66205547654; 3.76320993192933e-07
161989.75929731206; 3.64374264555038e-07
162131.85653914759; 3.28344150432650e-07
162273.95378098314; 3.64077475537149e-07
162416.05102281866; 3.60747407848027e-07
162558.14826465418; 3.57474868160300e-07
162700.24550648974; 3.88173194738751e-07
162842.34274832526; 3.32885825325632e-07
162984.43999016078; 3.46720201212827e-07
163126.53723199631; 3.28655696198800e-07
163268.63447383186; 3.54711389412084e-07
163410.73171566738; 3.56885992527271e-07
163552.82895750290; 3.55702802990252e-07
163694.92619933846; 3.75927288890378e-07
163837.02344117398; 3.56514451718610e-07
163979.12068300950; 3.62556474451363e-07
164121.21792484503; 3.35377097027137e-07
164263.31516668058; 3.41485672977006e-07
164405.41240851610; 3.02817246027525e-07
164547.50965035163; 3.07334103023680e-07
164689.60689218718; 3.00509664253498e-07
164831.70413402270; 3.21969123678184e-07
164973.80137585822; 3.09209784871724e-07
165115.89861769375; 3.61924478487056e-07
165257.99585952930; 3.07679484405468e-07
165400.09310136482; 3.21018859012056e-07
165542.19034320035; 3.63081987101535e-07
165684.28758503590; 3.16872677815287e-07
165826.38482687142; 3.13616675156538e-07
165968.48206870694; 3.16788423362109e-07
166110.57931054247; 3.45630271327516e-07
166252.67655237802; 3.36025043883243e-07
166394.77379421354; 3.17566582844748e-07
166536.87103604907; 3.44004991493013e-07
166678.96827788462; 3.22833589212860e-07
166821.06551972014; 3.17416048832804e-07
166963.16276155566; 3.32477690816831e-07
167105.26000339119; 3.51395853205853e-07
167247.35724522674; 3.61605425567433e-07
167389.45448706226; 3.74809423952431e-07
167531.55172889779; 3.66777083623848e-07
167673.64897073331; 3.25773539154238e-07
167815.74621256886; 3.26378546312029e-07
167957.84345440438; 2.99098176996239e-07
168099.94069623991; 3.06346576587359e-07
168242.03793807546; 3.08572248946340e-07
168384.13517991098; 3.38568713927923e-07
168526.23242174651; 3.54563107526490e-07
168668.32966358203; 3.40301183682300e-07
168810.42690541758; 3.05108640444215e-07
168952.52414725311; 2.85665995227466e-07
169094.62138908863; 2.87208477338864e-07
169236.71863092418; 2.89761151052579e-07
169378.81587275970; 2.88187375962797e-07
169520.91311459523; 3.58689119195547e-07
169663.01035643075; 2.93220793378469e-07
169805.10759826630; 3.12443501687171e-07
169947.20484010183; 3.30173726002402e-07
170089.30208193735; 3.08702359473134e-07
170231.39932377290; 2.94565759143773e-07
170373.49656560842; 3.01530707676906e-07
170515.59380744395; 3.04525437153675e-07
170657.69104927947; 3.13850413499679e-07
170799.78829111502; 2.95481930404784e-07
170941.88553295055; 3.08985709478265e-07
171083.98277478607; 2.98334549983513e-07
171226.08001662162; 3.18651776455677e-07
171368.17725845714; 3.06662935483840e-07
171510.27450029267; 3.41896983511771e-07
171652.37174212819; 3.27922447976610e-07
171794.46898396374; 3.04051461509742e-07
171936.56622579927; 3.46930367994190e-07
172078.66346763479; 3.61316190266538e-07
172220.76070947034; 3.62104241214533e-07
172362.85795130586; 3.51791156754422e-07
172504.95519314139; 3.25720354238257e-07
172647.05243497691; 3.19487559427626e-07
172789.14967681246; 3.19469441619651e-07
172931.24691864799; 3.17944571138513e-07
173073.34416048351; 2.65917730237369e-07
173215.44140231906; 2.98405114587492e-07
173357.53864415459; 3.16126663507639e-07
173499.63588599011; 3.18273940612419e-07
173641.73312782563; 3.05026395766447e-07
173783.83036966118; 2.97624204957735e-07
173925.92761149671; 2.90411079523135e-07
174068.02485333223; 2.96911523850355e-07
174210.12209516778; 3.31550168063961e-07
174352.21933700331; 3.04244455431137e-07
174494.31657883883; 3.14870549227819e-07
174636.41382067435; 3.20187433730171e-07
174778.51106250990; 3.38328074309298e-07
174920.60830434543; 3.30331537112929e-07
175062.70554618095; 3.40681772331892e-07
175204.80278801650; 3.28084845258745e-07
175346.90002985203; 3.52563737412181e-07
175488.99727168755; 3.31511414599997e-07
175631.09451352307; 3.08736966230675e-07
175773.19175535862; 2.84632615782276e-07
175915.28899719415; 2.40574348417596e-07
176057.38623902967; 2.75293125541565e-07
176199.48348086519; 2.86800155346129e-07
176341.58072270075; 3.24993896530509e-07
176483.67796453627; 2.84184343755131e-07
176625.77520637179; 3.00962812505204e-07
176767.87244820734; 2.89433540369764e-07
176909.96969004287; 2.86685686591344e-07
177052.06693187839; 2.89252522636953e-07
177194.16417371391; 2.78523459279135e-07
177336.26141554947; 3.08337691943519e-07
177478.35865738499; 2.83512006529956e-07
177620.45589922051; 3.03254247829830e-07
177762.55314105607; 2.80989435093394e-07
177904.65038289159; 2.89217150706785e-07
178046.74762472711; 2.97402763375891e-07
178188.84486656263; 2.99374807984383e-07
178330.94210839819; 3.27417727608564e-07
178473.03935023371; 2.95482052647524e-07
178615.13659206923; 2.94058933948314e-07
178757.23383390479; 2.61729569394895e-07
178899.33107574031; 2.81595123281826e-07
179041.42831757583; 2.75372800553425e-07
179183.52555941136; 3.11018912857176e-07
179325.62280124691; 3.01619350852123e-07
179467.72004308243; 2.88260442568739e-07
179609.81728491795; 3.13552412100186e-07
179751.91452675351; 3.02947043423406e-07
179894.01176858903; 3.14042943308384e-07
180036.10901042455; 3.03122650998348e-07
180178.20625226008; 3.18441628618633e-07
180320.30349409563; 3.02773781706107e-07
180462.40073593115; 2.97065252139959e-07
180604.49797776667; 2.70415546967664e-07
180746.59521960223; 2.69813423772909e-07
180888.69246143775; 2.67432465625079e-07
181030.78970327327; 2.48939569786845e-07
181172.88694510880; 2.81267420318632e-07
181314.98418694435; 2.72759431508027e-07
181457.08142877987; 2.84107210398422e-07
181599.17867061539; 2.94568684666139e-07
181741.27591245095; 2.87336369598634e-07
181883.37315428647; 2.93290844126538e-07
182025.47039612199; 2.85027459735059e-07
182167.56763795752; 3.11746479970381e-07
182309.66487979307; 2.89412781899632e-07
182451.76212162859; 3.03644797710909e-07
182593.85936346411; 2.92448701750899e-07
182735.95660529967; 3.10460487111426e-07
182878.05384713519; 3.03179757471793e-07
183020.15108897071; 2.91367050997478e-07
183162.24833080624; 3.23305310665947e-07
183304.34557264179; 2.61026852841927e-07
183446.44281447731; 2.85381223770985e-07
183588.54005631284; 2.89521598539391e-07
183730.63729814836; 3.08323349584455e-07
183872.73453998391; 3.02881818608735e-07
184014.83178181943; 3.03576172186479e-07
184156.92902365496; 3.20911265055624e-07
184299.02626549051; 2.91785047193600e-07
184441.12350732603; 3.14004461021550e-07
184583.22074916156; 2.99552329932548e-07
184725.31799099708; 3.00584503070302e-07
184867.41523283263; 2.77774077908482e-07
185009.51247466815; 2.71690292631559e-07
185151.60971650368; 2.90253241294561e-07
185293.70695833923; 2.82766434792443e-07
185435.80420017475; 2.92527356585767e-07
185577.90144201028; 2.82554827693033e-07
185719.99868384580; 2.95847622516322e-07
185862.09592568135; 2.90028272580276e-07
186004.19316751687; 3.05419613726240e-07
186146.29040935240; 3.20389951916672e-07
186288.38765118795; 2.88816205577144e-07
186430.48489302347; 2.92392196186060e-07
186572.58213485900; 2.68960310644947e-07
186714.67937669452; 2.77204031249705e-07
186856.77661853007; 2.87394487833963e-07
186998.87386036559; 3.05681874652083e-07
187140.97110220112; 3.06066441827801e-07
187283.06834403667; 2.80313706078492e-07
187425.16558587219; 2.78309381658504e-07
187567.26282770772; 2.89191182766164e-07
187709.36006954324; 2.92478111072572e-07
187851.45731137879; 2.96654394905871e-07
187993.55455321432; 3.18193558698684e-07
188135.65179504984; 2.99418586411561e-07
188277.74903688539; 3.16647914563478e-07
188419.84627872091; 2.96145314176015e-07
188561.94352055644; 2.89547608344787e-07
188704.04076239196; 2.74692324825984e-07
188846.13800422751; 2.68772394941905e-07
188988.23524606304; 2.82851956975613e-07
189130.33248789856; 2.77029334723669e-07
189272.42972973411; 2.92773948735614e-07
189414.52697156963; 2.72502989742663e-07
189556.62421340516; 2.86846507878835e-07
189698.72145524068; 2.97664878900293e-07
189840.81869707623; 3.10098255570946e-07
189982.91593891176; 3.00428276275844e-07
190125.01318074728; 2.82120262946693e-07
190267.11042258283; 2.84597114287628e-07
190409.20766441835; 2.86073357010555e-07
190551.30490625388; 2.67179745628313e-07
190693.40214808940; 2.89210163882447e-07
190835.49938992495; 3.04380883043726e-07
190977.59663176048; 3.16223420360916e-07
191119.69387359600; 2.79660839662207e-07
191261.79111543155; 2.98048104579915e-07
191403.88835726707; 3.12679126986618e-07
191545.98559910260; 3.02920287933454e-07
191688.08284093812; 3.02115742382578e-07
191830.18008277367; 2.91893754956456e-07
191972.27732460920; 2.85011771189607e-07
192114.37456644472; 2.65182525243666e-07
192256.47180828024; 2.57478489572773e-07
192398.56905011580; 2.76675333963564e-07
192540.66629195132; 2.75366888978642e-07
192682.76353378684; 2.87185104288501e-07
192824.86077562239; 2.86263130825428e-07
192966.95801745792; 3.04218405530727e-07
193109.05525929344; 2.98018046432737e-07
193251.15250112896; 2.93596627211918e-07
193393.24974296452; 2.90705061975584e-07
193535.34698480004; 2.80149979577044e-07
193677.44422663556; 2.93793309144832e-07
193819.54146847111; 2.75305503363786e-07
193961.63871030664; 2.77169572926265e-07
194103.73595214216; 2.50659918960426e-07
194245.83319397768; 2.85069563624082e-07
194387.93043581324; 2.62186404697164e-07
194530.02767764876; 2.65875295986323e-07
194672.12491948428; 2.80198178866559e-07
194814.22216131983; 2.81087901133716e-07
194956.31940315536; 3.13595631800781e-07
195098.41664499088; 2.86210954806590e-07
195240.51388682640; 2.92914572758292e-07
195382.61112866196; 2.86158349132955e-07
195524.70837049748; 2.65805451788555e-07
195666.80561233300; 2.80943971019651e-07
195808.90285416855; 2.85154373931356e-07
195951.00009600408; 2.83197191304439e-07
196093.09733783960; 2.80414930095932e-07
196235.19457967512; 2.84589891629751e-07
196377.29182151068; 2.86071964927970e-07
196519.38906334620; 2.76636665165483e-07
196661.48630518172; 2.60133213448302e-07
196803.58354701728; 2.74641304615741e-07
196945.68078885280; 2.59010018937307e-07
197087.77803068832; 2.52614387981382e-07
197229.87527252384; 2.52372714849007e-07
197371.97251435940; 2.42948425821448e-07
197514.06975619492; 2.48949868484150e-07
197656.16699803044; 2.39693875415881e-07
197798.26423986600; 2.55117911498004e-07
197940.36148170152; 2.52955884358125e-07
198082.45872353704; 2.50537663593417e-07
198224.55596537256; 2.53022884022022e-07
198366.65320720812; 2.44512919378697e-07
198508.75044904364; 2.57486857814503e-07
198650.84769087916; 2.55553668638267e-07
198792.94493271472; 2.58650221529900e-07
198935.04217455024; 2.69988701706708e-07
199077.13941638576; 2.74352600882031e-07
199219.23665822129; 2.55282371273868e-07
199361.33390005684; 2.39291548696073e-07
199503.43114189236; 2.54796732966921e-07
199645.52838372788; 2.57659888610712e-07
199787.62562556344; 2.92131571316325e-07
199929.72286739896; 2.60522830244542e-07
200071.82010923448; 2.76074908249675e-07
200213.91735107001; 2.77329403639730e-07
200356.01459290556; 2.81647909089398e-07
200498.11183474108; 2.70372801666998e-07
200640.20907657660; 2.74950286562408e-07
200782.30631841213; 2.95954374084429e-07
200924.40356024768; 2.62324644479232e-07
201066.50080208320; 2.71200963575631e-07
201208.59804391873; 2.67551971062014e-07
201350.69528575428; 2.83953985460321e-07
201492.79252758980; 2.90890813221777e-07
201634.88976942532; 2.98352768855901e-07
201776.98701126085; 2.97108176461448e-07
201919.08425309640; 2.92243785102455e-07
202061.18149493192; 3.03131936560404e-07
202203.27873676745; 2.97955619597092e-07
202345.37597860300; 3.04539865806094e-07
202487.47322043852; 2.88846234953934e-07
202629.57046227404; 2.74755742912855e-07
202771.66770410957; 2.83034619664201e-07
202913.76494594512; 2.58388042195438e-07
203055.86218778064; 2.49411599667577e-07
203197.95942961617; 2.65647150186240e-07
203340.05667145172; 2.75869837235876e-07
203482.15391328724; 2.75893118411499e-07
203624.25115512277; 3.13735598057150e-07
203766.34839695829; 2.79715305324843e-07
203908.44563879384; 2.94518566949008e-07
204050.54288062936; 2.72397100927535e-07
204192.64012246489; 2.72257219639048e-07
204334.73736430044; 2.44816375086757e-07
204476.83460613596; 2.48626002348455e-07
204618.93184797149; 2.79518029494727e-07
204761.02908980701; 2.80462249438867e-07
204903.12633164256; 2.28120224653815e-07
205045.22357347808; 2.57731520208634e-07
205187.32081531361; 2.78861594729865e-07
205329.41805714916; 2.75474587255920e-07
205471.51529898468; 2.87130424425017e-07
205613.61254082021; 2.88319782845713e-07
205755.70978265573; 2.83520060357145e-07
205897.80702449128; 2.97714293666016e-07
206039.90426632680; 2.82419433340844e-07
206182.00150816233; 2.83124182790971e-07
206324.09874999788; 2.46836976913984e-07
206466.19599183340; 2.68305983540465e-07
206608.29323366893; 2.99299309807969e-07
206750.39047550445; 2.76618399791200e-07
206892.48771734000; 2.77877032184623e-07
207034.58495917553; 2.78054935317557e-07
207176.68220101105; 2.79766168370719e-07
207318.77944284660; 2.77837145501151e-07
207460.87668468212; 2.76696795493803e-07
207602.97392651765; 2.97339050097752e-07
207745.07116835317; 2.80001975313245e-07
207887.16841018872; 2.58127422264576e-07
208029.26565202425; 2.40849535906011e-07
208171.36289385977; 2.27142292521209e-07
208313.46013569529; 2.40528294540674e-07
208455.55737753084; 2.63472226806062e-07
208597.65461936637; 2.90976505074574e-07
208739.75186120189; 2.78993190099405e-07
208881.84910303744; 2.59876045247036e-07
209023.94634487297; 2.52502532668953e-07
209166.04358670849; 2.58100405618225e-07
209308.14082854401; 2.60278273011823e-07
209450.23807037956; 2.56601056074887e-07
209592.33531221509; 2.57128665842269e-07
209734.43255405061; 2.28462718753215e-07
209876.52979588616; 2.73206021846026e-07
210018.62703772169; 2.24786136243484e-07
210160.72427955721; 2.55927051668343e-07
210302.82152139273; 2.75327165013213e-07
210444.91876322828; 2.76135866712260e-07
210587.01600506381; 2.98268024430627e-07
210729.11324689933; 2.80701879493821e-07
210871.21048873488; 2.75181381617769e-07
211013.30773057041; 2.80970928949659e-07
211155.40497240593; 2.81124907503199e-07
211297.50221424145; 2.83482073754205e-07
211439.59945607701; 2.98564595434738e-07
211581.69669791253; 2.59659455087184e-07
211723.79393974805; 2.70075432136750e-07
211865.89118158360; 2.74776642361935e-07
212007.98842341913; 2.80536287899513e-07
212150.08566525465; 3.01234177105346e-07
212292.18290709017; 3.08341773290575e-07
212434.28014892573; 3.03683196982572e-07
212576.37739076125; 2.60380276083414e-07
212718.47463259677; 2.40359802914194e-07
212860.57187443232; 2.56130181221544e-07
213002.66911626785; 2.42686727036783e-07
213144.76635810337; 2.64266987110098e-07
213286.86359993889; 2.52547681779504e-07
213428.96084177445; 2.51362554936985e-07
213571.05808360997; 2.35806442867330e-07
213713.15532544549; 2.32786717786206e-07
213855.25256728104; 2.54159962389030e-07
213997.34980911657; 2.53134206198837e-07
214139.44705095209; 2.57513258865869e-07
214281.54429278761; 2.36761106201908e-07
214423.64153462317; 2.55704072981622e-07
214565.73877645869; 2.57649671972115e-07
214707.83601829421; 2.66612361245619e-07
214849.93326012976; 2.39928048987998e-07
214992.03050196529; 2.48041760035677e-07
215134.12774380081; 2.46250361200688e-07
215276.22498563633; 2.45610554935737e-07
215418.32222747189; 2.75449786229164e-07
215560.41946930741; 2.37954938626899e-07
215702.51671114293; 2.68554577210869e-07
215844.61395297849; 2.68195215243148e-07
215986.71119481401; 2.71666263514317e-07
216128.80843664953; 2.72336705965443e-07
216270.90567848505; 2.63024895560516e-07
216413.00292032061; 2.93183553785285e-07
216555.10016215613; 2.70921089833693e-07
216697.19740399165; 2.81832737359381e-07
216839.29464582718; 2.45163827423656e-07
216981.39188766273; 2.53311109196877e-07
217123.48912949825; 2.31012419457131e-07
217265.58637133377; 2.13090125186617e-07
217407.68361316933; 2.49352037598876e-07
217549.78085500485; 2.30959532967220e-07
217691.87809684037; 2.54593463789879e-07
217833.97533867590; 2.48767809417603e-07
217976.07258051145; 2.46490831090245e-07
218118.16982234697; 2.51568176858748e-07
218260.26706418250; 2.64220330071180e-07
218402.36430601805; 2.64104117590472e-07
218544.46154785357; 2.42173197103925e-07
218686.55878968909; 2.36213508547269e-07
218828.65603152462; 2.02862464240425e-07
218970.75327336017; 2.14041430255100e-07
219112.85051519569; 2.26604997924227e-07
219254.94775703122; 2.90702816934487e-07
219397.04499886677; 2.26064814276281e-07
219539.14224070229; 2.56423056471460e-07
219681.23948253781; 2.56744897380319e-07
219823.33672437334; 2.70234361057589e-07
219965.43396620889; 2.71117411399647e-07
220107.53120804441; 2.66825712700248e-07
220249.62844987994; 2.97508623025336e-07
220391.72569171549; 2.62694570383120e-07
220533.82293355101; 2.53500264450534e-07
220675.92017538653; 2.47740904105053e-07
220818.01741722206; 2.37300848811981e-07
220960.11465905761; 2.45934058365986e-07
221102.21190089313; 2.66729817735407e-07
221244.30914272866; 3.03629356801416e-07
221386.40638456421; 2.83994854995269e-07
221528.50362639973; 2.86700119515468e-07
221670.60086823525; 2.70287394371347e-07
221812.69811007078; 2.35073182436657e-07
221954.79535190633; 2.21921593037856e-07
222096.89259374185; 2.35266591252893e-07
222238.98983557738; 2.63967107263956e-07
222381.08707741293; 2.40341712830216e-07
222523.18431924845; 2.25836312698101e-07
222665.28156108398; 2.31029380137716e-07
222807.37880291950; 2.45071426752189e-07
222949.47604475505; 2.38443145350153e-07
223091.57328659057; 2.48160196342463e-07
223233.67052842610; 3.61959237698626e-07
223375.76777026165; 2.98825693269576e-07
223517.86501209717; 2.78294032262180e-07
223659.96225393270; 2.78779924197759e-07
223802.05949576822; 2.92037120146297e-07
223944.15673760377; 3.65897608886978e-07
224086.25397943929; 2.71639336106029e-07
224228.35122127482; 3.30572577873762e-07
224370.44846311034; 3.34404981650059e-07
224512.54570494589; 3.37502552221571e-07
224654.64294678142; 3.45800476277664e-07
224796.74018861694; 3.45796224951079e-07
224938.83743045249; 3.47728422112687e-07
225080.93467228801; 3.50498341870967e-07
225223.03191412354; 3.64863025736333e-07
225365.12915595906; 3.42440177086327e-07
225507.22639779461; 3.21253200919979e-07
225649.32363963014; 3.40084615219576e-07
225791.42088146566; 3.44440486939532e-07
225933.51812330121; 3.43649432377119e-07
226075.61536513673; 3.51322517243581e-07
226217.71260697226; 3.68918636816142e-07
226359.80984880778; 3.38815574449325e-07
226501.90709064333; 3.11123256915403e-07
226644.00433247886; 2.76734129654297e-07
226786.10157431438; 2.62381853848772e-07
226928.19881614993; 2.93938539440129e-07
227070.29605798546; 3.27309051789821e-07
227212.39329982098; 3.11283876476307e-07
227354.49054165650; 3.09215722629524e-07
227496.58778349205; 3.16859173250988e-07
227638.68502532758; 3.24080743431778e-07
227780.78226716310; 3.20345868887917e-07
227922.87950899865; 3.35381918203296e-07
228064.97675083418; 3.13909998389546e-07
228207.07399266970; 2.61040285495725e-07
228349.17123450522; 2.46006875713507e-07
228491.26847634077; 2.74331490841423e-07
228633.36571817630; 2.96826699497502e-07
228775.46296001182; 3.21941433899530e-07
228917.56020184737; 2.79587368883885e-07
229059.65744368290; 3.48780820426323e-07
229201.75468551842; 3.23731567536823e-07
229343.85192735394; 3.02082142756874e-07
229485.94916918949; 3.29443468361726e-07
229628.04641102502; 3.21800290761187e-07
229770.14365286054; 3.33758014016464e-07
229912.24089469609; 3.28188211175239e-07
230054.33813653162; 3.83292413417880e-07
230196.43537836714; 3.70994544082623e-07
230338.53262020266; 3.72241679859642e-07
230480.62986203821; 3.45263400760188e-07
230622.72710387374; 3.60758364106216e-07
230764.82434570926; 3.35375705149740e-07
230906.92158754481; 2.68892959569943e-07
231049.01882938034; 2.78943654191130e-07
231191.11607121586; 2.73685513519090e-07
231333.21331305138; 2.91639609623730e-07
231475.31055488694; 3.01270689771659e-07
231617.40779672246; 3.03071991060340e-07
231759.50503855798; 2.89919490264681e-07
231901.60228039353; 3.16965593093113e-07
232043.69952222906; 3.45411292035150e-07
232185.79676406458; 3.16747732210119e-07
232327.89400590010; 3.24640938614649e-07
232469.99124773566; 3.05062310135307e-07
232612.08848957118; 2.84201091914932e-07
232754.18573140670; 2.86961685330634e-07
232896.28297324223; 6.31930030003560e-07
233038.38021507778; 7.54410985701291e-07
233180.47745691330; 5.74788754788019e-07
233322.57469874882; 6.60709834741360e-07
233464.67194058438; 7.08142750943179e-07
233606.76918241990; 7.20753394760880e-07
233748.86642425542; 7.04229843180220e-07
233890.96366609095; 7.17785971034880e-07
234033.06090792650; 7.17006021353316e-07
234175.15814976202; 7.20018303004699e-07
234317.25539159754; 7.41107907658500e-07
234459.35263343310; 7.16468409778660e-07
234601.44987526862; 7.15040869581659e-07
234743.54711710414; 7.29388914974319e-07
234885.64435893967; 7.35369940544516e-07
235027.74160077522; 7.61516828100740e-07
235169.83884261074; 7.95786662407760e-07
235311.93608444626; 7.50364272010240e-07
235454.03332628182; 6.77195264627140e-07
235596.13056811734; 6.15530333826040e-07
235738.22780995286; 5.73196066691880e-07
235880.32505178839; 6.03162567597550e-07
236022.42229362394; 6.30664057965480e-07
236164.51953545946; 6.58232363844799e-07
236306.61677729498; 6.67266245853979e-07
236448.71401913054; 6.64171028800160e-07
236590.81126096606; 6.67780341192720e-07
236732.90850280158; 6.95744247822320e-07
236875.00574463711; 6.94987094335616e-07
237017.10298647266; 6.54011712270740e-07
237159.20022830818; 6.23740413028239e-07
237301.29747014371; 5.98848143407940e-07
237443.39471197926; 6.06525313808420e-07
237585.49195381478; 7.24605595608659e-07
237727.58919565030; 6.26663609423152e-07
237869.68643748583; 6.12490077869916e-07
238011.78367932138; 7.00324790306920e-07
238153.88092115690; 6.91747261705400e-07
238295.97816299243; 7.15692986119100e-07
238438.07540482798; 7.17033971175119e-07
238580.17264666350; 7.01765069144500e-07
238722.26988849902; 7.19836427993860e-07
238864.36713033455; 7.29283625752833e-07
239006.46437217010; 7.17760726289780e-07
239148.56161400562; 6.95269780171060e-07
239290.65885584115; 7.21859469735020e-07
239432.75609767670; 7.25103985241440e-07
239574.85333951222; 7.13139940427019e-07
239716.95058134774; 7.25407051949760e-07
239859.04782318327; 7.23515325471783e-07
240001.14506501882; 7.31431156581700e-07
240143.24230685434; 6.80971639077540e-07
240285.33954868987; 5.87316706296020e-07
240427.43679052539; 5.84023679158220e-07
240569.53403236094; 6.11511315610559e-07
240711.63127419646; 6.33688408419140e-07
240853.72851603199; 6.52273882697383e-07
240995.82575786754; 6.65971917016899e-07
241137.92299970306; 6.77390803921740e-07
241280.02024153859; 6.59197268784200e-07
241422.11748337411; 6.86272215209420e-07
241564.21472520966; 6.91561634014520e-07
241706.31196704519; 6.51058446235883e-07
241848.40920888071; 5.64747338852119e-07
241990.50645071626; 5.57321769635120e-07
242132.60369255178; 5.86253068329180e-07
242274.70093438731; 7.68063899268507e-07
242416.79817622283; 5.67215984031040e-07
242558.89541805838; 6.50342471083479e-07
242700.99265989391; 6.84782973094200e-07
242843.08990172943; 7.10545161310259e-07
242985.18714356498; 7.76441610416079e-07
243127.28438540050; 7.93487120747280e-07
243269.38162723603; 7.79104480622720e-07
243411.47886907155; 7.56349509991820e-07
243553.57611090710; 7.33972419050220e-07
243695.67335274263; 7.14123256241883e-07
243837.77059457815; 6.99887232128119e-07
243979.86783641370; 7.05981898707120e-07
244121.96507824922; 7.00825754972099e-07
244264.06232008475; 7.02309224591680e-07
244406.15956192027; 1.95015918384513e-06
244548.25680375582; 1.92678661791808e-06
244690.35404559135; 7.03349840769666e-08
244832.45128742687; 3.40128343358520e-07
244974.54852926242; 4.99666470548040e-07
245116.64577109794; 5.76418285973700e-07
245258.74301293347; 6.17335361408480e-07
245400.84025476899; 6.01105120636839e-07
245542.93749660454; 5.69915793862199e-07
245685.03473844007; 5.72949633097367e-07
245827.13198027559; 6.06591979913420e-07
245969.22922211114; 6.31723192747979e-07
246111.32646394667; 6.56550328403560e-07
246253.42370578219; 6.67162718091839e-07
246395.52094761771; 6.78071949992520e-07
246537.61818945326; 6.75501738055240e-07
246679.71543128879; 7.22398482918323e-07
246821.81267312431; 3.57887403727700e-07
246963.90991495986; 4.68118437155480e-07
247106.00715679539; 5.52409350455220e-07
247248.10439863091; 5.86474709105560e-07
247390.20164046643; 5.94173922965420e-07
247532.29888230198; 6.20176164628799e-07
247674.39612413751; 6.33062946936749e-07
247816.49336597303; 6.40793984719420e-07
247958.59060780858; 6.35120141887120e-07
248100.68784964411; 6.39381043330359e-07
248242.78509147963; 6.38746092497080e-07
248384.88233331515; 6.43478540269540e-07
248526.97957515070; 6.49893467506440e-07
248669.07681698623; 6.89275356335867e-07
248811.17405882175; 6.66986649428340e-07
248953.27130065727; 6.50296793359880e-07
249095.36854249283; 6.55037780525960e-07
249237.46578432835; 6.45393913821840e-07
249379.56302616387; 6.54794810392040e-07
249521.66026799942; 6.42343467209816e-07
249663.75750983495; 6.22207711269500e-07
249805.85475167047; 5.85478258081920e-07
249947.95199350599; 5.87352693679340e-07
250090.04923534155; 5.74564901820279e-07
250232.14647717707; 5.80982373823380e-07
250374.24371901259; 6.36781823444520e-07
250516.34096084815; 6.49239718493917e-07
250658.43820268367; 6.53444524501800e-07
250800.53544451919; 6.32545857973339e-07
250942.63268635471; 6.48791965225820e-07
251084.72992819027; 6.54258091085340e-07
251226.82717002579; 6.60640850779879e-07
251368.92441186131; 6.51301793511780e-07
251511.02165369687; 6.03452893776866e-07
251653.11889553239; 5.50275178196539e-07
251795.21613736791; 6.79442322351020e-07
251937.31337920344; 5.92636600434640e-07
252079.41062103899; 5.89564511195459e-07
252221.50786287451; 6.46301329592359e-07
252363.60510471003; 6.59375388137540e-07
252505.70234654559; 6.94177789547766e-07
252647.79958838111; 7.08059982871260e-07
252789.89683021663; 6.96692209357100e-07
252931.99407205216; 6.89396317543320e-07
253074.09131388771; 6.47063061032519e-07
253216.18855572323; 6.76344940719600e-07
253358.28579755875; 6.84776845207340e-07
253500.38303939431; 6.65973648509133e-07
253642.48028122983; 9.08907481868656e-07
253784.57752306535; 2.42913198191988e-06
253926.67476490088; 5.24750163563670e-07
254068.77200673643; 3.17070274218700e-07
254210.86924857195; 4.68224134930860e-07
254352.96649040747; 5.55226902359580e-07
254495.06373224303; 6.04255797322017e-07
254637.16097407855; 6.37043836593920e-07
254779.25821591407; 6.51195557376719e-07
254921.35545774960; 5.63248970636200e-07
255063.45269958515; 4.11081090032740e-07
255205.54994142067; 4.36329095243760e-07
255347.64718325619; 4.84630487842780e-07
255489.74442509175; 5.04965937392633e-07
255631.84166692727; 5.23786416269100e-07
255773.93890876279; 5.47724013359480e-07
255916.03615059832; 5.62551279749180e-07
256058.13339243387; 5.66310340231839e-07
256200.23063426939; 5.73556778150940e-07
256342.32787610492; 5.79229325141359e-07
256484.42511794047; 7.04594243956966e-07
256626.52235977599; 5.16225355154219e-07
256768.61960161151; 6.39175535556379e-07
256910.71684344704; 6.48706486578300e-07
257052.81408528259; 6.32953483424240e-07
257194.91132711811; 6.56422608469720e-07
257337.00856895364; 6.63264045469116e-07
257479.10581078916; 6.51472348994100e-07
257621.20305262471; 6.64250071495340e-07
257763.30029446023; 6.66996596600719e-07
257905.39753629576; 6.54159223319640e-07
258047.49477813131; 6.69494773549760e-07
258189.59201996683; 6.72187691019560e-07
258331.68926180236; 6.78559464226433e-07
258473.78650363788; 6.51633042268640e-07
258615.88374547343; 6.35742435121379e-07
258757.98098730895; 6.76512287465359e-07
258900.07822914448; 6.58827839002679e-07
259042.17547098003; 6.19124643486400e-07
259184.27271281555; 5.41538537138480e-07
259326.36995465108; 6.02284620076166e-07
259468.46719648660; 6.32628701249480e-07
259610.56443832215; 6.39208728661600e-07
259752.66168015767; 6.56384226526220e-07
259894.75892199320; 6.21496210041660e-07
260036.85616382875; 6.39907307831200e-07
260178.95340566427; 6.77257502882340e-07
260321.05064749980; 6.73405610716233e-07
260463.14788933532; 6.70428766243900e-07
260605.24513117087; 6.14265854591520e-07
260747.34237300640; 5.77834326402239e-07
260889.43961484192; 5.87154410721260e-07
261031.53685667747; 6.13840352571460e-07
261173.63409851299; 6.50208306274120e-07
261315.73134034852; 5.80174788075482e-07
261457.82858218404; 6.73909677692580e-07
261599.92582401959; 6.53386606253480e-07
261742.02306585512; 6.86024837715160e-07
261884.12030769064; 7.03132739034100e-07
262026.21754952619; 6.78671555853200e-07
262168.31479136168; 6.90744160993379e-07
262310.41203319724; 6.92165706178333e-07
262452.50927503279; 6.59291581569460e-07
262594.60651686834; 6.60058844467980e-07
262736.70375870384; 6.82772035880660e-07
262878.80100053939; 1.77450015741608e-06
263020.89824237494; 1.67568825752995e-06
263162.99548421043; 3.16563659592580e-07
263305.09272604599; 3.94279262273817e-07
263447.18996788148; 5.19234280060320e-07
263589.28720971703; 5.90847635750560e-07
263731.38445155259; 6.24067614238959e-07
263873.48169338808; 6.42551855717080e-07
264015.57893522363; 6.51946645195400e-07
264157.67617705913; 6.33287068421620e-07
264299.77341889468; 4.60556128101267e-07
264441.87066073023; 4.42296240962500e-07
264583.96790256572; 4.85576372285639e-07
264726.06514440128; 5.12300265586700e-07
264868.16238623683; 5.15437414951060e-07
265010.25962807232; 5.37110753100800e-07
265152.35686990788; 5.53410294450133e-07
265294.45411174343; 5.64484631187199e-07
265436.55135357892; 5.71627815742959e-07
265578.64859541447; 5.73580220134300e-07
265720.74583724997; 5.80146592736980e-07
265862.84307908552; 7.15196281779539e-07
266004.94032092107; 5.07513420944360e-07
266147.03756275657; 6.54792580635233e-07
266289.13480459212; 6.25588091801260e-07
266431.23204642767; 6.47355870260320e-07
266573.32928826316; 6.80331578402959e-07
266715.42653009872; 6.34347639743840e-07
266857.52377193427; 6.46497535576820e-07
266999.62101376976; 6.50035149991359e-07
267141.71825560532; 6.35846421341616e-07
267283.81549744087; 6.49727803125740e-07
267425.91273927636; 6.46640443840080e-07
267568.00998111191; 6.59077354022720e-07
267710.10722294741; 6.56849152030900e-07
267852.20446478296; 6.29587737591220e-07
267994.30170661851; 6.43374790391580e-07
268136.39894845401; 6.42997270660933e-07
268278.49619028956; 5.78116240365400e-07
268420.59343212511; 5.78863222825300e-07
268562.69067396061; 5.72962999929219e-07
268704.78791579616; 6.02833680514820e-07
268846.88515763171; 6.01911834814380e-07
268988.98239946720; 6.14474249941219e-07
269131.07964130276; 6.39784039141550e-07
269273.17688313825; 6.43851879302419e-07
269415.27412497380; 6.48238978405460e-07
269557.37136680936; 6.45219312241140e-07
269699.46860864485; 6.53918198667000e-07
269841.56585048040; 6.54238022609139e-07
269983.66309231595; 6.00131068303460e-07
270125.76033415145; 5.60107066389383e-07
270267.85757598700; 5.58354544008019e-07
270409.95481782255; 6.76668205729219e-07
270552.05205965805; 4.84457658311499e-07
270694.14930149360; 5.83311300944119e-07
270836.24654332915; 6.26185724901640e-07
270978.34378516464; 6.02905373899299e-07
271120.44102700020; 6.46402305406633e-07
271262.53826883569; 6.76604858777460e-07
271404.63551067124; 6.72284814546660e-07
271546.73275250680; 6.64580123242099e-07
271688.82999434229; 6.21803290688660e-07
271830.92723617784; 6.49104673619440e-07
271973.02447801339; 6.66288220269560e-07
272115.12171984889; 6.42430457944217e-07
272257.21896168444; 8.47857060469362e-07
272399.31620351999; 2.41006582876204e-06
272541.41344535549; 5.92271338340259e-07
272683.51068719104; 2.94556189348280e-07
272825.60792902659; 4.51426476886819e-07
272967.70517086209; 5.45837886340983e-07
273109.80241269764; 5.95774287245160e-07
273251.89965453313; 6.24552641464879e-07
273393.99689636868; 6.40988316582739e-07
273536.09413820424; 6.25736277244580e-07
273678.19138003973; 4.57837684119459e-07
273820.28862187528; 4.17098109261239e-07
273962.38586371084; 4.64759507575317e-07
274104.48310554633; 4.97466491536320e-07
274246.58034738188; 5.10013660555719e-07
274388.67758921743; 5.34643988785160e-07
274530.77483105293; 5.51498549736120e-07
274672.87207288848; 5.61472987369900e-07
274814.96931472403; 5.67871941331680e-07
274957.06655655953; 5.74727361820433e-07
275099.16379839508; 5.82014757137540e-07
275241.26104023057; 6.82970485752360e-07
275383.35828206612; 5.64502992275939e-07
275525.45552390168; 6.25904929144400e-07
275667.55276573717; 6.16308305532180e-07
275809.65000757272; 6.32669405101719e-07
275951.74724940828; 6.58133519792533e-07
276093.84449124377; 6.40708324986479e-07
276235.94173307932; 6.51128338566059e-07
276378.03897491487; 6.50612701110939e-07
276520.13621675037; 6.32594910507059e-07
276662.23345858592; 6.43974942323300e-07
276804.33070042141; 6.42580112646359e-07
276946.42794225697; 6.38612503612167e-07
277088.52518409252; 6.45500999761599e-07
277230.62242592801; 6.33772796093500e-07
277372.71966776357; 6.08552222685240e-07
277514.81690959912; 5.91174918516559e-07
277656.91415143461; 5.71674591122000e-07
277799.01139327016; 5.51369880703560e-07
277941.10863510572; 5.68213544881750e-07
278083.20587694121; 5.88346862089520e-07
278225.30311877676; 5.91250191192739e-07
278367.40036061232; 6.14082630242540e-07
278509.49760244781; 6.35041880264100e-07
278651.59484428336; 6.35377298961760e-07
278793.69208611886; 6.33390127452039e-07
278935.78932795441; 6.17024642595783e-07
279077.88656978996; 6.02943634817639e-07
279219.98381162545; 6.35739433325100e-07
279362.08105346101; 5.73458441656480e-07
279504.17829529656; 5.68866223264720e-07
279646.27553713205; 5.64909479795940e-07
279788.37277896760; 6.38470793084660e-07
279930.47002080316; 5.76756975042583e-07
280072.56726263865; 5.95330531334579e-07
280214.66450447420; 6.66472135314440e-07
280356.76174630976; 6.58825611330480e-07
280498.85898814525; 6.80798042833679e-07
280640.95622998080; 6.83615642381320e-07
280783.05347181630; 6.56876701769083e-07
280925.15071365185; 6.44110403153540e-07
281067.24795548740; 6.79734268264840e-07
281209.34519732289; 6.50453846114200e-07
281351.44243915845; 6.71311250961399e-07
281493.53968099400; 6.72502626482680e-07
281635.63692282949; 9.10256960208598e-07
281777.73416466505; 2.37264527791958e-06
281919.83140650060; 2.48285717777119e-07
282061.92864833609; 2.77991009824759e-07
282204.02589017164; 4.46049923002440e-07
282346.12313200720; 5.35421552834820e-07
282488.22037384269; 5.88514088395840e-07
282630.31761567824; 6.16634188099560e-07
282772.41485751374; 6.08402899094849e-07
282914.51209934929; 4.39749641298600e-07
283056.60934118484; 4.07712191952519e-07
283198.70658302034; 4.53880836363559e-07
283340.80382485589; 4.82606432340859e-07
283482.90106669144; 4.87623319651299e-07
283624.99830852693; 5.16657553891860e-07
283767.09555036249; 5.32899564541766e-07
283909.19279219804; 5.44693261016119e-07
284051.29003403353; 5.51804318349620e-07
284193.38727586908; 5.54371070840060e-07
284335.48451770464; 5.55596127192060e-07
284477.58175954013; 6.94262851522860e-07
284619.67900137568; 4.85673830235580e-07
284761.77624321118; 6.33633684569750e-07
284903.87348504673; 5.86554558191020e-07
285045.97072688228; 6.07062022615340e-07
285188.06796871778; 6.04280145009600e-07
285330.16521055333; 6.13894148946279e-07
285472.26245238888; 6.16731156054840e-07
285614.35969422437; 6.34459058533420e-07
285756.45693605993; 6.29798049065432e-07
285898.55417789548; 5.99099311351660e-07
286040.65141973097; 6.23935915897520e-07
286182.74866156653; 6.15449972964560e-07
286324.84590340202; 6.23111459158920e-07
286466.94314523757; 6.02582165644260e-07
286609.04038707312; 6.22591279315119e-07
286751.13762890862; 6.23341629851800e-07
286893.23487074417; 6.17128430630779e-07
287035.33211257972; 5.37300261055600e-07
287177.42935441522; 5.39506234088460e-07
287319.52659625077; 5.52978247310040e-07
287461.62383808632; 5.64532083811379e-07
287603.72107992182; 5.68817523609340e-07
287745.81832175737; 5.98765781130783e-07
287887.91556359292; 6.20022167366280e-07
288030.01280542841; 6.04024857086499e-07
288172.11004726397; 5.92724809243100e-07
288314.20728909946; 6.39519697796180e-07
288456.30453093501; 6.21073179204060e-07
288598.40177277057; 6.23482175431599e-07
288740.49901460606; 6.03477060716139e-07
288882.59625644161; 5.49633782853460e-07
289024.69349827716; 5.08607942659319e-07
289166.79074011266; 6.28102854282359e-07
289308.88798194821; 5.93103477072080e-07
289450.98522378376; 5.51144153104040e-07
289593.08246561926; 6.38027899318666e-07
289735.17970745481; 6.64333682444080e-07
289877.27694929036; 6.45461002641360e-07
290019.37419112585; 6.30006200029819e-07
290161.47143296141; 6.65565864119660e-07
290303.56867479690; 6.45960972087440e-07
290445.66591663245; 6.51556799989120e-07
290587.76315846801; 6.48109929379700e-07
290729.86040030350; 6.41063306663400e-07
290871.95764213905; 6.08342210732580e-07
291014.05488397460; 6.42258698462799e-07
291156.15212581010; 1.50197752904660e-06
291298.24936764565; 2.04888118582689e-06
291440.34660948120; 2.15017022665980e-07
291582.44385131670; 3.00303889169799e-07
291724.54109315225; 4.73082583233559e-07
291866.63833498780; 5.45299188498959e-07
292008.73557682330; 5.75999622949919e-07
292150.83281865885; 5.92259721571680e-07
292292.93006049434; 5.03423217603819e-07
292435.02730232989; 3.73348326135480e-07
292577.12454416545; 4.07835854517250e-07
292719.22178600094; 4.54950610291220e-07
292861.31902783649; 4.68070195464860e-07
293003.41626967205; 4.90638111974560e-07
293145.51351150754; 5.15071170634080e-07
293287.61075334309; 5.23225296106000e-07
293429.70799517864; 5.27114035266699e-07
293571.80523701414; 5.41296295016567e-07
293713.90247884969; 5.50147142700040e-07
293855.99972068518; 6.95761355392499e-07
293998.09696252074; 4.80182805850940e-07
294140.19420435629; 6.18320007178560e-07
294282.29144619178; 5.94978206302980e-07
294424.38868802733; 5.98248670889179e-07
294566.48592986289; 6.33630067365833e-07
294708.58317169838; 6.29383089015719e-07
294850.68041353393; 6.19857464661299e-07
294992.77765536949; 6.33459466540099e-07
295134.87489720498; 6.41497805992279e-07
295276.97213904053; 6.42355183751000e-07
295419.06938087608; 6.35837074420219e-07
295561.16662271158; 6.14988291487816e-07
295703.26386454713; 6.13483077053039e-07
295845.36110638262; 6.24663815287039e-07
295987.45834821818; 6.29141033248539e-07
296129.55559005373; 6.03336359287579e-07
296271.65283188922; 5.83097661656020e-07
296413.75007372478; 5.70468511487517e-07
296555.84731556033; 5.54277052462180e-07
296697.94455739582; 5.48311078161220e-07
296840.04179923137; 5.87050251144379e-07
296982.13904106693; 5.92001606533280e-07
297124.23628290242; 5.98864512479040e-07
297266.33352473797; 6.25826162285839e-07
297408.43076657353; 6.46445069749433e-07
297550.52800840902; 6.40321988589480e-07
297692.62525024457; 6.43872301831860e-07
297834.72249208007; 5.99197323266260e-07
297976.81973391562; 5.66202757361019e-07
298118.91697575117; 5.59840909596840e-07
298261.01421758666; 5.52258300988380e-07
298403.11145942222; 5.82860436448350e-07
298545.20870125777; 5.94988145210999e-07
298687.30594309326; 6.13210021704500e-07
298829.40318492881; 7.39105175275820e-07
298971.50042676437; 5.36084840882700e-07
299113.59766859986; 6.03749964584000e-07
299255.69491043541; 6.61158793915440e-07
299397.79215227097; 6.61003510938483e-07
299539.88939410646; 6.54385281529920e-07
299681.98663594201; 6.04582191610860e-07
299824.08387777751; 6.43140819759620e-07
299966.18111961306; 6.47865526821240e-07
300108.27836144861; 6.34059806717180e-07
300250.37560328410; 8.08221482701260e-07
300392.47284511966; 2.04420674056912e-06
300534.57008695521; 4.41031378702459e-07
300676.66732879070; 3.48304876574840e-07
300818.76457062626; 4.75198460482600e-07
300960.86181246181; 5.48035218751420e-07
301102.95905429730; 5.87909368800180e-07
301245.05629613285; 6.07865030562820e-07
301387.15353796835; 5.23831967054500e-07
301529.25077980390; 3.86680491704240e-07
301671.34802163945; 4.17172430799140e-07
301813.44526347495; 4.58965269066599e-07
301955.54250531050; 4.73949245260720e-07
302097.63974714605; 4.93348102679459e-07
302239.73698898155; 5.19186121689579e-07
302381.83423081710; 5.29626608445966e-07
302523.93147265265; 5.34722892253960e-07
302666.02871448814; 5.45532596479840e-07
302808.12595632370; 5.49002381395540e-07
302950.22319815925; 6.15929265239480e-07
303092.32043999474; 5.84128280219660e-07
303234.41768183029; 5.82826680584540e-07
303376.51492366579; 6.03854439564833e-07
303518.61216550134; 5.94087666485299e-07
303660.70940733689; 6.10616939575539e-07
303802.80664917239; 6.07245459045019e-07
303944.90389100794; 6.07308866625900e-07
304087.00113284349; 6.28715119490000e-07
304229.09837467899; 6.27238782543583e-07
304371.19561651454; 5.98115811197920e-07
304513.29285835009; 6.10020302439900e-07
304655.39010018558; 6.22469146008959e-07
304797.48734202114; 6.20248751797159e-07
304939.58458385669; 6.18011705036899e-07
305081.68182569218; 5.93590375840880e-07
305223.77906752774; 5.42166867602616e-07
305365.87630936323; 5.32497395575740e-07
305507.97355119878; 5.27137232431340e-07
305650.07079303433; 5.55258687852680e-07
305792.16803486983; 5.54246120626600e-07
305934.26527670538; 5.82905945136999e-07
306076.36251854093; 5.75864684193460e-07
306218.45976037643; 6.06054987416083e-07
306360.55700221198; 6.23664209066380e-07
306502.65424404753; 5.93442468180080e-07
306644.75148588303; 5.77442890982099e-07
306786.84872771858; 5.63913255309720e-07
306928.94596955413; 5.45090192426299e-07
307071.04321138962; 5.20441955089880e-07
307213.14045322518; 5.53827745036233e-07
307355.23769506067; 5.71069881342820e-07
307497.33493689622; 5.77288401915920e-07
307639.43217873177; 5.34786274537320e-07
307781.52942056727; 6.76661775984620e-07
307923.62666240282; 5.00292258421179e-07
308065.72390423837; 5.75282635151720e-07
308207.82114607387; 6.06831318226366e-07
308349.91838790942; 6.20381966624400e-07
308492.01562974497; 5.84432688091480e-07
308634.11287158047; 5.89947066803260e-07
308776.21011341602; 6.30406289716999e-07
308918.30735525157; 6.03458428565360e-07
309060.40459708706; 6.23132367630819e-07
309202.50183892262; 1.85140437208968e-06
309344.59908075811; 8.74229268520366e-07
309486.69632259366; 2.85179242503340e-07
309628.79356442922; 4.16348018666320e-07
309770.89080626471; 5.01299051466920e-07
309912.98804810026; 5.45436756187480e-07
310055.08528993581; 5.76529728035900e-07
310197.18253177131; 5.15421415164150e-07
310339.27977360686; 3.59741209366159e-07
310481.37701544241; 3.86627969512240e-07
310623.47425727791; 4.20070258299260e-07
310765.57149911346; 4.38065698222859e-07
310907.66874094895; 4.60593222987780e-07
311049.76598278451; 4.84506508017340e-07
311191.86322462006; 5.01024445977033e-07
311333.96046645555; 5.12261034464840e-07
311476.05770829110; 5.10861432468000e-07
311618.15495012666; 5.13708762286719e-07
311760.25219196215; 5.30654394792900e-07
311902.34943379770; 6.71396340690340e-07
312044.44667563325; 5.10852324603817e-07
312186.54391746875; 5.77747029716240e-07
312328.64115930430; 5.69000652539700e-07
312470.73840113985; 5.74344125199600e-07
312612.83564297535; 5.93728294660900e-07
312754.93288481090; 5.95608791374720e-07
312897.03012664639; 5.91150990877900e-07
313039.12736848195; 6.03066769849816e-07
313181.22461031750; 5.98105512257300e-07
313323.32185215299; 5.83781151736280e-07
313465.41909398854; 5.96824986036340e-07
313607.51633582410; 5.92235356746800e-07
313749.61357765959; 5.66627175802679e-07
313891.71081949514; 5.72161419069959e-07
314033.80806133070; 5.79399665735916e-07
314175.90530316619; 5.68047171637000e-07
314318.00254500174; 4.98571036099320e-07
314460.09978683729; 4.77019539613980e-07
314602.19702867279; 4.86633296916239e-07
314744.29427050834; 5.09800290190939e-07
314886.39151234383; 5.07852550565420e-07
315028.48875417939; 5.18343944422649e-07
315170.58599601494; 5.51222440965180e-07
315312.68323785043; 5.70867253028599e-07
315454.78047968599; 5.70648367899680e-07
315596.87772152154; 5.48635101872079e-07
315738.97496335703; 5.44253171064420e-07
315881.07220519258; 5.40103479927380e-07
316023.16944702814; 5.16094161392399e-07
316165.26668886363; 4.88001445172139e-07
316307.36393069918; 5.22658278108820e-07
316449.46117253473; 5.24114954776840e-07
316591.55841437023; 5.53263975275020e-07
316733.65565620578; 5.96938182776860e-07
316875.75289804128; 5.07939014766159e-07
317017.85013987683; 5.76175461204250e-07
317159.94738171238; 5.86136379552199e-07
317302.04462354787; 5.72290547848660e-07
317444.14186538343; 5.65906951865480e-07
317586.23910721898; 5.89040712346680e-07
317728.33634905447; 5.88875184049519e-07
317870.43359089002; 5.51818146498380e-07
318012.53083272558; 5.68710720211400e-07
318154.62807456107; 9.06054606216678e-07
318296.72531639662; 1.93371584114107e-06
318438.82255823212; 3.88491949453840e-07
318580.91980006767; 3.14493830304100e-07
318723.01704190322; 4.31047516352279e-07
318865.11428373872; 4.87546935766380e-07
319007.21152557427; 5.26950926335100e-07
319149.30876740982; 5.50149157993100e-07
319291.40600924531; 5.45641646361619e-07
319433.50325108087; 5.18040763631059e-07
319575.60049291642; 4.78751430251260e-07
319717.69773475191; 3.56889552411240e-07
319859.79497658747; 3.45229161770149e-07
320001.89221842302; 4.12797939401320e-07
320143.98946025851; 4.41426087041459e-07
320286.08670209406; 4.40859669864140e-07
320428.18394392956; 4.57144672670479e-07
320570.28118576511; 4.72005100672000e-07
320712.37842760066; 4.72096699719659e-07
320854.47566943616; 4.74073718195616e-07
320996.57291127171; 4.75155919885259e-07
321138.67015310726; 5.12400335958560e-07
321280.76739494276; 5.43301261623980e-07
321422.86463677831; 4.49488814855580e-07
321564.96187861386; 5.46311776634480e-07
321707.05912044935; 5.48010903585800e-07
321849.15636228491; 5.11859513681516e-07
321991.25360412046; 5.48683372763279e-07
322133.35084595595; 5.39721094994579e-07
322275.44808779150; 5.38739375955740e-07
322417.54532962700; 5.45307628481760e-07
322559.64257146255; 5.62360857653160e-07
322701.73981329810; 5.67462457078900e-07
322843.83705513360; 5.52707147118483e-07
322985.93429696915; 5.48568783223640e-07
323128.03153880470; 5.39796388380660e-07
323270.12878064020; 5.25292476532200e-07
323412.22602247575; 5.34960121943180e-07
323554.32326431130; 5.58619316723380e-07
323696.42050614679; 5.58321043918460e-07
323838.51774798235; 5.23162714764083e-07
323980.61498981790; 5.31443754534280e-07
324122.71223165339; 5.51510394272199e-07
324264.80947348895; 5.24519565815680e-07
324406.90671532444; 4.86157175578680e-07
324549.00395715999; 4.65650656244440e-07
324691.10119899554; 4.64793763110019e-07
324833.19844083104; 4.90554837494183e-07
324975.29568266659; 5.31207689413559e-07
325117.39292450214; 5.43251161536900e-07
325259.49016633764; 5.28708067360800e-07
325401.58740817319; 5.26559376187279e-07
325543.68465000874; 5.50749518201260e-07
325685.78189184424; 5.61097241144020e-07
