Time, s; Heat flow, Watt
1651.70248917140; 2.90679640694008e-05
1810.69410882585; 2.68780922066431e-05
1969.68572848030; 2.65396831910991e-05
2128.67734813475; 2.66051027955828e-05
2287.66896778920; 2.64326758454269e-05
2446.66058744365; 2.61701797741456e-05
2605.65220709810; 2.58544215060916e-05
2764.64382675255; 2.58916957676643e-05
2923.63544640700; 2.56878656277407e-05
3082.62706606145; 2.55080333249892e-05
3241.61868571590; 2.54451255419479e-05
3400.61030537035; 2.54018689383161e-05
3559.60192502480; 2.53162888640960e-05
3718.59354467925; 2.53190101485832e-05
3877.58516433370; 2.52526779833662e-05
4036.57678398815; 2.51686943688386e-05
4195.56840364260; 2.51360994310715e-05
4354.56002329705; 2.51693184221378e-05
4513.55164295150; 2.50879646950622e-05
4672.54326260595; 2.50866300357766e-05
4831.53488226040; 2.50831416425602e-05
4990.52650191485; 2.50406216441247e-05
5149.51812156930; 2.50646040227463e-05
5308.50974122375; 2.50243383240372e-05
5467.50136087819; 2.49661307767517e-05
5626.49298053264; 2.50282112702607e-05
5785.48460018709; 2.50205800571702e-05
5944.47621984154; 2.50022331742375e-05
6103.46783949599; 2.50513201472549e-05
6262.45945915044; 2.50450559789259e-05
6421.45107880489; 2.48953101617911e-05
6580.44269845934; 2.49729601041501e-05
6739.43431811379; 2.50070158500419e-05
6898.42593776824; 2.49611136635205e-05
7057.41755742269; 2.50043214788966e-05
7216.40917707714; 2.49733749560366e-05
7375.40079673159; 2.49148325865123e-05
7534.39241638604; 2.49224272349812e-05
7693.38403604049; 2.48992409615509e-05
7852.37565569494; 2.48614650964854e-05
8011.36727534939; 2.49161917692006e-05
8170.35889500384; 2.48989262734797e-05
8329.35051465829; 2.48018469155230e-05
8488.34213431274; 2.48273594500439e-05
8647.33375396719; 2.47573623897435e-05
8806.32537362164; 2.47457874150814e-05
8965.31699327609; 2.47853174183199e-05
9124.30861293054; 2.47995455818464e-05
9283.30023258499; 2.47604676683007e-05
9442.29185223944; 2.47552146057586e-05
9601.28347189389; 2.47472146714877e-05
9760.27509154834; 2.46870844708894e-05
9919.26671120278; 2.46450943510787e-05
10078.25833085724; 2.46315371231169e-05
10237.24995051168; 2.45704747697164e-05
10396.24157016613; 2.46033828810025e-05
10555.23318982058; 2.45881174925653e-05
10714.22480947503; 2.45060338238989e-05
10873.21642912948; 2.45702780715270e-05
11032.20804878393; 2.45213833074232e-05
11191.19966843838; 2.44890699076730e-05
11350.19128809283; 2.44527028734008e-05
11509.18290774728; 2.43840716974755e-05
11668.17452740173; 2.43270790072229e-05
11827.16614705618; 2.43931498536254e-05
11986.15776671063; 2.43404476881259e-05
12145.14938636508; 2.43061390649407e-05
12304.14100601953; 2.42179598758904e-05
12463.13262567398; 2.42443476901255e-05
12622.12424532843; 2.42171133697495e-05
12781.11586498288; 2.41429358106258e-05
12940.10748463733; 2.40789097642346e-05
13099.09910429178; 2.41225799883930e-05
13258.09072394623; 2.40049105207468e-05
13417.08234360068; 2.40330541454409e-05
13576.07396325513; 2.39993120088956e-05
13735.06558290957; 2.39311038494436e-05
13894.05720256402; 2.39421081056125e-05
14053.04882221848; 2.38918201020713e-05
14212.04044187292; 2.38012850239293e-05
14371.03206152737; 2.38262164866488e-05
14530.02368118182; 2.37179649385721e-05
14689.01530083627; 2.36666436491604e-05
14848.00692049072; 2.37028969133926e-05
15006.99854014517; 2.36457666003713e-05
15165.99015979962; 2.36220500378715e-05
15324.98177945407; 2.35694622713717e-05
15483.97339910852; 2.35287344266495e-05
15642.96501876297; 2.34511455162391e-05
15801.95663841742; 2.34472771791886e-05
15960.94825807187; 2.34223445403347e-05
16119.93987772632; 2.32769114886326e-05
16278.93149738077; 2.32972024301074e-05
16437.92311703522; 2.32746543799883e-05
16596.91473668967; 2.31587042110191e-05
16755.90635634412; 2.31639281403936e-05
16914.89797599857; 2.31446573786086e-05
17073.88959565302; 2.30901760779493e-05
17232.88121530747; 2.30075976602470e-05
17391.87283496192; 2.30042254772169e-05
17550.86445461637; 2.28644763079710e-05
17709.85607427081; 2.28701353155754e-05
17868.84769392527; 2.27216853211548e-05
18027.83931357972; 2.27188336698011e-05
18186.83093323417; 2.27164389286916e-05
18345.82255288861; 2.26342648061034e-05
18504.81417254307; 2.26164304482855e-05
18663.80579219752; 2.25692961091146e-05
18822.79741185196; 2.25069698721548e-05
18981.78903150641; 2.24608579128040e-05
19140.78065116086; 2.23942490901670e-05
19299.77227081531; 2.23408758818409e-05
19458.76389046976; 2.22879789343393e-05
19617.75551012421; 2.21360946420913e-05
19776.74712977866; 2.20562385255130e-05
19935.73874943311; 2.20298378575986e-05
20094.73036908756; 2.19655106915578e-05
20253.72198874201; 2.19620831458659e-05
20412.71360839646; 2.18852919430483e-05
20571.70522805091; 2.18760222394907e-05
20730.69684770536; 2.17240389763239e-05
20889.68846735981; 2.17317714160435e-05
21048.68008701426; 2.16848990774406e-05
21207.67170666871; 2.15793711322051e-05
21366.66332632316; 2.13967714529332e-05
21525.65494597761; 2.14366117892585e-05
21684.64656563206; 2.13464640315811e-05
21843.63818528651; 2.11739982973930e-05
22002.62980494096; 2.12144533718106e-05
22161.62142459541; 2.11369735996673e-05
22320.61304424985; 2.10336577735183e-05
22479.60466390431; 2.09949089974149e-05
22638.59628355876; 2.09185837391319e-05
22797.58790321320; 2.08702203643977e-05
22956.57952286765; 2.06750605292813e-05
23115.57114252210; 2.06097843792068e-05
23274.56276217655; 2.05518297298820e-05
23433.55438183100; 2.05340683956619e-05
23592.54600148545; 2.04058630097431e-05
23751.53762113990; 2.03235100049619e-05
23910.52924079435; 2.02780004886133e-05
24069.52086044880; 2.02140378169001e-05
24228.51248010325; 1.99930462045330e-05
24387.50409975770; 2.00477889016388e-05
24546.49571941215; 1.99951976867835e-05
24705.48733906660; 1.98997022558281e-05
24864.47895872105; 1.96953877428895e-05
25023.47057837550; 1.97450015252360e-05
25182.46219802995; 1.95859804901382e-05
25341.45381768440; 1.94668475007442e-05
25500.44543733885; 1.94378562314635e-05
25659.43705699330; 1.93746892923310e-05
25818.42867664775; 1.92699051597296e-05
25977.42029630220; 1.91013019185511e-05
26136.41191595665; 1.91505172941043e-05
26295.40353561109; 1.89332941063340e-05
26454.39515526555; 1.88507130844573e-05
26613.38677492000; 1.87888612402787e-05
26772.37839457444; 1.88029023422815e-05
26931.37001422889; 1.86985487017473e-05
27090.36163388334; 1.85857710312905e-05
27249.35325353779; 1.85638480699750e-05
27408.34487319224; 1.84786326387306e-05
27567.33649284669; 1.84504399288715e-05
27726.32811250114; 1.82053610520869e-05
27885.31973215559; 1.82360411124788e-05
28044.31135181004; 1.81614730487486e-05
28203.30297146449; 1.80931306893387e-05
28362.29459111894; 1.78342312136123e-05
28521.28621077339; 1.78930404840031e-05
28680.27783042784; 1.79293382346781e-05
28839.26945008229; 1.76705734910829e-05
28998.26106973674; 1.77112247700698e-05
29157.25268939119; 1.77034942266291e-05
29316.24430904564; 1.75591293746161e-05
29475.23592870009; 1.73710809126605e-05
29634.22754835454; 1.74427548292714e-05
29793.21916800899; 1.73131942125123e-05
29952.21078766344; 1.70920387380945e-05
30111.20240731789; 1.71709582064931e-05
30270.19402697233; 1.70487656838017e-05
30429.18564662679; 1.69835887631534e-05
30588.17726628124; 1.68301496330443e-05
30747.16888593568; 1.68457062134890e-05
30906.16050559013; 1.67271896106142e-05
31065.15212524459; 1.66958949969748e-05
31224.14374489903; 1.65289190780738e-05
31383.13536455348; 1.65180380696150e-05
31542.12698420793; 1.64531287720671e-05
31701.11860386238; 1.63062819882523e-05
31860.11022351683; 1.62924814825890e-05
32019.10184317128; 1.62294003788379e-05
32178.09346282573; 1.62246752530130e-05
32337.08508248018; 1.60240136816692e-05
32496.07670213463; 1.61000205675737e-05
32655.06832178908; 1.60041983365515e-05
32814.05994144353; 1.58466256430508e-05
32973.05156109798; 1.56749875474175e-05
33132.04318075243; 1.57551960130830e-05
33291.03480040687; 1.55911828270234e-05
33450.02642006132; 1.54142441336701e-05
33609.01803971577; 1.53346796731423e-05
33768.00965937023; 1.53465273182724e-05
33927.00127902468; 1.52564144247166e-05
34085.99289867913; 1.50746572664690e-05
34244.98451833357; 1.51679483092812e-05
34403.97613798802; 1.50961363080261e-05
34562.96775764247; 1.49530724908307e-05
34721.95937729692; 1.48059678874640e-05
34880.95099695137; 1.47903108976688e-05
35039.94261660582; 1.46953400798609e-05
35198.93423626027; 1.45217450816589e-05
35357.92585591472; 1.44728901779363e-05
35516.91747556917; 1.44014461073722e-05
35675.90909522362; 1.43716051486665e-05
35834.90071487807; 1.41561359741351e-05
35993.89233453252; 1.41764240795151e-05
36152.88395418697; 1.40705577120480e-05
36311.87557384142; 1.40863716395530e-05
36470.86719349587; 1.37660289502812e-05
36629.85881315031; 1.37951722032629e-05
36788.85043280476; 1.37803730046874e-05
36947.84205245921; 1.34677485656483e-05
37106.83367211367; 1.34670564235663e-05
37265.82529176812; 1.34719164502672e-05
37424.81691142257; 1.32687131753947e-05
37583.80853107701; 1.30845261928866e-05
37742.80015073146; 1.32159343005655e-05
37901.79177038591; 1.30522983996744e-05
38060.78339004036; 1.29424074877350e-05
38219.77500969481; 1.28225604154278e-05
38378.76662934926; 1.27628126672436e-05
38537.75824900371; 1.26547396862076e-05
38696.74986865816; 1.24204713949971e-05
38855.74148831261; 1.24279075709397e-05
39014.73310796706; 1.23067030091938e-05
39173.72472762151; 1.22632657400001e-05
39332.71634727596; 1.20540384760934e-05
39491.70796693041; 1.20190756781982e-05
39650.69958658486; 1.19681716178911e-05
39809.69120623931; 1.18489420521968e-05
39968.68282589376; 1.15838746114986e-05
40127.67444554821; 1.15790908586126e-05
40286.66606520265; 1.15627421403591e-05
40445.65768485711; 1.12163029733625e-05
40604.64930451156; 1.11609177811722e-05
40763.64092416601; 1.11587773420887e-05
40922.63254382046; 1.09642372420050e-05
41081.62416347490; 1.07499845170738e-05
41240.61578312935; 1.07919373798408e-05
41399.60740278380; 1.06639104264834e-05
41558.59902243825; 1.03981346277129e-05
41717.59064209271; 1.04201771063886e-05
41876.58226174716; 1.03336525445524e-05
42035.57388140160; 1.01065233256029e-05
42194.56550105605; 9.98879024366639e-06
42353.55712071050; 9.99304056378887e-06
42512.54874036495; 9.79696666662538e-06
42671.54036001940; 9.74522661186013e-06
42830.53197967385; 9.51902221456113e-06
42989.52359932830; 9.46763769683875e-06
43148.51521898275; 9.39714904552973e-06
43307.50683863720; 9.18051059279555e-06
43466.49845829165; 9.09427123379305e-06
43625.49007794610; 9.03904025064215e-06
43784.48169760055; 8.79347799837820e-06
43943.47331725500; 8.67650578441574e-06
44102.46493690945; 8.65942157967091e-06
44261.45655656390; 8.50538761060264e-06
44420.44817621835; 8.44244020977225e-06
44579.43979587279; 8.27069882670987e-06
44738.43141552724; 8.15077212262792e-06
44897.42303518170; 8.11216757910560e-06
45056.41465483615; 7.94521715913633e-06
45215.40627449060; 7.85234717737272e-06
45374.39789414505; 7.78707575739357e-06
45533.38951379949; 7.70429623975639e-06
45692.38113345394; 7.38702224415087e-06
45851.37275310839; 7.43437903441534e-06
46010.36437276284; 7.36379939747417e-06
46169.35599241730; 7.20218286230209e-06
46328.34761207175; 7.07515247472940e-06
46487.33923172619; 7.13056108883652e-06
46646.33085138064; 6.94079385295681e-06
46805.32247103509; 6.82106604491082e-06
46964.31409068954; 6.86400131552365e-06
47123.30571034399; 6.70493746868429e-06
47282.29732999844; 6.62193399512411e-06
47441.28894965289; 6.51304246287729e-06
47600.28056930734; 6.41260277773346e-06
47759.27218896179; 6.36824060173627e-06
47918.26380861624; 6.34754129037410e-06
48077.25542827069; 6.15664226495543e-06
48236.24704792514; 6.12778638435695e-06
48395.23866757959; 6.13788785674430e-06
48554.23028723404; 5.94075876436608e-06
48713.22190688849; 5.93715985372389e-06
48872.21352654294; 5.92425679983565e-06
49031.20514619738; 5.82335460148448e-06
49190.19676585183; 5.69509710679874e-06
49349.18838550628; 5.69490179131031e-06
49508.18000516074; 5.61060421743473e-06
49667.17162481519; 5.56149671807196e-06
49826.16324446964; 5.51291373538399e-06
49985.15486412408; 5.45095267712955e-06
50144.14648377853; 5.38747109501610e-06
50303.13810343298; 5.34025289392616e-06
50462.12972308743; 5.27422234375634e-06
50621.12134274188; 5.22501218124128e-06
50780.11296239633; 5.21662395227833e-06
50939.10458205078; 5.08767839689862e-06
51098.09620170523; 5.02879606889738e-06
51257.08782135968; 5.03398658564056e-06
51416.07944101413; 4.91474081480578e-06
51575.07106066858; 4.91638887595657e-06
51734.06268032303; 4.90490669673163e-06
51893.05429997748; 4.81375179214958e-06
52052.04591963193; 4.74133628064959e-06
52211.03753928638; 4.72828007841784e-06
52370.02915894083; 4.65715671873301e-06
52529.02077859527; 4.63919702236070e-06
52688.01239824972; 4.60407800904457e-06
52847.00401790418; 4.55318957655012e-06
53005.99563755863; 4.49555623894548e-06
53164.98725721308; 4.43383284775371e-06
53323.97887686753; 4.41551144672166e-06
53482.97049652197; 4.37992260331401e-06
53641.96211617642; 4.38507450453839e-06
53800.95373583087; 4.27862781549194e-06
53959.94535548532; 4.27403380006200e-06
54118.93697513978; 4.23847702050539e-06
54277.92859479423; 4.22867771279048e-06
54436.92021444867; 4.12513612741446e-06
54595.91183410312; 4.11911765860942e-06
54754.90345375757; 4.12061018600152e-06
54913.89507341202; 4.02782584033095e-06
55072.88669306647; 3.96355753540392e-06
55231.87831272092; 3.91152242622967e-06
55390.86993237537; 3.86023989284778e-06
55549.86155202982; 3.80800101308307e-06
55708.85317168427; 3.84308376882697e-06
55867.84479133872; 3.80020648569385e-06
56026.83641099317; 3.78935145176690e-06
56185.82803064762; 3.77180720620581e-06
56344.81965030207; 3.74383687964907e-06
56503.81126995652; 3.68821602197846e-06
56662.80288961097; 3.68190840549401e-06
56821.79450926542; 3.67094379026547e-06
56980.78612891986; 3.66103008901458e-06
57139.77774857431; 3.63905682266111e-06
57298.76936822876; 3.58085728467479e-06
57457.76098788322; 3.59432369053871e-06
57616.75260753767; 3.59551662814628e-06
57775.74422719212; 3.55401139463004e-06
57934.73584684656; 3.51504702696603e-06
58093.72746650101; 3.54423220455736e-06
58252.71908615546; 3.50701200285409e-06
58411.71070580991; 3.46514228810861e-06
58570.70232546436; 3.48425960549284e-06
58729.69394511881; 3.43689356930874e-06
58888.68556477326; 3.38856192279002e-06
59047.67718442771; 3.35705969079622e-06
59206.66880408216; 3.35304863289893e-06
59365.66042373661; 3.33733991926647e-06
59524.65204339106; 3.31396761057163e-06
59683.64366304551; 3.28394947535336e-06
59842.63528269996; 3.26628734116941e-06
60001.62690235441; 3.26822081383343e-06
60160.61852200886; 3.20324958112777e-06
60319.61014166331; 3.19900820322443e-06
60478.60176131776; 3.19880745429917e-06
60637.59338097220; 3.14760471297810e-06
60796.58500062666; 3.10564650243288e-06
60955.57662028111; 3.12613890599258e-06
61114.56823993556; 3.05342089716253e-06
61273.55985959001; 3.01884598164892e-06
61432.55147924445; 3.05368376062506e-06
61591.54309889890; 3.01109175133226e-06
61750.53471855335; 2.98860072985896e-06
61909.52633820780; 2.97403587280055e-06
62068.51795786226; 2.96101996889050e-06
62227.50957751671; 2.91035470460364e-06
62386.50119717115; 2.87215186340614e-06
62545.49281682560; 2.85232124558280e-06
62704.48443648005; 2.85552264524920e-06
62863.47605613450; 2.86397311457294e-06
63022.46767578895; 2.81553985136032e-06
63181.45929544340; 2.80717046577138e-06
63340.45091509785; 2.81804250463031e-06
63499.44253475230; 2.78714955186745e-06
63658.43415440675; 2.72187566905288e-06
63817.42577406120; 2.74598378871822e-06
63976.41739371565; 2.71809160013000e-06
64135.40901337010; 2.67614229664788e-06
64294.40063302455; 2.65988648954104e-06
64453.39225267900; 2.66324251791577e-06
64612.38387233345; 2.64949843010157e-06
64771.37549198790; 2.62338733761294e-06
64930.36711164234; 2.61576742092029e-06
65089.35873129679; 2.61081207015372e-06
65248.35035095124; 2.59406697404356e-06
65407.34197060570; 2.53876107414357e-06
65566.33359026014; 2.50531458987692e-06
65725.32520991459; 2.52543089806850e-06
65884.31682956904; 2.50693652011029e-06
66043.30844922349; 2.48070342786579e-06
66202.30006887794; 2.49023948832948e-06
66361.29168853239; 2.46147051973490e-06
66520.28330818684; 2.42447988272962e-06
66679.27492784130; 2.44896908265922e-06
66838.26654749573; 2.41456290789661e-06
66997.25816715018; 2.41861336739498e-06
67156.24978680463; 2.38638530628036e-06
67315.24140645908; 2.35755978074904e-06
67474.23302611354; 2.34362043578188e-06
67633.22464576799; 2.36517684572694e-06
67792.21626542244; 2.31951644293652e-06
67951.20788507689; 2.34418916914655e-06
68110.19950473132; 2.32215329290422e-06
68269.19112438578; 2.29408172646874e-06
68428.18274404023; 2.25859484986176e-06
68587.17436369468; 2.23778074288238e-06
68746.16598334913; 2.24288506421868e-06
68905.15760300358; 2.22250168352980e-06
69064.14922265803; 2.21479442520382e-06
69223.14084231248; 2.22170652390965e-06
69382.13246196693; 2.17789204452483e-06
69541.12408162138; 2.19911868314059e-06
69700.11570127583; 2.20173799320886e-06
69859.10732093027; 2.18092042567247e-06
70018.09894058472; 2.11679192471215e-06
70177.09056023917; 2.14187668368856e-06
70336.08217989362; 2.12729565084241e-06
70495.07379954807; 2.12491334644132e-06
70654.06541920252; 2.10783434822763e-06
70813.05703885698; 2.10047689020576e-06
70972.04865851143; 2.08141207716258e-06
71131.04027816588; 2.06707163164678e-06
71290.03189782033; 2.04585142538632e-06
71449.02351747478; 2.00781900117086e-06
71608.01513712922; 2.02655731776601e-06
71767.00675678367; 2.01233334406542e-06
71925.99837643812; 2.00414712986122e-06
72084.98999609257; 2.01074038657159e-06
72243.98161574702; 1.99007294650127e-06
72402.97323540147; 1.95473564035652e-06
72561.96485505592; 1.97855304026701e-06
72720.95647471037; 1.97044300547685e-06
72879.94809436482; 1.92222158536786e-06
73038.93971401927; 1.93916193797839e-06
73197.93133367373; 1.89294886103821e-06
73356.92295332816; 1.86851674247689e-06
73515.91457298261; 1.88411912524809e-06
73674.90619263706; 1.90989391717932e-06
73833.89781229151; 1.88159961691765e-06
73992.88943194597; 1.88948123037291e-06
74151.88105160042; 1.85347605929964e-06
74310.87267125487; 1.86242078638389e-06
74469.86429090932; 1.84423012225274e-06
74628.85591056377; 1.78568508493395e-06
74787.84753021822; 1.82941289237252e-06
74946.83914987267; 1.81707474218024e-06
75105.83076952711; 1.81126415432047e-06
75264.82238918156; 1.78728222488958e-06
75423.81400883601; 1.79631856883139e-06
75582.80562849046; 1.78358473230104e-06
75741.79724814491; 1.78521421481328e-06
75900.78886779936; 1.74737256098263e-06
76059.78048745381; 1.74796636924692e-06
76218.77210710826; 1.71498387948229e-06
76377.76372676271; 1.70780242061913e-06
76536.75534641717; 1.71591316100623e-06
76695.74696607162; 1.72562139171149e-06
76854.73858572607; 1.71936168827481e-06
77013.73020538050; 1.68404031775786e-06
77172.72182503495; 1.69528704106947e-06
77331.71344468941; 1.69649679862501e-06
77490.70506434386; 1.62962527196554e-06
77649.69668399831; 1.65841111867091e-06
77808.68830365276; 1.66119135617784e-06
77967.67992330721; 1.64513453703458e-06
78126.67154296166; 1.62667563785239e-06
78285.66316261611; 1.63237252531552e-06
78444.65478227056; 1.59329881349768e-06
78603.64640192501; 1.62432321207046e-06
78762.63802157945; 1.59772383908356e-06
78921.62964123390; 1.59227566138103e-06
79080.62126088835; 1.58627094057863e-06
79239.61288054280; 1.57018878596694e-06
79398.60450019725; 1.57223040718139e-06
79557.59611985170; 1.57849107312562e-06
79716.58773950615; 1.56409409184915e-06
79875.57935916061; 1.53899104544388e-06
80034.57097881506; 1.54616919412350e-06
80193.56259846951; 1.55354418497003e-06
80352.55421812396; 1.51493982646242e-06
80511.54583777839; 1.49956414444000e-06
80670.53745743285; 1.52692688960752e-06
80829.52907708730; 1.51904257294550e-06
80988.52069674175; 1.48583582567998e-06
81147.51231639620; 1.51054746468666e-06
81306.50393605065; 1.49904802869031e-06
81465.49555570510; 1.50295327932570e-06
81624.48717535955; 1.47509051250437e-06
81783.47879501400; 1.47092390880554e-06
81942.47041466845; 1.44095878218210e-06
82101.46203432290; 1.44804306143682e-06
82260.45365397734; 1.44758606004434e-06
82419.44527363179; 1.47103695772239e-06
82578.43689328624; 1.44257050226263e-06
82737.42851294069; 1.43858626521983e-06
82896.42013259514; 1.43875846680015e-06
83055.41175224959; 1.41386822542593e-06
83214.40337190405; 1.40620502512986e-06
83373.39499155850; 1.39014203404729e-06
83532.38661121295; 1.37437014665655e-06
83691.37823086740; 1.40688652625355e-06
83850.36985052185; 1.40350216023202e-06
84009.36147017629; 1.37733653169166e-06
84168.35308983074; 1.40081418455752e-06
84327.34470948519; 1.40707493548377e-06
84486.33632913964; 1.36810820788450e-06
84645.32794879409; 1.38120758850589e-06
84804.31956844854; 1.36336940009842e-06
84963.31118810299; 1.36200550388728e-06
85122.30280775744; 1.33905912170775e-06
85281.29442741189; 1.35207444088058e-06
85440.28604706634; 1.36429559012326e-06
85599.27766672079; 1.33964119090477e-06
85758.26928637523; 1.31935391000621e-06
85917.26090602968; 1.32996016603955e-06
86076.25252568413; 1.30806602164572e-06
86235.24414533858; 1.26034393198672e-06
86394.23576499303; 1.31034658358372e-06
86553.22738464749; 1.29247809574788e-06
86712.21900430194; 1.30726397083164e-06
86871.21062395639; 1.28524157627800e-06
87030.20224361084; 1.30594529281033e-06
87189.19386326529; 1.29074103613054e-06
87348.18548291974; 1.29566090827177e-06
87507.17710257418; 1.29758371995534e-06
87666.16872222863; 1.25519635238699e-06
87825.16034188308; 1.26707733880592e-06
87984.15196153753; 1.26076085877612e-06
88143.14358119198; 1.26281136344335e-06
88302.13520084643; 1.28414540313490e-06
88461.12682050088; 1.26624952176586e-06
88620.11844015533; 1.22180288791078e-06
88779.11005980978; 1.23256000950226e-06
88938.10167946423; 1.23838501079841e-06
89097.09329911869; 1.18380374340221e-06
89256.08491877312; 1.24007805618250e-06
89415.07653842757; 1.22785386302805e-06
89574.06815808202; 1.22453813853428e-06
89733.05977773647; 1.19723958798835e-06
89892.05139739093; 1.22406781531752e-06
90051.04301704538; 1.20633567211172e-06
90210.03463669983; 1.22706677567017e-06
90369.02625635428; 1.20005322933256e-06
90528.01787600873; 1.20881463038856e-06
90687.00949566318; 1.18899029055860e-06
90846.00111531763; 1.17921255641781e-06
91004.99273497208; 1.18559988860452e-06
91163.98435462652; 1.19130818655989e-06
91322.97597428097; 1.17570375532914e-06
91481.96759393542; 1.15184012238357e-06
91640.95921358987; 1.15752769818433e-06
91799.95083324432; 1.16319456365566e-06
91958.94245289877; 1.14317203182597e-06
92117.93407255322; 1.11859901443686e-06
92276.92569220767; 1.13026771156655e-06
92435.91731186213; 1.14226662132971e-06
92594.90893151658; 1.11823364694127e-06
92753.90055117103; 1.12943736637805e-06
92912.89217082546; 1.12768889583015e-06
93071.88379047991; 1.14184519773425e-06
93230.87541013437; 1.09978757802276e-06
93389.86702978882; 1.10571293973290e-06
93548.85864944327; 1.10192236150758e-06
93707.85026909772; 1.09492341638418e-06
93866.84188875217; 1.06285392569423e-06
94025.83350840662; 1.09175204303327e-06
94184.82512806107; 1.07677429442847e-06
94343.81674771552; 1.07074807333412e-06
94502.80836736997; 1.07696116854469e-06
94661.79998702441; 1.07529679834532e-06
94820.79160667886; 1.05966762148307e-06
94979.78322633331; 1.02677444249121e-06
95138.77484598776; 1.03376384582157e-06
95297.76646564221; 1.04047784377291e-06
95456.75808529666; 1.03193608933327e-06
95615.74970495111; 1.04993047585190e-06
95774.74132460557; 1.03571773377756e-06
95933.73294426002; 1.04133000576528e-06
96092.72456391447; 1.03812034609540e-06
96251.71618356892; 1.03225774613790e-06
96410.70780322335; 1.02665546211993e-06
96569.69942287781; 1.00496239915759e-06
96728.69104253226; 9.84022637262164e-07
96887.68266218671; 1.00727227284013e-06
97046.67428184116; 1.02395667242727e-06
97205.66590149561; 9.91526405655514e-07
97364.65752115006; 9.90095555210103e-07
97523.64914080451; 9.92992898939026e-07
97682.64076045896; 9.95050106502799e-07
97841.63238011341; 9.64347812287100e-07
98000.62399976786; 9.68567645938436e-07
98159.61561942230; 9.64356574605846e-07
98318.60723907675; 9.68127735132835e-07
98477.59885873120; 9.51760426332907e-07
98636.59047838565; 9.67901667821000e-07
98795.58209804010; 9.52049493235041e-07
98954.57371769455; 9.58780273606562e-07
99113.56533734901; 9.57573710811325e-07
99272.55695700346; 9.24273492841433e-07
99431.54857665791; 9.28211289703760e-07
99590.54019631236; 9.24333544540349e-07
99749.53181596681; 9.36397482347694e-07
99908.52343562125; 9.42231128838804e-07
100067.51505527570; 9.18818082318886e-07
100226.50667493015; 9.17230069446416e-07
100385.49829458460; 9.16528517372428e-07
100544.48991423905; 9.24138010232556e-07
100703.48153389350; 9.04515798313593e-07
100862.47315354795; 8.88409350091694e-07
101021.46477320240; 8.81414664584960e-07
101180.45639285685; 8.97045912596137e-07
101339.44801251130; 8.81216668187906e-07
101498.43963216576; 9.04898448700934e-07
101657.43125182019; 8.98573215889680e-07
101816.42287147464; 9.05444322997170e-07
101975.41449112909; 8.77415197144209e-07
102134.40611078354; 8.91167500448779e-07
102293.39773043800; 8.76343709228784e-07
102452.38935009245; 8.50851326401625e-07
102611.38096974690; 8.68356818525421e-07
102770.37258940135; 8.83166747159546e-07
102929.36420905580; 8.60871628107007e-07
103088.35582871025; 8.46879535753511e-07
103247.34744836470; 8.58908095839940e-07
103406.33906801914; 8.52705895979628e-07
103565.33068767359; 8.51355632012198e-07
103724.32230732804; 8.41105412595636e-07
103883.31392698249; 8.09899712471897e-07
104042.30554663694; 8.38044654108766e-07
104201.29716629139; 8.20669524552357e-07
104360.28878594584; 8.27875277658975e-07
104519.28040560029; 8.26605875762491e-07
104678.27202525474; 8.25671524375630e-07
104837.26364490920; 8.02268443270975e-07
104996.25526456365; 8.09604132358588e-07
105155.24688421810; 8.16803237267635e-07
105314.23850387253; 7.79561271013536e-07
105473.23012352698; 7.91691333207685e-07
105632.22174318144; 8.16738628872658e-07
105791.21336283589; 8.02012171071862e-07
105950.20498249034; 7.85419081801997e-07
106109.19660214479; 7.94119028640505e-07
106268.18822179924; 7.95322533606402e-07
106427.17984145369; 7.84480439720811e-07
106586.17146110814; 7.72425020835748e-07
106745.16308076259; 7.70993202229454e-07
106904.15470041704; 7.54955180656323e-07
107063.14632007148; 7.54535367803355e-07
107222.13793972593; 7.70474435186342e-07
107381.12955938038; 7.62009053118411e-07
107540.12117903483; 7.55309791349656e-07
107699.11279868928; 7.66933640914166e-07
107858.10441834373; 7.52428059434297e-07
108017.09603799818; 7.31845219697073e-07
108176.08765765264; 7.43876901930832e-07
108335.07927730709; 7.27432161156216e-07
108494.07089696154; 7.35398676266341e-07
108653.06251661599; 7.57241076669871e-07
108812.05413627042; 7.21274744800432e-07
108971.04575592488; 7.30702663830690e-07
109130.03737557933; 7.37440316743188e-07
109289.02899523378; 7.33061082197913e-07
109448.02061488823; 7.12595138027022e-07
109607.01223454268; 7.29022416065396e-07
109766.00385419713; 6.95529878756783e-07
109924.99547385158; 7.21907961325651e-07
110083.98709350603; 6.83325882196969e-07
110242.97871316048; 7.04641489577766e-07
110401.97033281493; 7.10928905434010e-07
110560.96195246937; 7.07208109124538e-07
110719.95357212382; 7.10179316277458e-07
110878.94519177827; 7.06115490909285e-07
111037.93681143272; 6.95231493394375e-07
111196.92843108717; 6.63741635290736e-07
111355.92005074162; 6.89985382784885e-07
111514.91167039608; 6.99977371551645e-07
111673.90329005053; 6.93744708100131e-07
111832.89490970498; 6.90122027832320e-07
111991.88652935943; 6.86909801114087e-07
112150.87814901388; 6.92650913256908e-07
112309.86976866832; 6.75588793090444e-07
112468.86138832277; 7.18619587163865e-07
112627.85300797722; 6.52381630280540e-07
112786.84462763167; 6.70928788614139e-07
112945.83624728612; 6.60860517425858e-07
113104.82786694057; 6.69089505123664e-07
113263.81948659502; 6.73994506767876e-07
113422.81110624947; 6.73363083444642e-07
113581.80272590392; 6.64754180673558e-07
113740.79434555837; 6.71539134811750e-07
113899.78596521282; 6.61755474493368e-07
114058.77758486726; 6.33928793147794e-07
114217.76920452171; 6.49825019580253e-07
114376.76082417616; 6.63061268915650e-07
114535.75244383061; 6.45221355307906e-07
114694.74406348506; 6.32805227869879e-07
114853.73568313952; 6.42102312318821e-07
115012.72730279397; 6.44011980074482e-07
115171.71892244842; 6.24149408563564e-07
115330.71054210287; 6.51536034596146e-07
115489.70216175732; 6.14304360936319e-07
115648.69378141177; 5.94714804853176e-07
115807.68540106621; 5.99420122999921e-07
115966.67702072066; 5.99165211524217e-07
116125.66864037511; 6.11330464062063e-07
116284.66026002956; 6.34394504730303e-07
116443.65187968401; 6.13120210257123e-07
116602.64349933846; 6.17509342175255e-07
116761.63511899291; 6.25768264693421e-07
116920.62673864736; 6.18123753855916e-07
117079.61835830181; 5.98043459072710e-07
117238.60997795626; 6.32167685148317e-07
117397.60159761072; 6.68472303811416e-07
117556.59321726517; 6.57090178519180e-07
117715.58483691960; 6.50001751741685e-07
117874.57645657405; 6.58430331727608e-07
118033.56807622850; 6.55562508762476e-07
118192.55969588296; 6.35995558281296e-07
118351.55131553741; 6.55694969063097e-07
118510.54293519186; 6.14762071995449e-07
118669.53455484631; 6.18783525607180e-07
118828.52617450076; 6.40883059706021e-07
118987.51779415521; 6.43596455910883e-07
119146.50941380966; 6.36748755224646e-07
119305.50103346411; 6.49370525712485e-07
119464.49265311855; 6.46569059816202e-07
119623.48427277300; 6.31779564445911e-07
119782.47589242745; 6.36783494721766e-07
119941.46751208190; 6.18007753713879e-07
120100.45913173635; 6.22078780187705e-07
120259.45075139080; 6.27852967938347e-07
120418.44237104525; 6.13778312168573e-07
120577.43399069970; 6.16681755714572e-07
120736.42561035416; 6.11310970563791e-07
120895.41723000861; 6.17368509347748e-07
121054.40884966306; 6.14782166895454e-07
121213.40046931749; 6.08435681456611e-07
121372.39208897194; 5.86505714416565e-07
121531.38370862640; 5.86580431551267e-07
121690.37532828085; 5.86523258045904e-07
121849.36694793530; 6.10345669936929e-07
122008.35856758975; 6.10152259451619e-07
122167.35018724420; 6.10302296159809e-07
122326.34180689865; 6.10851510099541e-07
122485.33342655310; 6.12192141399223e-07
122644.32504620755; 6.14965120923889e-07
122803.31666586200; 6.08047426760024e-07
122962.30828551644; 6.27714590849494e-07
123121.29990517089; 6.63572454988637e-07
123280.29152482534; 6.50902089740504e-07
123439.28314447979; 6.65893748903002e-07
123598.27476413424; 6.58619841496302e-07
123757.26638378869; 6.49168587317580e-07
123916.25800344314; 6.51646131934603e-07
124075.24962309760; 6.31226960052019e-07
124234.24124275205; 6.06192550968690e-07
124393.23286240650; 6.17528499522159e-07
124552.22448206095; 6.26645537480778e-07
124711.21610171538; 6.21815535932409e-07
124870.20772136984; 6.36158244914339e-07
125029.19934102429; 6.47843869010370e-07
125188.19096067874; 6.35463075827786e-07
125347.18258033319; 6.33951280780991e-07
125506.17419998764; 6.30841225047425e-07
125665.16581964209; 6.27994939202821e-07
125824.15743929654; 6.15092820781498e-07
125983.14905895099; 6.20110153129365e-07
126142.14067860544; 6.22751173734258e-07
126301.13229825989; 6.18547391129808e-07
126460.12391791433; 6.25863079956452e-07
126619.11553756878; 6.22395457489208e-07
126778.10715722323; 6.02105099194367e-07
126937.09877687768; 6.10735433048549e-07
127096.09039653213; 6.04795552246535e-07
127255.08201618658; 5.88820648706812e-07
127414.07363584104; 5.79268289893735e-07
127573.06525549549; 5.91893968056037e-07
127732.05687514994; 5.95328941356716e-07
127891.04849480439; 5.83669296236357e-07
128050.04011445884; 5.95718872984492e-07
128209.03173411328; 5.83991353349954e-07
128368.02335376773; 5.74177652972929e-07
128527.01497342218; 5.75702185477725e-07
128686.00659307663; 5.66651728962951e-07
128844.99821273108; 5.61284875384236e-07
129003.98983238553; 5.80146529039161e-07
129162.98145203998; 5.72048321679248e-07
129321.97307169443; 5.60959086440646e-07
129480.96469134888; 5.66777525173275e-07
129639.95631100333; 5.60092250278643e-07
129798.94793065779; 5.46105643941345e-07
129957.93955031222; 5.64789924815233e-07
130116.93116996667; 5.36671171269864e-07
130275.92278962112; 5.25862007579690e-07
130434.91440927557; 5.29181347024493e-07
130593.90602893003; 5.39670804797999e-07
130752.89764858448; 5.38677838570386e-07
130911.88926823893; 5.36724014710887e-07
131070.88088789338; 5.41387060062765e-07
131229.87250754784; 5.33142219852529e-07
131388.86412720231; 5.20279124319972e-07
131547.85574685675; 5.29757452509718e-07
131706.84736651121; 5.10092530871477e-07
131865.83898616565; 5.24675266556135e-07
132024.83060582008; 5.23484399480068e-07
132183.82222547455; 5.25196271039939e-07
132342.81384512899; 5.07813299248395e-07
132501.80546478345; 5.01395710504331e-07
132660.79708443789; 4.97742259148546e-07
132819.78870409232; 5.21603023995571e-07
132978.78032374679; 4.89219686697682e-07
133137.77194340123; 4.88057268330931e-07
133296.76356305569; 4.99266324510888e-07
133455.75518271013; 4.96653521170158e-07
133614.74680236459; 5.03054154584504e-07
133773.73842201903; 5.07609066011645e-07
133932.73004167349; 4.92095242335668e-07
134091.72166132793; 4.99597126059846e-07
134250.71328098240; 4.97758092484959e-07
134409.70490063683; 4.87430556427151e-07
134568.69652029127; 4.96703363448796e-07
134727.68813994573; 5.10002061774236e-07
134886.67975960017; 4.85466995223793e-07
135045.67137925464; 4.96143683411736e-07
135204.66299890907; 4.88796101524712e-07
135363.65461856354; 4.80066258505870e-07
135522.64623821797; 4.65799498757034e-07
135681.63785787244; 4.90932788620909e-07
135840.62947752688; 4.81560267579291e-07
135999.62109718134; 4.22871923013933e-07
136158.61271683578; 4.40954841991020e-07
136317.60433649021; 4.57041815658828e-07
136476.59595614468; 4.46056573593276e-07
136635.58757579912; 4.25373235049350e-07
136794.57919545358; 4.46843336407816e-07
136953.57081510802; 4.49597206378288e-07
137112.56243476248; 4.51056823507811e-07
137271.55405441692; 4.48936298567801e-07
137430.54567407139; 4.42340782067106e-07
137589.53729372582; 4.50483421422718e-07
137748.52891338029; 4.38907319830628e-07
137907.52053303472; 4.31450272923177e-07
138066.51215268916; 4.31339882656655e-07
138225.50377234363; 4.28855179193611e-07
138384.49539199806; 4.15213035514648e-07
138543.48701165253; 4.19421477561622e-07
138702.47863130696; 4.44311665902688e-07
138861.47025096143; 4.26783580552792e-07
139020.46187061587; 3.90882267552179e-07
139179.45349027033; 3.90053231184391e-07
139338.44510992477; 3.95883330491033e-07
139497.43672957923; 3.91280115808379e-07
139656.42834923367; 4.03252321008544e-07
139815.41996888811; 3.99838859207104e-07
139974.41158854257; 3.93515538915997e-07
140133.40320819701; 3.98337869876544e-07
140292.39482785147; 4.04663837488832e-07
140451.38644750591; 4.04216325104322e-07
140610.37806716037; 4.02514826763648e-07
140769.36968681481; 3.49534100903816e-07
140928.36130646928; 3.76611791544937e-07
141087.35292612371; 3.71493909622300e-07
141246.34454577818; 3.74791378669678e-07
141405.33616543261; 3.87558861313452e-07
141564.32778508705; 3.90264746512869e-07
141723.31940474152; 3.82551685051774e-07
141882.31102439595; 3.73877921196336e-07
142041.30264405042; 3.69927804684053e-07
142200.29426370485; 3.70529688825144e-07
142359.28588335932; 3.75451529464712e-07
142518.27750301376; 3.74278718899967e-07
142677.26912266822; 3.79940380262202e-07
142836.26074232266; 3.80006532127652e-07
142995.25236197712; 3.67261483230137e-07
143154.24398163156; 3.64010645564057e-07
143313.23560128600; 3.66028652492213e-07
143472.22722094046; 3.74187276836773e-07
143631.21884059490; 3.40064277513199e-07
143790.21046024936; 3.42761724662516e-07
143949.20207990380; 3.41465156298732e-07
144108.19369955827; 3.42781818821928e-07
144267.18531921270; 3.47928946221410e-07
144426.17693886717; 3.72938007471053e-07
144585.16855852160; 3.58052121473117e-07
144744.16017817607; 3.63112116672600e-07
144903.15179783051; 3.63098264375825e-07
145062.14341748494; 3.46291404953788e-07
145221.13503713941; 3.37260093198178e-07
145380.12665679384; 3.61893125103883e-07
145539.11827644831; 3.66235975106307e-07
145698.10989610275; 3.64506313307223e-07
145857.10151575721; 3.70724296042229e-07
146016.09313541165; 3.64867676852431e-07
146175.08475506611; 3.62500618434979e-07
146334.07637472055; 3.79733809598477e-07
146493.06799437501; 3.61091934150901e-07
146652.05961402945; 3.54770478845804e-07
146811.05123368389; 3.51923114798020e-07
146970.04285333835; 3.54533451577573e-07
147129.03447299279; 3.49738301457106e-07
147288.02609264725; 3.68701589835427e-07
147447.01771230169; 3.59927321298623e-07
147606.00933195616; 3.52638822138011e-07
147765.00095161059; 3.49856488259473e-07
147923.99257126506; 3.54254944710549e-07
148082.98419091949; 3.15569820795266e-07
148241.97581057396; 3.32030212994777e-07
148400.96743022840; 3.43207834858082e-07
148559.95904988283; 3.48341258890335e-07
148718.95066953730; 3.37449063468434e-07
148877.94228919173; 3.35324782018499e-07
149036.93390884620; 3.39404730731435e-07
149195.92552850064; 3.32218709609051e-07
149354.91714815510; 3.43266476836071e-07
149513.90876780954; 4.07501928292252e-07
149672.90038746400; 4.16636449917248e-07
149831.89200711844; 4.24424409936138e-07
149990.88362677291; 4.17794598687143e-07
150149.87524642734; 4.23370402874074e-07
150308.86686608178; 4.37495275423704e-07
150467.85848573624; 4.19565086842806e-07
150626.85010539068; 4.03724794342991e-07
150785.84172504515; 4.18652983809835e-07
150944.83334469958; 4.09087902313529e-07
151103.82496435405; 3.75172127138383e-07
151262.81658400848; 4.19105874395043e-07
151421.80820366295; 4.15820448448424e-07
151580.79982331739; 4.16410342884105e-07
151739.79144297185; 4.08670552615018e-07
151898.78306262629; 4.17893073821162e-07
152057.77468228075; 4.14070085395926e-07
152216.76630193519; 4.32654073981154e-07
152375.75792158963; 4.16404275232404e-07
152534.74954124409; 4.09406979456154e-07
152693.74116089853; 4.07514847579046e-07
152852.73278055299; 3.98592302035244e-07
153011.72440020743; 4.14067328244772e-07
153170.71601986189; 4.22830324307815e-07
153329.70763951633; 4.14921004676724e-07
153488.69925917080; 4.07041643416844e-07
153647.69087882523; 4.12438864012824e-07
153806.68249847970; 4.15403978113923e-07
153965.67411813413; 3.70251317974530e-07
154124.66573778857; 3.85120542299046e-07
154283.65735744304; 4.11454455761145e-07
154442.64897709747; 4.08467327473331e-07
154601.64059675194; 3.99608202881052e-07
154760.63221640637; 4.14431607913572e-07
154919.62383606084; 4.12396945450450e-07
155078.61545571528; 4.14833290229790e-07
155237.60707536974; 3.96016617992870e-07
155396.59869502418; 3.98215333492647e-07
155555.59031467864; 3.86784085691767e-07
155714.58193433308; 4.01006236271901e-07
155873.57355398752; 3.96749750151492e-07
156032.56517364198; 4.12197240400167e-07
156191.55679329642; 4.09473964708675e-07
156350.54841295088; 4.01796370232717e-07
156509.54003260532; 4.05629399582351e-07
156668.53165225979; 4.08198655387415e-07
156827.52327191422; 3.97881844895336e-07
156986.51489156869; 3.62716602459227e-07
157145.50651122312; 3.87365176217836e-07
157304.49813087759; 3.96256338126258e-07
157463.48975053203; 3.95243163242192e-07
157622.48137018646; 3.91779576035630e-07
157781.47298984093; 4.22427333841927e-07
157940.46460949536; 4.51666278406984e-07
158099.45622914983; 3.88796060226238e-07
158258.44784880427; 4.06567616679621e-07
158417.43946845873; 3.84510645488610e-07
158576.43108811317; 3.90272689713210e-07
158735.42270776763; 3.84553832299633e-07
158894.41432742207; 3.97476102402510e-07
159053.40594707654; 3.92912825620406e-07
159212.39756673097; 3.86786266550497e-07
159371.38918638541; 3.90055130568831e-07
159530.38080603987; 3.91998488771120e-07
159689.37242569431; 3.69538183102580e-07
159848.36404534878; 3.70424025301812e-07
160007.35566500321; 2.48502583604276e-07
160166.34728465768; 3.27124576601437e-07
160325.33890431211; 3.57014586157968e-07
160484.33052396658; 3.66424219898390e-07
160643.32214362102; 3.81049895959801e-07
160802.31376327548; 3.81640659775192e-07
160961.30538292992; 3.92062795675880e-07
161120.29700258435; 3.93199503186903e-07
161279.28862223882; 3.86397744197991e-07
161438.28024189326; 3.79264288865569e-07
161597.27186154772; 3.77999309085285e-07
161756.26348120216; 3.67257771872907e-07
161915.25510085662; 3.94171129762294e-07
162074.24672051106; 3.93163500236547e-07
162233.23834016552; 3.81656898100419e-07
162392.22995981996; 3.92258798279340e-07
162551.22157947443; 3.90383788631537e-07
162710.21319912886; 3.66541479296868e-07
162869.20481878330; 3.60631350112500e-07
163028.19643843776; 3.73360485282302e-07
163187.18805809220; 3.70609653757710e-07
163346.17967774667; 3.58049351371599e-07
163505.17129740110; 3.78025626062578e-07
163664.16291705557; 3.75551459870833e-07
163823.15453671000; 3.87336164894060e-07
163982.14615636447; 3.79116284957022e-07
164141.13777601891; 3.68382305370296e-07
164300.12939567337; 3.56808840921659e-07
164459.12101532781; 3.60335572940223e-07
164618.11263498224; 3.65545204866665e-07
164777.10425463671; 3.77290732664110e-07
164936.09587429115; 3.70908272242857e-07
165095.08749394561; 3.61379071298451e-07
165254.07911360005; 3.64021945348801e-07
165413.07073325451; 3.85733658940884e-07
165572.06235290895; 3.93075936601104e-07
165731.05397256342; 3.22756924766524e-07
165890.04559221785; 3.43230983353575e-07
166049.03721187232; 3.53302208532497e-07
166208.02883152675; 3.54595596077174e-07
166367.02045118119; 4.07815452547269e-07
166526.01207083566; 4.57660102541876e-07
166685.00369049009; 4.56929264768029e-07
166843.99531014456; 4.57816892004399e-07
167002.98692979899; 6.15319652971612e-07
167161.97854945346; 6.09465018642352e-07
167320.97016910790; 6.07861026262439e-07
167479.96178876236; 6.07146341373327e-07
167638.95340841680; 6.10319176932467e-07
167797.94502807126; 5.89703109022510e-07
167956.93664772570; 5.95051572488237e-07
168115.92826738014; 5.92746722422121e-07
168274.91988703460; 5.85875023160487e-07
168433.91150668904; 5.85562377158990e-07
168592.90312634350; 5.87511764409301e-07
168751.89474599794; 5.86135653575575e-07
168910.88636565240; 5.81725795061073e-07
169069.87798530684; 5.79109691494775e-07
169228.86960496131; 5.75793768410476e-07
169387.86122461574; 5.73870513497578e-07
169546.85284427021; 5.77762036682832e-07
169705.84446392464; 5.72044991666141e-07
169864.83608357908; 4.42986007987571e-07
170023.82770323355; 4.60844609495739e-07
170182.81932288798; 5.19810886171687e-07
170341.81094254245; 5.36829892351551e-07
170500.80256219688; 5.46955617301583e-07
170659.79418185135; 5.56049577588750e-07
170818.78580150579; 5.57758121011134e-07
170977.77742116025; 5.59825794797583e-07
171136.76904081469; 5.60751760420331e-07
171295.76066046915; 5.61087108257505e-07
171454.75228012359; 5.61917711995880e-07
171613.74389977803; 5.65944238187540e-07
171772.73551943249; 5.55060718776002e-07
171931.72713908693; 5.61613409669002e-07
172090.71875874139; 5.60802510573684e-07
172249.71037839583; 6.00125944224255e-07
172408.70199805030; 6.26283867836431e-07
172567.69361770473; 5.88625735496331e-07
172726.68523735920; 5.69716113476475e-07
172885.67685701363; 5.67704193419721e-07
173044.66847666810; 5.65772990069168e-07
173203.66009632254; 5.63465184767790e-07
173362.65171597697; 5.55921861557042e-07
173521.64333563144; 5.56788766070985e-07
173680.63495528587; 5.45667089012353e-07
173839.62657494034; 5.48403227810354e-07
173998.61819459478; 5.45762344308562e-07
174157.60981424924; 5.50184617313186e-07
174316.60143390368; 5.49140645327538e-07
174475.59305355814; 5.46567530730550e-07
174634.58467321258; 5.33760394022361e-07
174793.57629286704; 5.24915299909812e-07
174952.56791252148; 5.31472276556838e-07
175111.55953217592; 5.32137378821038e-07
175270.55115183038; 5.30690226587174e-07
175429.54277148482; 5.33180936256154e-07
175588.53439113928; 5.22361777471657e-07
175747.52601079372; 5.21685958715303e-07
175906.51763044819; 5.30064953666199e-07
176065.50925010262; 5.31265232740620e-07
176224.50086975709; 5.27315722447263e-07
176383.49248941152; 5.29818244114891e-07
176542.48410906599; 5.21989434221316e-07
176701.47572872043; 5.24607107942832e-07
176860.46734837486; 5.18913448324290e-07
177019.45896802933; 5.17940731095683e-07
177178.45058768376; 5.18260549628580e-07
177337.44220733823; 5.17988547054662e-07
177496.43382699267; 5.07385326049465e-07
177655.42544664713; 5.09015695032064e-07
177814.41706630157; 5.07457739514532e-07
177973.40868595603; 5.07539290012137e-07
178132.40030561047; 5.06921189932578e-07
178291.39192526494; 5.08479029156477e-07
178450.38354491937; 4.97770753349429e-07
178609.37516457384; 4.94873363735151e-07
178768.36678422827; 4.88451206828275e-07
178927.35840388271; 3.40599085433800e-07
179086.35002353718; 3.90109947889150e-07
179245.34164319161; 4.53897628715789e-07
179404.33326284608; 4.61120515569688e-07
179563.32488250051; 4.76438556037842e-07
179722.31650215498; 4.82298481533156e-07
179881.30812180942; 4.85694143180416e-07
180040.29974146388; 4.87523680813510e-07
180199.29136111832; 4.98067933474087e-07
180358.28298077278; 4.91251715914148e-07
180517.27460042722; 4.90799042403386e-07
180676.26622008166; 4.90189230551559e-07
180835.25783973612; 4.88305710482499e-07
180994.24945939056; 4.88153931515744e-07
181153.24107904502; 4.91210411185912e-07
181312.23269869946; 4.94674175504170e-07
181471.22431835392; 4.82760362333592e-07
181630.21593800836; 4.87557672781137e-07
181789.20755766283; 4.86174544209085e-07
181948.19917731726; 4.83283422865800e-07
182107.19079697173; 4.83631835107516e-07
182266.18241662616; 4.82755928008431e-07
182425.17403628060; 4.89648431652826e-07
182584.16565593507; 5.12739178893463e-07
182743.15727558950; 5.13955694245429e-07
182902.14889524397; 5.04940148631391e-07
183061.14051489840; 4.95707754253051e-07
183220.13213455287; 5.00781007764259e-07
183379.12375420731; 4.77408371757739e-07
183538.11537386177; 4.80254058272643e-07
183697.10699351621; 4.66776820428240e-07
183856.09861317067; 3.68512715827523e-07
184015.09023282511; 3.64214676265565e-07
184174.08185247955; 3.63723691970457e-07
184333.07347213401; 3.66664828866360e-07
184492.06509178845; 3.62979025581750e-07
184651.05671144291; 3.63727079706017e-07
184810.04833109735; 3.62368738949440e-07
184969.03995075182; 3.62604306565362e-07
185128.03157040625; 3.60683982492665e-07
185287.02319006072; 3.61446872783086e-07
185446.01480971515; 3.57225539538487e-07
185605.00642936962; 3.58285715819140e-07
185763.99804902406; 3.58522592141242e-07
185922.98966867849; 3.57412243844023e-07
186081.98128833296; 3.59322493268597e-07
186240.97290798739; 3.56263515020605e-07
186399.96452764186; 3.52254852132948e-07
186558.95614729630; 3.50608512124103e-07
186717.94776695076; 3.45918117970017e-07
186876.93938660520; 3.41522398010595e-07
187035.93100625966; 3.43288857608690e-07
187194.92262591410; 3.41053591277864e-07
187353.91424556857; 3.40672729539990e-07
187512.90586522300; 3.41644019723480e-07
187671.89748487744; 3.40471273538462e-07
187830.88910453190; 3.44524314276190e-07
187989.88072418634; 3.41913050798962e-07
188148.87234384081; 3.44624229618477e-07
188307.86396349524; 3.42886395412790e-07
188466.85558314971; 3.44582636457515e-07
188625.84720280414; 3.42260297152998e-07
188784.83882245861; 3.41155427868732e-07
188943.83044211305; 3.41970994297358e-07
189102.82206176751; 3.41150544434956e-07
189261.81368142195; 3.39432132667772e-07
189420.80530107638; 3.39832563389202e-07
189579.79692073085; 3.39824559686093e-07
189738.78854038529; 3.39217660796527e-07
189897.78016003975; 3.31387841300708e-07
190056.77177969419; 3.35731396943633e-07
190215.76339934865; 3.33847534784727e-07
190374.75501900309; 3.30988398438697e-07
190533.74663865755; 3.31403525497143e-07
190692.73825831199; 3.32495013793098e-07
190851.72987796646; 3.31198035445022e-07
191010.72149762089; 3.32593952462003e-07
191169.71311727533; 3.28143085204708e-07
191328.70473692979; 3.28422781490825e-07
191487.69635658423; 3.27719002338455e-07
191646.68797623870; 3.29116115454627e-07
191805.67959589313; 3.28448003622805e-07
191964.67121554760; 3.25806346998880e-07
192123.66283520203; 3.26724966988140e-07
192282.65445485650; 3.23106510189307e-07
192441.64607451094; 3.23996230679555e-07
192600.63769416540; 3.25080532143503e-07
192759.62931381984; 3.22161629659105e-07
192918.62093347427; 3.24836323389383e-07
193077.61255312874; 3.22872201098454e-07
193236.60417278318; 3.22113556872902e-07
193395.59579243764; 3.19852050235300e-07
193554.58741209208; 3.24239076108797e-07
193713.57903174654; 3.22788478911162e-07
193872.57065140098; 3.20674343632700e-07
194031.56227105545; 3.19330617250798e-07
194190.55389070988; 3.18177959914775e-07
194349.54551036435; 3.16067702685745e-07
194508.53713001878; 3.14731530236892e-07
194667.52874967322; 3.15281094652852e-07
194826.52036932769; 3.13486145921485e-07
194985.51198898212; 3.15003945719241e-07
195144.50360863659; 3.10528061485900e-07
195303.49522829102; 3.07904947580338e-07
195462.48684794549; 3.07366426797632e-07
195621.47846759993; 3.06870809753148e-07
195780.47008725439; 3.00919568778257e-07
195939.46170690883; 3.04715401490542e-07
196098.45332656329; 3.02991313178115e-07
196257.44494621773; 3.00932410396715e-07
196416.43656587217; 2.99533995205858e-07
196575.42818552663; 3.02463348927833e-07
196734.41980518107; 3.00185126697378e-07
196893.41142483553; 2.93543620712444e-07
197052.40304448997; 2.83223076857937e-07
197211.39466414443; 2.83773917769002e-07
197370.38628379887; 2.84263658999170e-07
197529.37790345334; 2.83260241397038e-07
197688.36952310777; 2.84659770725193e-07
197847.36114276224; 2.87084294123180e-07
198006.35276241667; 2.84998702226657e-07
198165.34438207111; 2.85585819450420e-07
198324.33600172558; 2.81883061658580e-07
198483.32762138001; 2.81258631182957e-07
198642.31924103448; 2.80770742204730e-07
198801.31086068891; 2.82351920695637e-07
198960.30248034338; 2.81861465550725e-07
199119.29409999782; 2.85698920840650e-07
199278.28571965228; 2.78394352145075e-07
199437.27733930672; 2.76827354912425e-07
199596.26895896118; 2.75374769934292e-07
199755.26057861562; 2.72892781940927e-07
199914.25219827006; 2.74607568347305e-07
200073.24381792452; 2.73021507208448e-07
200232.23543757896; 2.73268861085800e-07
200391.22705723342; 2.74431586109838e-07
200550.21867688786; 2.72100413193978e-07
200709.21029654233; 2.73565711625271e-07
200868.20191619676; 2.70125434578627e-07
201027.19353585123; 2.70446854982270e-07
201186.18515550566; 2.70803365630052e-07
201345.17677516013; 2.70128894481590e-07
201504.16839481457; 2.69739483336693e-07
201663.16001446900; 2.68966916152458e-07
201822.15163412347; 2.66930625940017e-07
201981.14325377790; 2.69252382971745e-07
202140.13487343237; 2.67373580438030e-07
202299.12649308681; 2.66310470419702e-07
202458.11811274127; 2.68780606989370e-07
202617.10973239571; 2.66674944713929e-07
202776.10135205017; 2.65841973362115e-07
202935.09297170461; 2.63707439608977e-07
203094.08459135907; 2.61845226032998e-07
203253.07621101351; 2.61167018844503e-07
203412.06783066795; 2.65171797184625e-07
203571.05945032241; 2.63680049389940e-07
203730.05106997685; 2.64750198886650e-07
203889.04268963131; 2.64641920249517e-07
204048.03430928575; 2.62748602254362e-07
204207.02592894022; 2.63121865477752e-07
204366.01754859465; 2.60255749443787e-07
204525.00916824912; 2.60921386065382e-07
204684.00078790355; 2.62826611407224e-07
204842.99240755802; 2.57191265445048e-07
205001.98402721246; 2.58656240618962e-07
205160.97564686689; 2.56311189906720e-07
205319.96726652136; 2.55563423615378e-07
205478.95888617579; 2.54786304299738e-07
205637.95050583026; 2.55042667018352e-07
205796.94212548470; 2.52017004234805e-07
205955.93374513916; 2.54152862949908e-07
206114.92536479360; 2.52827440269538e-07
206273.91698444806; 2.52058963334098e-07
206432.90860410250; 2.54607429651065e-07
206591.90022375697; 2.50498002239261e-07
206750.89184341140; 2.49881473185815e-07
206909.88346306587; 2.48949521638100e-07
207068.87508272030; 2.49865015641920e-07
207227.86670237474; 2.47035456532953e-07
207386.85832202921; 2.50225964675748e-07
207545.84994168364; 2.49539367170207e-07
207704.84156133811; 2.46886983379168e-07
207863.83318099254; 2.44732759076950e-07
208022.82480064701; 2.45444489495847e-07
208181.81642030145; 2.47435333191532e-07
208340.80803995591; 2.48687059096882e-07
208499.79965961035; 2.47446914258171e-07
208658.79127926481; 2.45662519950528e-07
208817.78289891925; 2.44290491062142e-07
208976.77451857369; 2.41680088636483e-07
209135.76613822815; 2.44880846902258e-07
209294.75775788259; 2.45161321520552e-07
209453.74937753705; 2.46428418527125e-07
209612.74099719149; 2.45281880415277e-07
209771.73261684595; 2.47048201413963e-07
209930.72423650039; 2.43482527294040e-07
210089.71585615486; 2.43318522791090e-07
210248.70747580929; 2.43934020019488e-07
210407.69909546376; 2.40405287533906e-07
210566.69071511819; 2.36684827142173e-07
210725.68233477263; 2.37772379791663e-07
210884.67395442710; 2.39995054084632e-07
211043.66557408153; 2.37586723787953e-07
211202.65719373600; 2.37722055503610e-07
211361.64881339043; 2.36651902803900e-07
211520.64043304490; 2.36759143427977e-07
211679.63205269934; 2.34254863718482e-07
211838.62367235380; 2.34053972968200e-07
211997.61529200824; 2.31331565323303e-07
212156.60691166270; 2.36277262044170e-07
212315.59853131714; 2.33615015289313e-07
212474.59015097158; 2.30894062036635e-07
212633.58177062604; 2.32722176933453e-07
212792.57339028048; 2.31074042374140e-07
212951.56500993494; 2.30031101581112e-07
213110.55662958938; 2.27607795641048e-07
213269.54824924385; 2.27781340667785e-07
213428.53986889828; 2.26405966427143e-07
213587.53148855275; 2.25487276534628e-07
213746.52310820718; 2.25716756288360e-07
213905.51472786165; 2.27991883089558e-07
214064.50634751609; 2.29061304086802e-07
214223.49796717052; 2.24260405954367e-07
214382.48958682499; 2.23351670021543e-07
214541.48120647942; 2.21815082268965e-07
214700.47282613389; 2.20475319962107e-07
214859.46444578833; 2.17716196609995e-07
215018.45606544279; 2.14683034634412e-07
215177.44768509723; 2.14642131884777e-07
215336.43930475169; 2.15472914960845e-07
215495.43092440613; 2.17716751602040e-07
215654.42254406060; 2.12607549220123e-07
215813.41416371503; 2.14355794162640e-07
215972.40578336947; 2.10199538757060e-07
216131.39740302393; 2.09127513811615e-07
216290.38902267837; 2.11695004687533e-07
216449.38064233284; 2.11885045064112e-07
216608.37226198727; 2.09876563182505e-07
216767.36388164174; 2.07535707726762e-07
216926.35550129617; 2.08773296590857e-07
217085.34712095064; 2.06930170074990e-07
217244.33874060508; 2.06648658309592e-07
217403.33036025954; 2.06941958489535e-07
217562.32197991398; 2.06069491712205e-07
217721.31359956841; 2.03269432725902e-07
217880.30521922288; 2.05205563590018e-07
218039.29683887732; 2.03654764935827e-07
218198.28845853178; 2.04900156246870e-07
218357.28007818622; 2.06478939218248e-07
218516.27169784068; 2.05008496660877e-07
218675.26331749512; 2.01237799268613e-07
218834.25493714958; 2.02357554665168e-07
218993.24655680402; 2.01204962476132e-07
219152.23817645849; 1.99100653109210e-07
219311.22979611292; 1.98502799431400e-07
219470.22141576736; 1.96869506352418e-07
219629.21303542182; 1.93574366138930e-07
219788.20465507626; 1.92874948605645e-07
219947.19627473073; 1.92524345946918e-07
220106.18789438516; 1.92544165970019e-07
220265.17951403963; 1.93045757016730e-07
220424.17113369406; 1.91025560717760e-07
220583.16275334853; 1.88892015613888e-07
220742.15437300297; 1.88586455491110e-07
220901.14599265743; 1.89179025585020e-07
221060.13761231187; 1.87487106019463e-07
221219.12923196630; 1.86334005394237e-07
221378.12085162077; 1.83110766724895e-07
221537.11247127521; 1.86618692627395e-07
221696.10409092967; 1.85467127183583e-07
221855.09571058411; 1.87129771756772e-07
222014.08733023857; 1.86123291970994e-07
222173.07894989301; 1.86065953746152e-07
222332.07056954748; 1.87578174989148e-07
222491.06218920191; 1.87159675503263e-07
222650.05380885638; 1.86209283618103e-07
222809.04542851081; 1.90312958629508e-07
222968.03704816525; 1.90495083140032e-07
223127.02866781972; 1.87852636481233e-07
223286.02028747415; 1.87950865605593e-07
223445.01190712862; 1.86271573368557e-07
223604.00352678305; 1.86745562946620e-07
223762.99514643752; 1.86194626795383e-07
223921.98676609196; 1.83679539272424e-07
224080.97838574642; 1.81253772313715e-07
224239.97000540086; 1.80473363956110e-07
224398.96162505532; 1.78579271612162e-07
224557.95324470976; 1.79866419069490e-07
224716.94486436420; 1.81986822530837e-07
224875.93648401866; 1.82727829565137e-07
225034.92810367310; 1.84555873196542e-07
225193.91972332756; 1.80212720933782e-07
225352.91134298200; 1.79215086380735e-07
225511.90296263646; 1.75289732991765e-07
225670.89458229090; 1.74555962306317e-07
225829.88620194537; 1.72442633949791e-07
225988.87782159980; 1.72146530981783e-07
226147.86944125427; 1.72268869254452e-07
226306.86106090870; 1.74459310483060e-07
226465.85268056314; 1.73201355105372e-07
226624.84430021761; 1.74305743605915e-07
226783.83591987204; 1.73992272104570e-07
226942.82753952651; 1.74802484978960e-07
227101.81915918094; 1.76006989980313e-07
227260.81077883541; 1.70555454017203e-07
227419.80239848985; 1.75446931299842e-07
227578.79401814431; 1.72673372429262e-07
227737.78563779875; 1.69441247568486e-07
227896.77725745321; 1.68667993811953e-07
228055.76887710765; 1.74674829114248e-07
228214.76049676209; 1.72306488272558e-07
228373.75211641655; 1.72508090938353e-07
228532.74373607099; 1.71854039920220e-07
228691.73535572545; 1.71012353801893e-07
228850.72697537989; 1.67716311185668e-07
229009.71859503436; 1.69821971229645e-07
229168.71021468879; 1.68636476049147e-07
229327.70183434326; 1.70592593799360e-07
229486.69345399769; 1.69304623093723e-07
229645.68507365216; 1.67071755921772e-07
229804.67669330660; 1.67972508068944e-07
229963.66831296103; 1.65448918010953e-07
230122.65993261550; 1.61988955396860e-07
230281.65155226993; 1.62368179585417e-07
230440.64317192440; 1.61983236560697e-07
230599.63479157884; 1.59976835296515e-07
230758.62641123330; 1.63900506551193e-07
230917.61803088774; 1.62325342387925e-07
231076.60965054220; 1.61961435745023e-07
231235.60127019664; 1.62869929908940e-07
231394.59288985110; 1.60266539103888e-07
231553.58450950554; 1.56257927725940e-07
231712.57612915998; 1.59345240956350e-07
231871.56774881444; 1.57269073628987e-07
232030.55936846888; 1.57294262797332e-07
232189.55098812334; 1.56881345168207e-07
232348.54260777778; 1.53224322340402e-07
232507.53422743225; 1.52689646393248e-07
232666.52584708668; 1.51958369722792e-07
232825.51746674115; 1.51335148895830e-07
232984.50908639558; 1.52328778974235e-07
233143.50070605005; 1.51117841296652e-07
233302.49232570449; 1.50314953730442e-07
233461.48394535895; 1.48095452678202e-07
233620.47556501339; 1.50331640227536e-07
233779.46718466782; 1.46182896798637e-07
233938.45880432229; 1.50190852714062e-07
234097.45042397673; 1.49918177122628e-07
234256.44204363119; 1.48029500555227e-07
234415.43366328563; 1.47356059276513e-07
234574.42528294009; 1.46087462392727e-07
234733.41690259453; 1.44941827937653e-07
234892.40852224900; 1.48251078488478e-07
235051.40014190343; 1.47273034009025e-07
235210.39176155790; 1.46177820332952e-07
235369.38338121233; 1.47611666917598e-07
235528.37500086677; 1.43354829042136e-07
235687.36662052124; 1.50425781902325e-07
235846.35824017567; 1.46664991749285e-07
236005.34985983014; 1.49321871590738e-07
236164.34147948457; 1.47357851680648e-07
236323.33309913904; 1.49101208089933e-07
236482.32471879348; 1.46576686575880e-07
236641.31633844794; 1.46838179260562e-07
236800.30795810238; 1.46256673152352e-07
236959.29957775684; 1.44879033013958e-07
237118.29119741128; 1.45376219608983e-07
237277.28281706572; 1.42159438120838e-07
237436.27443672018; 1.46114770634134e-07
237595.26605637462; 1.44596983995955e-07
237754.25767602908; 1.43142480644352e-07
237913.24929568352; 1.42082530466622e-07
238072.24091533798; 1.41350957897063e-07
238231.23253499242; 1.41725893738508e-07
238390.22415464689; 1.45754149126560e-07
238549.21577430132; 1.46093536726807e-07
238708.20739395579; 1.47317028866175e-07
238867.19901361022; 1.46581045127182e-07
239026.19063326466; 1.46895252493430e-07
239185.18225291913; 1.46215858055937e-07
239344.17387257356; 1.47444476355369e-07
239503.16549222803; 1.46122797615337e-07
239662.15711188246; 1.47035490745528e-07
239821.14873153693; 1.44095022613150e-07
239980.14035119137; 1.46519113079097e-07
240139.13197084583; 1.47983825858250e-07
240298.12359050027; 1.50102154860925e-07
240457.11521015473; 1.47440082858967e-07
240616.10682980917; 1.48877018344152e-07
240775.09844946361; 1.46506236150268e-07
240934.09006911807; 1.44650173431593e-07
241093.08168877251; 1.47050902994010e-07
241252.07330842697; 1.46452521975273e-07
241411.06492808141; 1.45184571929826e-07
241570.05654773588; 1.47781402263068e-07
241729.04816739031; 1.44100936465172e-07
241888.03978704478; 1.43545187133558e-07
242047.03140669921; 1.41868236006787e-07
242206.02302635368; 1.38185658561872e-07
242365.01464600812; 1.42794779416457e-07
242524.00626566255; 1.41606269032067e-07
242682.99788531702; 1.44000984208938e-07
242841.98950497145; 1.42553993932085e-07
243000.98112462592; 1.41546215569887e-07
243159.97274428036; 1.42064620407587e-07
243318.96436393482; 1.37957697927704e-07
243477.95598358926; 1.40600972011327e-07
243636.94760324372; 1.39848099294110e-07
243795.93922289816; 1.40772901043965e-07
243954.93084255263; 1.40746042248032e-07
244113.92246220706; 1.40845619609335e-07
244272.91408186150; 1.39011200105620e-07
244431.90570151596; 1.37335902409210e-07
244590.89732117040; 1.39760284409483e-07
244749.88894082487; 1.40482882778483e-07
244908.88056047930; 1.39443472212345e-07
245067.87218013377; 1.40952184996437e-07
245226.86379978820; 1.38725194912434e-07
245385.85541944267; 1.35328648870032e-07
245544.84703909711; 1.35560288770343e-07
245703.83865875157; 1.34688803993173e-07
245862.83027840601; 1.30731070656867e-07
246021.82189806044; 1.29522135530522e-07
246180.81351771491; 1.28334085537045e-07
246339.80513736935; 1.29323893224333e-07
246498.79675702381; 1.29497173133787e-07
246657.78837667825; 1.26759897189983e-07
246816.77999633271; 1.26090788994140e-07
246975.77161598715; 1.26638497498460e-07
247134.76323564161; 1.27116277175196e-07
247293.75485529605; 1.27972145430987e-07
247452.74647495052; 1.28464794974363e-07
247611.73809460495; 1.26599145978300e-07
247770.72971425939; 1.27843544318462e-07
247929.72133391385; 1.27736841619328e-07
248088.71295356829; 1.28992455341797e-07
248247.70457322276; 1.25435711182560e-07
248406.69619287719; 1.26968534516463e-07
248565.68781253166; 1.23505724088462e-07
248724.67943218609; 1.21993875117290e-07
248883.67105184056; 1.18526876280258e-07
249042.66267149500; 1.16925187699087e-07
249201.65429114946; 1.18519003914745e-07
249360.64591080390; 1.16224434916912e-07
249519.63753045833; 1.18058883041765e-07
249678.62915011280; 1.18234439693077e-07
249837.62076976724; 1.14066783959420e-07
249996.61238942170; 1.16249678911645e-07
250155.60400907614; 1.19005244416890e-07
250314.59562873060; 1.20894904146480e-07
250473.58724838504; 1.20059600729905e-07
250632.57886803951; 1.19186897753037e-07
250791.57048769394; 1.16457423528060e-07
250950.56210734841; 1.16016845340494e-07
251109.55372700284; 1.13633866391642e-07
251268.54534665728; 1.14669830019597e-07
251427.53696631175; 1.14881404931045e-07
251586.52858596618; 1.14866955471977e-07
251745.52020562065; 1.14140244433782e-07
251904.51182527508; 1.13210530809673e-07
252063.50344492955; 1.17000632000408e-07
252222.49506458399; 1.17986940759400e-07
252381.48668423845; 1.14113807169008e-07
252540.47830389289; 1.12864568979225e-07
252699.46992354735; 1.11137374355818e-07
252858.46154320179; 1.09848548585903e-07
253017.45316285623; 1.10754150104257e-07
253176.44478251069; 1.15055784554928e-07
253335.43640216513; 1.17662787785953e-07
253494.42802181959; 1.19405049528917e-07
253653.41964147403; 1.20501710168430e-07
253812.41126112849; 1.20128026216323e-07
253971.40288078293; 1.19363906234045e-07
254130.39450043740; 1.17485687321652e-07
254289.38612009183; 1.14532845361607e-07
254448.37773974630; 1.11595962734613e-07
254607.36935940073; 1.12158232189068e-07
254766.36097905517; 1.16421003718913e-07
254925.35259870964; 1.15628543158961e-07
255084.34421836407; 1.12977010468195e-07
255243.33583801854; 1.13738469016728e-07
255402.32745767297; 1.14447172562510e-07
255561.31907732744; 1.10708320561110e-07
255720.31069698188; 1.08066472533110e-07
255879.30231663634; 1.07844683167773e-07
256038.29393629078; 1.06620677339758e-07
256197.28555594524; 1.07989352166258e-07
256356.27717559968; 1.08955222692147e-07
256515.26879525412; 1.06264229344168e-07
256674.26041490858; 1.07571662573583e-07
256833.25203456302; 1.08880161599776e-07
256992.24365421748; 1.06193575407727e-07
257151.23527387192; 1.04550293882915e-07
257310.22689352639; 1.04007941681110e-07
257469.21851318082; 1.04365374039113e-07
257628.21013283529; 1.04490034918420e-07
257787.20175248972; 1.03254230867225e-07
257946.19337214419; 1.01621382310007e-07
258105.18499179863; 1.02521957490735e-07
258264.17661145306; 1.01444821176368e-07
258423.16823110753; 1.02393546869013e-07
258582.15985076196; 1.01389995689698e-07
258741.15147041643; 1.01398487289540e-07
258900.14309007087; 1.01787223027647e-07
259059.13470972533; 1.01780036458163e-07
259218.12632937977; 1.02207157186233e-07
259377.11794903423; 9.75345888000966e-08
259536.10956868867; 9.98161589722467e-08
259695.10118834313; 9.47984134941200e-08
259854.09280799757; 9.36264809361051e-08
260013.08442765204; 9.10119853461350e-08
260172.07604730647; 9.47186236931433e-08
260331.06766696091; 9.15839945182849e-08
260490.05928661537; 9.43154331522967e-08
260649.05090626981; 9.22213108614715e-08
260808.04252592428; 8.79881122659117e-08
260967.03414557871; 8.78136182390950e-08
261126.02576523318; 9.20083778138717e-08
261285.01738488761; 8.97335592384117e-08
261444.00900454208; 8.79324328330999e-08
261603.00062419652; 8.87564965659967e-08
261761.99224385098; 8.79693500730384e-08
261920.98386350542; 8.65072865134251e-08
262079.97548315985; 8.83430222284817e-08
262238.96710281435; 8.58109392423583e-08
262397.95872246876; 8.66151892613567e-08
262556.95034212322; 8.46898303764343e-08
262715.94196177769; 8.40702299490951e-08
262874.93358143215; 8.19113950648883e-08
263033.92520108656; 8.33547026802766e-08
263192.91682074103; 8.11925707403918e-08
263351.90844039549; 8.32026082598649e-08
263510.90006004996; 8.18052174089300e-08
263669.89167970436; 8.18662203230467e-08
263828.88329935883; 8.52367908519650e-08
263987.87491901324; 8.67810895835334e-08
264146.86653866770; 8.66816374273134e-08
264305.85815832217; 8.65911869631267e-08
264464.84977797663; 8.70294689257932e-08
264623.84139763104; 8.76516294632757e-08
264782.83301728551; 8.64819765575318e-08
264941.82463693997; 8.65625707578800e-08
265100.81625659444; 8.77050817343317e-08
265259.80787624884; 8.65304652461217e-08
265418.79949590331; 8.82856283708900e-08
265577.79111555777; 8.37027767705233e-08
265736.78273521218; 8.55361603072584e-08
265895.77435486665; 8.65794301359785e-08
266054.76597452111; 8.27234761897066e-08
266213.75759417558; 8.36044291767400e-08
266372.74921382999; 8.00163122155266e-08
266531.74083348445; 8.49609221692358e-08
266690.73245313892; 8.51418117847266e-08
266849.72407279338; 8.56699282267916e-08
267008.71569244779; 8.53452867584100e-08
267167.70731210225; 8.51674970172550e-08
267326.69893175672; 8.54873491961100e-08
267485.69055141113; 8.36599388813733e-08
267644.68217106559; 8.77614148569084e-08
267803.67379072006; 8.67580608481667e-08
267962.66541037452; 8.93841676584250e-08
268121.65703002893; 8.73665210915250e-08
268280.64864968340; 8.64540241403018e-08
268439.64026933786; 8.71368025525957e-08
268598.63188899233; 8.57047362168417e-08
268757.62350864673; 8.59763123540200e-08
268916.61512830120; 8.54436167917534e-08
269075.60674795567; 8.43949839404016e-08
269234.59836761007; 8.09687264572900e-08
269393.58998726454; 8.36684228335867e-08
269552.58160691900; 8.50379443468050e-08
269711.57322657347; 8.54698875537533e-08
269870.56484622788; 8.68489299110317e-08
270029.55646588234; 8.72616711197284e-08
270188.54808553681; 8.36808222276967e-08
270347.53970519127; 8.62342013230899e-08
270506.53132484568; 8.30670169916466e-08
270665.52294450015; 8.46290240138667e-08
270824.51456415461; 8.28106273963467e-08
270983.50618380902; 8.41933362277684e-08
271142.49780346348; 8.37178545685367e-08
271301.48942311795; 8.02938876292767e-08
271460.48104277242; 8.16139645827500e-08
271619.47266242682; 8.22128278584699e-08
271778.46428208129; 8.46668047682168e-08
271937.45590173575; 8.18805324049683e-08
272096.44752139022; 7.86508276300051e-08
272255.43914104463; 6.59707352946128e-08
272414.43076069909; 5.51182551755550e-08
272573.42238035356; 1.05571114854750e-08
272732.41400000796; 5.84995882849165e-09
272891.40561966243; 1.02573236294350e-08
273050.39723931690; 1.10862222202583e-08
273209.38885897136; 1.28568980085501e-08
273368.38047862577; 1.45567377611684e-08
273527.37209828023; 1.54067992423999e-08
273686.36371793470; 1.71294538950117e-08
273845.35533758916; 1.82539885482533e-08
274004.34695724357; 1.98033457274433e-08
274163.33857689804; 1.78815412502185e-08
274322.33019655250; 2.15792883886717e-08
274481.32181620691; 2.09492886850101e-08
274640.31343586138; 2.04316483540684e-08
274799.30505551584; 2.00236484719683e-08
274958.29667517031; 2.32797181977900e-08
275117.28829482471; 2.54043550807084e-08
275276.27991447918; 2.56218787196251e-08
275435.27153413364; 2.54700018879117e-08
275594.26315378811; 2.52307090170166e-08
275753.25477344252; 2.36748242903367e-08
275912.24639309698; 2.34482591367500e-08
276071.23801275145; 2.64437372776817e-08
276230.22963240586; 3.06643571577686e-08
276389.22125206032; 3.03276152439217e-08
276548.21287171479; 3.22270297493050e-08
276707.20449136925; 3.24943948396834e-08
276866.19611102366; 3.27205905969100e-08
277025.18773067812; 2.94644971930200e-08
277184.17935033259; 3.14453318406401e-08
277343.17096998706; 3.14277826724601e-08
277502.16258964146; 2.84495270496267e-08
277661.15420929593; 2.89931525272183e-08
277820.14582895039; 2.81109024439717e-08
277979.13744860480; 3.13975874245134e-08
278138.12906825927; 3.14444712810742e-08
278297.12068791373; 3.24623493624667e-08
278456.11230756820; 3.12504802900284e-08
278615.10392722260; 3.15762039136184e-08
278774.09554687707; 3.06602449912617e-08
278933.08716653154; 3.21925323319716e-08
279092.07878618600; 3.46890265343351e-08
279251.07040584041; 3.44590068472633e-08
279410.06202549487; 3.33292043336833e-08
279569.05364514934; 3.28538012570867e-08
279728.04526480375; 3.20736344621517e-08
279887.03688445821; 3.29829636207765e-08
280046.02850411268; 3.40387660166428e-08
280205.02012376714; 3.47581307152233e-08
280364.01174342155; 3.56195330488684e-08
280523.00336307602; 2.88366882178650e-08
280681.99498273048; 3.18208975714167e-08
280840.98660238495; 3.40084851797383e-08
280999.97822203935; 3.12370612470083e-08
281158.96984169382; 3.00305594326567e-08
281317.96146134828; 2.93647257186451e-08
281476.95308100269; 3.22690624184451e-08
281635.94470065716; 3.69138441605300e-08
281794.93632031162; 3.48606044519716e-08
281953.92793996609; 3.75634943288156e-08
282112.91955962050; 3.45327389633533e-08
282271.91117927496; 3.65577240149417e-08
282430.90279892943; 3.61628330206600e-08
282589.89441858389; 3.67808305703633e-08
282748.88603823830; 3.79502514831600e-08
282907.87765789276; 3.90513023905934e-08
283066.86927754723; 3.79255911690717e-08
283225.86089720164; 3.31360465086117e-08
283384.85251685610; 3.59134991148717e-08
283543.84413651057; 3.65612529083916e-08
283702.83575616503; 3.95674870132950e-08
283861.82737581944; 3.86569645627243e-08
284020.81899547391; 3.75207819850166e-08
284179.81061512837; 3.67789865861951e-08
284338.80223478284; 3.52575784024783e-08
284497.79385443724; 3.68824883329001e-08
284656.78547409171; 3.77252879034384e-08
284815.77709374618; 3.90691378224917e-08
284974.76871340058; 3.83456004411133e-08
285133.76033305505; 3.97948314983816e-08
285292.75195270951; 3.94839288869717e-08
285451.74357236398; 3.75064175147616e-08
285610.73519201839; 3.86064384116583e-08
285769.72681167285; 3.65245129215315e-08
285928.71843132732; 3.72463047508300e-08
286087.71005098178; 3.68991446937600e-08
286246.70167063619; 3.70643510524050e-08
286405.69329029066; 3.81125482989383e-08
286564.68490994512; 3.77021341857632e-08
286723.67652959953; 3.72572611651166e-08
286882.66814925399; 3.67960275464400e-08
287041.65976890846; 3.48223810153784e-08
287200.65138856292; 3.61398541876466e-08
287359.64300821733; 3.94373434487750e-08
287518.63462787180; 3.94914196997932e-08
287677.62624752626; 3.97047472782933e-08
287836.61786718073; 3.87026716299500e-08
287995.60948683514; 3.51413954324616e-08
288154.60110648960; 3.61226617249632e-08
288313.59272614407; 3.95962889050118e-08
288472.58434579847; 3.95083995672283e-08
288631.57596545294; 3.82366328485166e-08
288790.56758510740; 3.62288526422767e-08
288949.55920476187; 3.68296587837500e-08
289108.55082441628; 3.59488710632884e-08
289267.54244407074; 3.45140499162167e-08
289426.53406372521; 3.09265637074033e-08
289585.52568337967; 3.23926505841966e-08
289744.51730303408; 3.39267134963086e-08
289903.50892268855; 3.42749858929450e-08
290062.50054234301; 3.58942365514367e-08
290221.49216199742; 3.69735244884616e-08
290380.48378165188; 3.57901620082167e-08
290539.47540130635; 3.58304372259116e-08
290698.46702096082; 3.46600344682733e-08
290857.45864061522; 3.55592596345983e-08
291016.45026026969; 3.38157399640849e-08
291175.44187992415; 3.38970295991017e-08
291334.43349957862; 3.32535144656966e-08
291493.42511923303; 3.38201517102349e-08
291652.41673888749; 3.53964247681586e-08
291811.40835854196; 3.31465688732616e-08
291970.39997819636; 3.48663846818283e-08
292129.39159785083; 3.70429106132467e-08
292288.38321750530; 3.48194634061317e-08
292447.37483715976; 3.82136945414034e-08
292606.36645681417; 3.57078645904867e-08
292765.35807646863; 3.80518853209916e-08
292924.34969612310; 3.63467375405150e-08
293083.34131577756; 3.58877723393817e-08
293242.33293543197; 3.62126170066683e-08
293401.32455508644; 3.23218524807000e-08
293560.31617474090; 3.40316791890385e-08
293719.30779439531; 3.27385087088999e-08
293878.29941404978; 3.57057819361049e-08
294037.29103370424; 3.44629932123650e-08
294196.28265335871; 3.74958519696900e-08
294355.27427301311; 3.77574878165366e-08
294514.26589266758; 3.66210176329400e-08
294673.25751232204; 3.49022100187900e-08
294832.24913197651; 3.20244921644216e-08
294991.24075163092; 3.49380222193818e-08
295150.23237128538; 3.62335395033400e-08
295309.22399093985; 3.32543354819717e-08
295468.21561059426; 3.08999122593086e-08
295627.20723024872; 3.26874587301067e-08
295786.19884990319; 3.35543702710049e-08
295945.19046955765; 3.34852766816383e-08
296104.18208921206; 3.49116030537517e-08
296263.17370886652; 3.45023399312033e-08
296422.16532852099; 2.94205271474849e-08
296581.15694817546; 3.10105973848833e-08
296740.14856782986; 3.04150734354451e-08
296899.14018748433; 3.13420995366118e-08
297058.13180713879; 3.08493615758683e-08
297217.12342679320; 3.04621373685599e-08
297376.11504644767; 2.98747154751114e-08
297535.10666610213; 3.19296253206134e-08
297694.09828575660; 3.13173035917800e-08
297853.08990541101; 3.44685465184817e-08
298012.08152506547; 3.18151694229150e-08
298171.07314471994; 3.17554631547350e-08
298330.06476437440; 3.07191214361417e-08
298489.05638402881; 3.09428973167083e-08
298648.04800368327; 3.20559488072350e-08
298807.03962333774; 3.30228680861984e-08
298966.03124299215; 3.19888792848750e-08
299125.02286264661; 3.02383946569767e-08
299284.01448230108; 2.77734636252742e-08
299443.00610195554; 2.77115121408734e-08
299601.99772160995; 2.80102287779917e-08
299760.98934126442; 3.04727123499016e-08
299919.98096091888; 3.54186917363384e-08
300078.97258057335; 3.90491606559234e-08
300237.96420022775; 3.47926831744950e-08
300396.95581988222; 3.75624812503333e-08
300555.94743953669; 3.63176675930250e-08
300714.93905919115; 3.67311244427317e-08
300873.93067884556; 3.37354123214099e-08
301032.92229850002; 3.32562928267066e-08
301191.91391815449; 3.05651704107350e-08
301350.90553780890; 3.37563722629686e-08
301509.89715746336; 3.24046379829034e-08
301668.88877711783; 3.32928470437067e-08
301827.88039677229; 3.52960961126983e-08
301986.87201642670; 3.62490913211783e-08
302145.86363608117; 3.56177297636950e-08
302304.85525573563; 3.37793860229499e-08
302463.84687539010; 3.42846557255750e-08
302622.83849504450; 3.67930475509350e-08
302781.83011469897; 3.54848241467817e-08
302940.82173435343; 3.52455703339533e-08
303099.81335400784; 3.35838255871283e-08
303258.80497366231; 3.33109418132743e-08
303417.79659331677; 3.47132687054800e-08
303576.78821297124; 3.16836158372984e-08
303735.77983262565; 3.90608010860733e-08
303894.77145228011; 3.38937231983684e-08
304053.76307193458; 3.39423596825550e-08
304212.75469158904; 3.18739389215883e-08
304371.74631124345; 3.28741140484483e-08
304530.73793089791; 3.65838998494484e-08
304689.72955055238; 3.26604661597734e-08
304848.72117020679; 3.24725671906634e-08
305007.71278986125; 3.14970084348349e-08
305166.70440951572; 3.31612506079886e-08
305325.69602917018; 3.17633517715182e-08
305484.68764882459; 2.88583322857983e-08
305643.67926847906; 3.04234203801034e-08
305802.67088813352; 3.29811272289050e-08
305961.66250778799; 2.95398192318617e-08
306120.65412744239; 3.28742971257500e-08
306279.64574709686; 2.86383646314032e-08
306438.63736675133; 2.53204416973983e-08
306597.62898640573; 2.78440891989001e-08
306756.62060606020; 2.97300678981249e-08
306915.61222571466; 2.61928857221549e-08
307074.60384536913; 2.67789188414728e-08
307233.59546502354; 2.61586216750368e-08
307392.58708467800; 2.74733978013400e-08
307551.57870433247; 3.08229057519851e-08
307710.57032398693; 3.06576060331683e-08
307869.56194364134; 2.79584433933267e-08
308028.55356329581; 2.93822221085400e-08
308187.54518295027; 3.02653646353183e-08
308346.53680260468; 2.97335019404967e-08
308505.52842225914; 2.92589621044450e-08
308664.52004191361; 3.09552146380332e-08
308823.51166156807; 3.12102608359433e-08
308982.50328122248; 3.43359497781458e-08
309141.49490087695; 3.02030212082000e-08
309300.48652053141; 3.35986886754900e-08
309459.47814018588; 3.23247364366900e-08
309618.46975984029; 3.23372235584283e-08
309777.46137949475; 3.57745279683467e-08
