Time, s; Heat flow, Watt
1783.22161412062; 1.23402487186807e-05
1862.71742394785; 1.01503768559230e-05
1942.21323377507; 9.81196784037900e-06
2021.70904360230; 9.87738744486270e-06
2325.01225290359; 7.89274941357780e-06
2404.50806273082; 7.63025334229650e-06
2707.81127203210; 6.18731604979500e-06
2787.30708185933; 6.22459031136770e-06
2866.80289168655; 6.02076017144410e-06
3170.10610098784; 5.51722560553800e-06
3249.60191081506; 5.45431782249670e-06
3329.09772064229; 5.41106121886490e-06
3632.40092994357; 4.99816413649130e-06
3711.89673977080; 5.00088542097850e-06
3791.39254959802; 4.93455325576150e-06
4094.69575889932; 4.65409622019170e-06
4174.19156872654; 4.62150128242460e-06
4253.68737855376; 4.65472027349090e-06
4556.99058785505; 4.30063829971610e-06
4636.48639768227; 4.29930364043050e-06
4939.78960698357; 4.05426109526400e-06
5019.28541681079; 4.01174109682850e-06
5098.78122663802; 4.03572347545010e-06
5402.08443593930; 3.85588034131350e-06
5481.58024576652; 3.79767279402800e-06
5561.07605559374; 3.85975328753700e-06
5864.37926489503; 4.49717638670030e-06
5943.87507472225; 4.47882950376760e-06
6023.37088454948; 4.52791647678500e-06
6326.67409385077; 4.35109923393940e-06
6406.16990367800; 4.20135341680460e-06
6485.66571350522; 4.27900335916360e-06
6788.96892280651; 4.25134803997400e-06
6868.46473263373; 4.20544585345260e-06
6947.96054246095; 4.24865366882870e-06
7251.26375176225; 4.14234561953240e-06
7330.75956158947; 4.08380325000810e-06
7634.06277089076; 4.23923381415000e-06
7713.55858071798; 4.21604754071970e-06
7793.05439054521; 4.17827167565420e-06
8096.35759984649; 4.24976473636740e-06
8175.85340967372; 4.23249924064650e-06
8255.34921950095; 4.13541988268980e-06
8558.65242880223; 4.18694287707140e-06
8638.14823862946; 4.11694581677100e-06
8717.64404845668; 4.10537084210890e-06
9020.94725775797; 4.04910540807330e-06
9100.44306758519; 4.06333357159980e-06
9179.93887741242; 4.02425565805410e-06
9483.24208671370; 4.08773647879600e-06
9562.73789654093; 4.07973654452510e-06
9866.04110584222; 3.93961002722120e-06
9945.53691566944; 3.89761990741050e-06
10025.03272549667; 3.88406267944870e-06
10328.33593479795; 3.83832497711650e-06
10407.83174462517; 3.87123308840260e-06
10487.32755445240; 3.85596769996540e-06
10790.63076375369; 3.73945217605080e-06
10870.12657358091; 3.80369642367890e-06
10949.62238340814; 3.75480165957510e-06
11252.92559270942; 3.79273894644890e-06
11332.42140253665; 3.75637191217670e-06
11411.91721236387; 3.68774073625140e-06
11715.22042166516; 3.55913321411720e-06
11794.71623149238; 3.62520406051970e-06
12098.01944079368; 3.63594050670840e-06
12177.51525062090; 3.60163188352320e-06
12257.01106044813; 3.51345269447290e-06
12560.31426974941; 3.51464649366650e-06
12639.81007957664; 3.48741217329050e-06
12719.30588940387; 3.41323461416680e-06
13022.60909870515; 3.42806116820880e-06
13102.10490853238; 3.47173139236720e-06
13181.60071835960; 3.35406192472100e-06
13484.90392766089; 3.31881786155770e-06
13564.39973748811; 3.28507572501240e-06
13643.89554731533; 3.21686756556040e-06
13947.19875661662; 3.32143232718590e-06
14026.69456644385; 3.27114432364470e-06
14106.19037627107; 3.18060924550270e-06
14409.49358557236; 3.20574681069580e-06
14488.98939539958; 3.09749526261910e-06
14792.29260470087; 3.13421960021290e-06
14871.78841452810; 3.17047286444510e-06
14951.28422435532; 3.11334255142380e-06
15254.58743365660; 3.11727490601640e-06
15334.08324348383; 3.06468713951660e-06
15413.57905331106; 3.02395929479440e-06
15716.88226261235; 3.04229630355790e-06
15796.37807243957; 3.03842796650740e-06
15875.87388226679; 3.01349532765350e-06
16179.17709156808; 2.89546241802660e-06
16258.67290139530; 2.91575335950140e-06
16338.16871122253; 2.89320530938230e-06
16641.47192052382; 2.98611572187550e-06
16720.96773035105; 2.99133965125000e-06
17024.27093965233; 2.99997365201780e-06
17103.76674947955; 2.94549235135850e-06
17183.26255930678; 2.86291393365620e-06
17486.56576860807; 2.98928733388700e-06
17566.06157843530; 2.84953816464110e-06
17645.55738826252; 2.85519717224550e-06
17948.86059756381; 2.80700817667960e-06
18028.35640739103; 2.80415652532590e-06
18107.85221721826; 2.80176178421640e-06
18411.15542651954; 2.93844124013020e-06
18490.65123634677; 2.92060688231230e-06
18570.14704617400; 2.87347254314140e-06
18873.45025547528; 2.86333908855970e-06
18952.94606530250; 2.81722712920890e-06
19032.44187512973; 2.75061830657190e-06
19335.74508443102; 2.91960665801600e-06
19415.24089425824; 2.86670971051440e-06
19718.54410355952; 2.86917354104650e-06
19798.03991338675; 2.78931742446820e-06
19877.53572321397; 2.76291675655380e-06
20180.83893251527; 2.92563494386950e-06
20260.33474234249; 2.92220739817760e-06
20339.83055216972; 2.84541619536000e-06
20643.13376147100; 2.98791809544620e-06
20722.62957129822; 2.83593483227940e-06
20802.12538112545; 2.84366727199900e-06
21105.42859042674; 3.02473964467370e-06
21184.92440025396; 2.91921169943820e-06
21264.42021008119; 2.73661202016630e-06
21567.72341938248; 2.98108418189620e-06
21647.21922920970; 2.89093642421880e-06
21950.52243851098; 2.99258708369490e-06
22030.01824833821; 3.03304215811250e-06
22109.51405816543; 2.95556238596920e-06
22412.81726746672; 3.02989460197770e-06
22492.31307729395; 2.99114582587430e-06
22571.80888712117; 2.91482056759130e-06
22875.11209642246; 3.11764372844500e-06
22954.60790624969; 2.92248389332860e-06
23034.10371607691; 2.85720774325410e-06
23337.40692537819; 2.99556467252340e-06
23416.90273520542; 2.97780333830330e-06
23496.39854503264; 2.84959795238450e-06
23799.70175433394; 3.07989231596470e-06
23879.19756416116; 3.03438279961610e-06
23958.69337398838; 2.97042012790290e-06
24261.99658328967; 2.94560789540210e-06
24341.49239311690; 3.00035059250790e-06
24644.79560241818; 3.20046495089590e-06
24724.29141224541; 3.10496951994050e-06
24803.78722207263; 2.90065500700190e-06
25107.09043137392; 3.18626000813300e-06
25186.58624120114; 3.02723897303520e-06
25266.08205102837; 2.90810598364120e-06
25569.38526032965; 3.17286356472660e-06
25648.88107015688; 3.10969662559410e-06
25728.37687998411; 3.00491249299270e-06
26031.68008928539; 3.00866863791140e-06
26111.17589911262; 3.05788401346460e-06
26190.67170893984; 2.84066082569430e-06
26493.97491824113; 3.05648556541960e-06
26573.47072806835; 2.99463372124100e-06
26876.77393736964; 3.21261650848190e-06
26956.26974719686; 3.10826286794770e-06
27035.76555702409; 2.99548519749090e-06
27339.06876632537; 3.25383575511640e-06
27418.56457615260; 3.16862032387200e-06
27498.06038597982; 3.14042761401290e-06
27801.36359528112; 3.12618683206180e-06
27880.85940510834; 3.15686689245370e-06
27960.35521493557; 3.08229882872350e-06
28263.65842423685; 3.25612522401010e-06
28343.15423406407; 2.99722574828370e-06
28422.65004389130; 3.05603501867450e-06
28725.95325319259; 3.28738755226930e-06
28805.44906301981; 3.02862280867410e-06
29108.75227232110; 3.38702315908330e-06
29188.24808214833; 3.37929261564260e-06
29267.74389197555; 3.23492776362960e-06
29571.04710127684; 3.24848329742480e-06
29650.54291110406; 3.32015721403570e-06
29730.03872093128; 3.19059659727660e-06
30033.34193023257; 3.21644210364880e-06
30112.83774005980; 3.29536157204740e-06
30192.33354988702; 3.17316904935600e-06
30495.63675918831; 3.35255153288610e-06
30575.13256901554; 3.19911240277700e-06
30654.62837884275; 3.21466898322170e-06
30957.93158814405; 3.43057313312290e-06
31037.42739797127; 3.39927851948350e-06
31116.92320779849; 3.23230260058250e-06
31420.22641709978; 3.39968207008640e-06
31499.72222692701; 3.33477277253850e-06
31803.02543622829; 3.48641761487440e-06
31882.52124605552; 3.47261710921110e-06
31962.01705588274; 3.40953600546000e-06
32265.32026518403; 3.64439337725320e-06
32344.81607501125; 3.44373180590940e-06
32424.31188483848; 3.51973869181390e-06
32727.61509413976; 3.76224651807330e-06
32807.11090396699; 3.60467382457260e-06
32886.60671379422; 3.43303572893930e-06
33189.90992309550; 3.72293155965930e-06
33269.40573292272; 3.55891837359970e-06
33348.90154274995; 3.38197968024640e-06
33652.20475205124; 3.64240669776890e-06
33731.70056187847; 3.65425434289900e-06
34035.00377117975; 3.85040831525060e-06
34114.49958100698; 3.66865115700300e-06
34193.99539083420; 3.76194219981520e-06
34497.29860013549; 4.03425705205370e-06
34576.79440996271; 3.89119323485830e-06
34656.29021978994; 3.74408863149160e-06
34959.59342909123; 4.01695691105890e-06
35039.08923891844; 3.92198609325100e-06
35118.58504874568; 3.74839109504900e-06
35421.88825804697; 4.02276721543660e-06
35501.38406787418; 3.95132314487250e-06
35580.87987770142; 3.92148218616680e-06
35884.18308700270; 4.03552479070800e-06
35963.67889682992; 4.05581289608800e-06
36043.17470665715; 3.94994652862090e-06
36346.47791595844; 4.32901259543576e-06
36425.97372578566; 4.00866990616396e-06
36729.27693508695; 4.39504032304325e-06
36808.77274491417; 4.38024112446775e-06
36888.26855474139; 4.06761668542865e-06
37191.57176404269; 4.42526267224186e-06
37271.06757386991; 4.43012269894276e-06
37350.56338369713; 4.22691942407026e-06
37653.86659299842; 4.42671480265073e-06
37733.36240282565; 4.55812291032963e-06
37812.85821265287; 4.39448700943853e-06
38116.16142195415; 4.62496280462355e-06
38195.65723178138; 4.50511573231635e-06
38275.15304160860; 4.44536798413215e-06
38578.45625090989; 4.67766269831360e-06
38657.95206073712; 4.44339440710310e-06
38961.25527003840; 4.77582089560240e-06
39040.75107986563; 4.65461633385650e-06
39120.24688969285; 4.61117906466280e-06
39423.55009899414; 4.73055060954899e-06
39503.04590882137; 4.69558781165379e-06
39582.54171864859; 4.64468375134669e-06
39885.84492794987; 4.80992394905643e-06
39965.34073777711; 4.54485650835823e-06
40044.83654760433; 4.54007275547223e-06
40348.13975690561; 4.79979763187720e-06
40427.63556673285; 4.45335846488060e-06
40507.13137656006; 4.39797327269030e-06
40810.43458586135; 4.62872692974332e-06
40889.93039568858; 4.43418682965962e-06
41193.23360498986; 4.46458105785761e-06
41272.72941481709; 4.50653392062461e-06
41352.22522464431; 4.37850696726721e-06
41655.52843394560; 4.32235150818528e-06
41735.02424377283; 4.34439398686098e-06
41814.52005360005; 4.25786942502478e-06
42117.82326290134; 4.26081133290297e-06
42197.31907272856; 4.14307825096646e-06
42276.81488255579; 4.14732857108894e-06
42580.11809185708; 4.14305534361747e-06
42659.61390168429; 4.09131528885222e-06
42739.10971151153; 3.86511089155322e-06
43042.41292081281; 4.02975953183101e-06
43121.90873064003; 3.95927088052199e-06
43201.40454046727; 3.74263242778781e-06
43504.70774976855; 3.82011498660784e-06
43584.20355959577; 3.76488400345694e-06
43887.50676889706; 3.67890340653705e-06
43967.00257872428; 3.56193119257459e-06
44046.49838855151; 3.54484698782976e-06
44349.80159785280; 3.54315642962396e-06
44429.29740768002; 3.48020902879357e-06
44508.79321750725; 3.30846764573119e-06
44812.09642680853; 3.35430579161360e-06
44891.59223663576; 3.31570124809128e-06
44971.08804646299; 3.14875082812201e-06
45274.39125576428; 3.19226187156647e-06
45353.88706559149; 3.12699045158732e-06
45433.38287541872; 3.04421093395014e-06
45736.68608472001; 2.89078062662599e-06
45816.18189454723; 2.93813741689046e-06
46119.48510384852; 2.99727626037732e-06
46198.98091367575; 2.83565972520524e-06
46278.47672350297; 2.70862933763255e-06
46581.77993280426; 2.90977017899266e-06
46661.27574263148; 2.72000294311295e-06
46740.77155245871; 2.60027513506696e-06
47044.07476175999; 2.76128309159370e-06
47123.57057158722; 2.60221924475434e-06
47203.06638141444; 2.51921577119416e-06
47506.36959071572; 2.51990060848598e-06
47585.86540054296; 2.41946092334215e-06
47665.36121037017; 2.37509874734496e-06
47968.66441967146; 2.46282148334242e-06
48048.16022949870; 2.27192245792375e-06
48127.65603932591; 2.24306657732527e-06
48430.95924862720; 2.37319098492709e-06
48510.45505845443; 2.17606189254887e-06
48813.75826775571; 2.27365018124356e-06
48893.25407758294; 2.26074712735532e-06
48972.74988741016; 2.15984492900415e-06
49276.05309671145; 2.13265393960346e-06
49355.54890653867; 2.13245862411503e-06
49435.04471636590; 2.04816105023945e-06
49738.34792566719; 2.09483019717667e-06
49817.84373549442; 2.04624721448870e-06
49897.33954532164; 1.98428615623426e-06
50200.64275462292; 2.03292978022950e-06
50280.13856445015; 1.98571157913956e-06
50359.63437427738; 1.91968102896974e-06
50662.93758357866; 1.95198894083443e-06
50742.43339340588; 1.94360071187148e-06
51045.73660270717; 1.91297903068398e-06
51125.23241253440; 1.85409670268274e-06
51204.72822236162; 1.85928721942592e-06
51508.03143166291; 1.82062033868997e-06
51587.52724149014; 1.82226839984076e-06
51667.02305131736; 1.81078622061582e-06
51970.32626061865; 1.81512700472372e-06
52049.82207044587; 1.74271149322373e-06
52129.31788027310; 1.72965529099198e-06
52432.62108957439; 1.72405600603573e-06
52512.11689940160; 1.70609630966342e-06
52591.61270922883; 1.67097729634729e-06
52894.91591853013; 1.70013750545718e-06
52974.41172835735; 1.64250416785254e-06
53053.90753818458; 1.58078077666077e-06
53357.21074748586; 1.64170822120990e-06
53436.70655731308; 1.60611937780225e-06
53740.00976661437; 1.67517267209401e-06
53819.50557644160; 1.56872598304756e-06
53899.00138626882; 1.56413196761762e-06
54202.30459557011; 1.57746588307656e-06
54281.80040539734; 1.56766657536165e-06
54361.29621522456; 1.46412498998563e-06
54664.59942452585; 1.53612271477818e-06
54744.09523435307; 1.53761524217028e-06
54823.59104418030; 1.44483089649971e-06
55126.89425348159; 1.44174824362181e-06
55206.39006330881; 1.38971313444756e-06
55285.88587313603; 1.33843060106567e-06
55589.18908243731; 1.34893419438981e-06
55668.68489226454; 1.38401695013371e-06
55971.98810156583; 1.39000995026610e-06
56051.48391139306; 1.37915491633915e-06
56130.97972122028; 1.36161067077806e-06
56434.28293052157; 1.39815944299715e-06
56513.77874034879; 1.34253858532654e-06
56593.27455017601; 1.33623096884209e-06
56896.57775947731; 1.37793970678491e-06
56976.07356930453; 1.36802600553402e-06
57055.56937913175; 1.34605273918055e-06
57358.87258843303; 1.34311877541095e-06
57438.36839826027; 1.35658518127487e-06
57517.86420808749; 1.35777811888244e-06
57821.16741738877; 1.35843241146657e-06
57900.66322721600; 1.31946804380256e-06
58203.96643651729; 1.41560531116591e-06
58283.46224634451; 1.37838510946264e-06
58362.95805617174; 1.33651539471716e-06
58666.26126547302; 1.38372593974635e-06
58745.75707530025; 1.33635990356225e-06
58825.25288512747; 1.28802825704353e-06
59128.55609442876; 1.30881162627813e-06
59208.05190425599; 1.30480056838084e-06
59287.54771408321; 1.28909185474838e-06
59590.85092338450; 1.30440536827819e-06
59670.34673321172; 1.27438723305992e-06
59749.84254303895; 1.25672509887597e-06
60053.14575234024; 1.31619229673029e-06
60132.64156216746; 1.25122106402463e-06
60212.13737199469; 1.24697968612129e-06
60515.44058129597; 1.27586480620121e-06
60594.93639112319; 1.22466206488014e-06
60898.23960042449; 1.22925622554117e-06
60977.73541025171; 1.24974862910087e-06
61057.23122007893; 1.17703062027082e-06
61360.53442938022; 1.17852789333199e-06
61440.03023920744; 1.21336567230813e-06
61519.52604903467; 1.17077366301533e-06
61822.82925833596; 1.18323666012256e-06
61902.32506816318; 1.16867180306415e-06
61981.82087799041; 1.15565589915410e-06
62285.12408729170; 1.12813531403910e-06
62364.61989711892; 1.08993247284160e-06
62444.11570694615; 1.07010185501826e-06
62747.41891624744; 1.12032318663759e-06
62826.91472607465; 1.12877365596133e-06
63130.21793537594; 1.11603391175381e-06
63209.71374520317; 1.10766452616487e-06
63289.20955503039; 1.11853656502380e-06
63592.51276433168; 1.11774327035950e-06
63672.00857415891; 1.05246938754493e-06
63751.50438398613; 1.07657750721027e-06
64054.80759328742; 1.07784288322649e-06
64134.30340311464; 1.03589357974437e-06
64213.79921294186; 1.01963777263753e-06
64517.10242224316; 1.06176203957130e-06
64596.59823207038; 1.04801795175710e-06
64676.09404189761; 1.02190685926847e-06
64979.39725119888; 1.03527720228993e-06
65058.89306102611; 1.03032185152336e-06
65138.38887085333; 1.01357675541320e-06
65441.69208015464; 9.86778823222490e-07
65521.18788998185; 9.53332338955840e-07
65824.49109928313; 9.94611106279930e-07
65903.98690911036; 9.76116728321720e-07
65983.48271893759; 9.49883636077220e-07
66286.78592823888; 9.88269537425710e-07
66366.28173806610; 9.59500568831130e-07
66445.77754789332; 9.22509931825850e-07
66749.08075719461; 9.69228143301120e-07
66828.57656702184; 9.34821968538510e-07
66908.07237684906; 9.38872428036880e-07
67211.37558615035; 9.30453099061880e-07
67290.87139597756; 9.01627573530560e-07
67370.36720580480; 8.87688228563400e-07
67673.67041510608; 9.27458420527830e-07
67753.16622493332; 8.81798017737410e-07
68056.46943423460; 9.40309464566540e-07
68135.96524406181; 9.18273588324210e-07
68215.46105388904; 8.90202021888730e-07
68518.76426319033; 8.70477724963730e-07
68598.26007301756; 8.49663617984350e-07
68677.75588284478; 8.54767939320650e-07
68981.05909214607; 8.53796579526230e-07
69060.55490197329; 8.46089321200250e-07
69140.05071180052; 8.53001419906080e-07
69443.35392110181; 8.35052903849550e-07
69522.84973092904; 8.56279542465310e-07
69602.34554075626; 8.58898852533580e-07
69905.64875005753; 8.56691784660110e-07
69985.14455988476; 7.92563283699790e-07
70288.44776918605; 8.34769193078800e-07
70367.94357901328; 8.20188160232650e-07
70447.43938884050; 8.17805855831560e-07
70750.74259814179; 8.19928170538900e-07
70830.23840796901; 8.12570712517030e-07
70909.73421779624; 7.93505899473850e-07
71213.03742709753; 7.97984055740950e-07
71292.53323692476; 7.76763849480490e-07
71372.02904675198; 7.38731425265030e-07
71675.33225605325; 7.74448998357300e-07
71754.82806588049; 7.60225024656710e-07
71834.32387570772; 7.52038810452510e-07
72137.62708500901; 7.76759565417790e-07
72217.12289483623; 7.56092125347470e-07
72296.61870466344; 7.20754819202720e-07
72599.92191396473; 7.69308010064760e-07
72679.41772379196; 7.61197975274600e-07
72982.72093309325; 7.21636466869320e-07
73062.21674292049; 7.38576819479850e-07
73141.71255274770; 6.92363742539670e-07
73445.01576204898; 6.87272054121810e-07
73524.51157187621; 7.02874436893010e-07
73604.00738170344; 7.28649228824240e-07
73907.31059100473; 7.13992168164910e-07
73986.80640083195; 7.21873781620170e-07
74066.30221065917; 6.85868610546900e-07
74369.60541996046; 7.14659025013100e-07
74449.10122978769; 6.96468360881950e-07
74528.59703961492; 6.37923323563160e-07
74831.90024891621; 6.83889391035660e-07
74911.39605874343; 6.71551240843380e-07
75214.69926804470; 6.87358447032150e-07
75294.19507787193; 6.63376517601260e-07
75373.69088769917; 6.72412861543070e-07
75676.99409700044; 6.51846438970600e-07
75756.48990682766; 6.53475921482840e-07
75835.98571665489; 6.15634267652190e-07
76139.28892595618; 6.35356971391640e-07
76218.78473578341; 6.02374481627010e-07
76298.28054561063; 5.95193022763850e-07
76601.58375491192; 6.07497490913350e-07
76681.07956473914; 6.17205721618610e-07
76760.57537456637; 6.10946018181930e-07
77063.87858386766; 5.96194699227370e-07
77143.37439369487; 6.07441422538980e-07
77222.87020352209; 6.08651180094520e-07
77526.17341282338; 5.52104954991600e-07
77605.66922265061; 5.80890801696970e-07
77908.97243195190; 6.02812603979310e-07
77988.46824177913; 5.86755784836050e-07
78067.96405160635; 5.68296885653860e-07
78371.26726090764; 5.79312134730740e-07
78450.76307073486; 5.40238422912900e-07
78530.25888056209; 5.71262821485680e-07
78833.56208986338; 5.63503715250650e-07
78913.05789969060; 5.58055537548120e-07
78992.55370951782; 5.52050816745720e-07
79295.85691881910; 5.44168846284140e-07
79375.35272864634; 5.46210467498590e-07
79454.84853847357; 5.52471133442820e-07
79758.15174777486; 5.51783471591650e-07
79837.64755760207; 5.26680425186380e-07
80140.95076690336; 5.37260246785950e-07
80220.44657673058; 5.44635237632480e-07
80299.94238655781; 5.06030879124870e-07
80603.24559585910; 5.12123347561237e-07
80682.74140568632; 5.39486092728757e-07
80762.23721551354; 5.31601776066737e-07
81065.54042481483; 4.85884989115702e-07
81145.03623464206; 5.10596628122382e-07
81224.53204446929; 4.99097192126032e-07
81527.83525377058; 5.19754937551448e-07
81607.33106359780; 4.91892170730118e-07
81686.82687342502; 4.87725567031288e-07
81990.13008272630; 4.64656171237451e-07
82069.62589255354; 4.71740450492171e-07
82149.12170238075; 4.71283449099691e-07
82452.42491168204; 5.11523328733055e-07
82531.92072150926; 4.83056873273295e-07
82835.22393081055; 4.79219092858572e-07
82914.71974063778; 4.79391294438892e-07
82994.21555046501; 4.54501053064672e-07
83297.51875976630; 4.56550954220598e-07
83377.01456959352; 4.40487963138028e-07
83456.51037942074; 4.24716075747288e-07
83759.81358872203; 4.75914670496906e-07
83839.30939854926; 4.72530304475376e-07
83918.80520837648; 4.46364675935016e-07
84222.10841767777; 4.82783549170282e-07
84301.60422750498; 4.89044300096532e-07
84381.10003733222; 4.50077572497262e-07
84684.40324663350; 4.67803529890364e-07
84763.89905646074; 4.49965341482894e-07
85067.20226576203; 4.60612023159168e-07
85146.69807558924; 4.37665640979638e-07
85226.19388541646; 4.50680960152468e-07
85529.49709471775; 4.64144428025349e-07
85608.99290454498; 4.39490028806859e-07
85688.48871437220; 4.19202747908299e-07
85991.79192367349; 4.40473343558881e-07
86071.28773350071; 4.18579199165051e-07
86150.78354332794; 3.70857109506051e-07
86454.08675262923; 4.22783137626550e-07
86533.58256245646; 4.04914649790710e-07
86613.07837228368; 4.19700524874470e-07
86916.38158158497; 4.14762039826221e-07
86995.87739141218; 4.35465756358551e-07
87299.18060071347; 4.16918476195348e-07
87378.67641054071; 4.21838348336578e-07
87458.17222036792; 4.23761160020148e-07
87761.47542966921; 3.97276239950033e-07
87840.97123949643; 4.09157226368963e-07
87920.46704932366; 4.02840746339163e-07
88223.77025862495; 4.07579198630804e-07
88303.26606845218; 4.28913238322354e-07
88382.76187827940; 4.11017356953314e-07
88686.06508758069; 3.81934765889885e-07
88765.56089740791; 3.92691887481365e-07
88845.05670723514; 3.98516888777515e-07
89148.35991653643; 3.48143303443655e-07
89227.85572636365; 4.04417616223945e-07
89307.35153619086; 3.92193423069495e-07
89610.65474549215; 3.97993113295429e-07
89690.15055531939; 3.70694562749499e-07
89993.45376462067; 3.97273927204531e-07
90072.94957444791; 3.79541783998731e-07
90152.44538427512; 4.00272887557181e-07
90455.74859357641; 3.92951269212985e-07
90535.24440340363; 4.01712670268985e-07
90614.74021323086; 3.81888330439025e-07
90918.04342253215; 3.75956724648488e-07
90997.53923235938; 3.82344056835198e-07
91077.03504218659; 3.88052354790568e-07
91380.33825148788; 3.81107764304164e-07
91459.83406131511; 3.57244131358594e-07
91539.32987114234; 3.62931707159354e-07
91842.63308044363; 3.79147790308582e-07
91922.12889027085; 3.59125258478892e-07
92225.43209957212; 3.40230343242966e-07
92304.92790939935; 3.51899040372656e-07
92384.42371922659; 3.63897950135816e-07
92687.72692852787; 3.43739645870559e-07
92767.22273835509; 3.54943365307339e-07
92846.71854818231; 3.53194894759439e-07
93150.02175748360; 3.74585653020524e-07
93229.51756731083; 3.32528033309034e-07
93309.01337713805; 3.38453395019174e-07
93612.31658643934; 3.43017660919758e-07
93691.81239626656; 3.36018715796358e-07
93771.30820609379; 3.03949225106408e-07
94074.61141539508; 3.36541304609256e-07
94154.10722522231; 3.21563556004456e-07
94233.60303504953; 3.15537334910106e-07
94536.90624435082; 3.30171964263317e-07
94616.40205417803; 3.28507594063947e-07
94919.70526347932; 3.28917519908609e-07
94999.20107330655; 2.96024340916749e-07
95078.69688313377; 3.03013744247109e-07
95382.00009243506; 3.08618080613788e-07
95461.49590226228; 3.00076326174148e-07
95540.99171208951; 3.18070712692778e-07
95844.29492139080; 3.10559117841107e-07
95923.79073121803; 3.16171389828827e-07
96003.28654104525; 3.12961730158947e-07
96306.58975034654; 3.11249290607787e-07
96386.08556017376; 3.05647006589817e-07
96465.58137000099; 2.83953943627477e-07
96768.88457930228; 2.76668805357642e-07
96848.38038912950; 2.99918440935608e-07
97151.68359843078; 3.32311629566033e-07
97231.17940825800; 2.99881362794277e-07
97310.67521808523; 2.98450512348866e-07
97613.97842738652; 3.15908353525043e-07
97693.47423721376; 3.17965561088816e-07
97772.97004704097; 2.87263266873117e-07
98076.27325634226; 2.98092110334414e-07
98155.76906616948; 2.93881039001824e-07
98235.26487599671; 2.97652199528813e-07
98538.56808529800; 2.85741469884922e-07
98618.06389512522; 3.01882711373015e-07
98697.55970495244; 2.86030536787056e-07
99000.86291425372; 2.96939952669195e-07
99080.35872408096; 2.95733389873958e-07
99383.66193338225; 2.66376100265736e-07
99463.15774320948; 2.70313897128063e-07
99542.65355303670; 2.66436151964652e-07
99845.95676233798; 2.84155918033605e-07
99925.45257216520; 2.89989564524715e-07
100004.94838199244; 2.66576518004797e-07
100308.25159129372; 2.68401582931915e-07
100387.74740112094; 2.67700030857927e-07
100467.24321094816; 2.75309523718055e-07
100770.54642024945; 2.57657521973200e-07
100850.04223007668; 2.41551073751301e-07
100929.53803990391; 2.34556388244567e-07
101232.84124920520; 2.59954309089085e-07
101312.33705903242; 2.44125064680854e-07
101391.83286885964; 2.67806845193882e-07
101695.13607816093; 2.70459457183673e-07
101774.63188798816; 2.77330564291163e-07
102077.93509728945; 2.52623355145012e-07
102157.43090711666; 2.66375658449582e-07
102236.92671694388; 2.51551867229587e-07
102540.22992624517; 2.27541692565904e-07
102619.72573607240; 2.45047184689700e-07
102699.22154589964; 2.59857113323825e-07
103002.52475520092; 2.53398298884768e-07
103082.02056502814; 2.39406206531272e-07
103161.51637485536; 2.51434766617701e-07
103464.81958415665; 2.46414654209129e-07
103544.31539398388; 2.45064390241699e-07
103623.81120381110; 2.34814170825137e-07
103927.11441311239; 2.04590016464973e-07
104006.61022293961; 2.32734958101842e-07
104309.91343224089; 2.01277618022886e-07
104389.40924206813; 2.08483371129504e-07
104468.90505189536; 2.07213969233020e-07
104772.20826119665; 2.19136824042970e-07
104851.70407102387; 1.95733742938315e-07
104931.19988085108; 2.03069432025928e-07
105234.50309015237; 2.09027643540715e-07
105313.99889997960; 1.71785677286616e-07
105393.49470980682; 1.83915739480765e-07
105696.79791910811; 2.18730939737055e-07
105776.29372893533; 2.04004481936259e-07
105855.78953876256; 1.87411392666394e-07
106159.09274806385; 2.00404889664140e-07
106238.58855789108; 2.01608394630037e-07
106318.08436771830; 1.90766300744446e-07
106621.38757701959; 1.83967791890611e-07
106700.88338684681; 1.82535973284317e-07
107004.18659614809; 1.68462009293281e-07
107083.68240597533; 1.68042196440313e-07
107163.17821580255; 1.83981263823300e-07
107466.48142510383; 1.86679563893829e-07
107545.97723493105; 1.79980302125074e-07
107625.47304475828; 1.91604151689584e-07
107928.77625405957; 1.75044162981089e-07
108008.27206388680; 1.54461323243865e-07
108087.76787371402; 1.66493005477624e-07
108391.07108301530; 1.54392933548739e-07
108470.56689284253; 1.62359448658864e-07
108550.06270266976; 1.84201849062394e-07
108853.36591197104; 1.46586204081106e-07
108932.86172179825; 1.56014123111364e-07
109236.16493109954; 1.73967354311381e-07
109315.66074092677; 1.69588119766106e-07
109395.15655075401; 1.49122175595215e-07
109698.45976005530; 1.64669467268429e-07
109777.95556988251; 1.31176929959816e-07
109857.45137970973; 1.57555012528684e-07
110160.75458901102; 1.31325261145977e-07
110240.25039883825; 1.52640868526774e-07
110319.74620866549; 1.58928284383018e-07
110623.04941796676; 1.58564739799928e-07
110702.54522779398; 1.61535946952848e-07
110782.04103762121; 1.57472121584675e-07
111085.34424692250; 1.58597230824269e-07
111164.84005674973; 1.27107372720630e-07
111244.33586657695; 1.53351120214779e-07
111547.63907587824; 1.62570515794961e-07
111627.13488570545; 1.56337852343447e-07
111930.43809500674; 1.60258739460734e-07
112009.93390483398; 1.57046512742501e-07
112089.42971466121; 1.62787624885322e-07
112392.73292396248; 1.46144356654572e-07
112472.22873378970; 1.89175150727993e-07
112551.72454361693; 1.22937193844668e-07
112855.02775291822; 1.52987571283554e-07
112934.52356274545; 1.42919300095273e-07
113014.01937257267; 1.51148287793079e-07
113317.32258187396; 1.54376030778315e-07
113396.81839170118; 1.53744607455081e-07
113476.31420152841; 1.45135704683997e-07
113779.61741082970; 1.62517061588719e-07
113859.11322065693; 1.52733401270337e-07
114162.41642995820; 1.26353814663993e-07
114241.91223978542; 1.42250041096452e-07
114321.40804961266; 1.55486290431849e-07
114624.71125891394; 1.45325086335715e-07
114704.20706874118; 1.32908958897688e-07
114783.70287856839; 1.42206043346630e-07
115087.00608786968; 1.46932341902334e-07
115166.50189769690; 1.27069770391416e-07
115245.99770752413; 1.54456396423998e-07
115549.30091682542; 1.25669688943340e-07
115628.79672665265; 1.06080132860197e-07
115708.29253647986; 1.10785451006942e-07
116011.59574578115; 1.13106227473211e-07
116091.09155560838; 1.25271480011057e-07
116394.39476490967; 1.46412603867783e-07
116473.89057473690; 1.25138309394603e-07
116553.38638456412; 1.29527441312735e-07
116856.68959386541; 1.37509845854218e-07
116936.18540369262; 1.29865335016713e-07
117015.68121351986; 1.09785040233507e-07
117318.98442282114; 1.57975428417914e-07
117398.48023264838; 1.94280047081013e-07
117477.97604247560; 1.82897921788777e-07
117781.27925177687; 1.76598826904333e-07
117860.77506160410; 1.85027406890256e-07
117940.27087143133; 1.82159583925124e-07
118243.57408073262; 1.74390660337245e-07
118323.06989055984; 1.94090071119046e-07
118402.56570038706; 1.53157174051398e-07
118705.86890968835; 1.59247142454672e-07
118785.36471951558; 1.81346676553513e-07
119088.66792881687; 1.92214456494887e-07
119168.16373864410; 1.85366755808650e-07
119247.65954847132; 1.97988526296489e-07
119550.96275777259; 1.97249115370014e-07
119630.45856759982; 1.82459619999723e-07
119709.95437742706; 1.87463550275578e-07
120013.25758672834; 1.73024543508311e-07
120092.75339655556; 1.77095569982137e-07
120172.24920638278; 1.82869757732779e-07
120475.55241568407; 1.81062535255842e-07
120555.04822551130; 1.83965978801841e-07
120634.54403533853; 1.78595193651060e-07
120937.84724463982; 1.91317487427025e-07
121017.34305446704; 1.88731144974731e-07
121320.64626376831; 1.81148868035594e-07
121400.14207359555; 1.59218900995548e-07
121479.63788342278; 1.59293618130250e-07
121782.94109272407; 1.64611615575228e-07
121862.43690255129; 1.88434027466253e-07
121941.93271237850; 1.88240616980943e-07
122245.23592167979; 1.93661743040346e-07
122324.73173150702; 1.94210956980078e-07
122404.22754133426; 1.95551588279760e-07
122707.53075063555; 2.02496425013777e-07
122787.02656046276; 1.95578730849912e-07
122866.52237028998; 2.15245894939382e-07
123169.82557959127; 2.54368148052176e-07
123249.32138941850; 2.41697782804043e-07
123328.81719924572; 2.56689441966541e-07
123632.12040854701; 2.54232249881956e-07
123711.61621837423; 2.44780995703234e-07
124014.91942767552; 2.46615927940517e-07
124094.41523750275; 2.26196756057933e-07
124173.91104732998; 2.01162346974604e-07
124477.21425663127; 2.19414909634206e-07
124556.71006645849; 2.28531947592825e-07
124636.20587628571; 2.23701946044456e-07
124939.50908558699; 2.39839867786254e-07
125019.00489541421; 2.51525491882285e-07
125098.50070524143; 2.39144698699701e-07
125401.80391454272; 2.48182555855623e-07
125481.29972436995; 2.45072500122057e-07
125560.79553419718; 2.42226214277453e-07
125864.09874349847; 2.32550796051321e-07
125943.59455332569; 2.37568128399188e-07
126246.89776262698; 2.46649579544439e-07
126326.39357245420; 2.42445796939989e-07
126405.88938228143; 2.49761485766633e-07
126709.19259158272; 2.46267281898934e-07
126788.68840140993; 2.25976923604093e-07
126868.18421123715; 2.34607257458275e-07
127171.48742053844; 2.34383241255152e-07
127250.98323036567; 2.18408337715429e-07
127330.47904019291; 2.08855978902352e-07
127633.78224949419; 2.19643274883776e-07
127713.27805932141; 2.23078248184455e-07
127792.77386914863; 2.11418603064096e-07
128096.07707844992; 2.30773183286368e-07
128175.57288827715; 2.19045663651830e-07
128478.87609757844; 2.13077028813409e-07
128558.37190740566; 2.14601561318205e-07
128637.86771723288; 2.05551104803431e-07
128941.17092653416; 2.03570404426491e-07
129020.66673636140; 2.22432058081416e-07
129100.16254618863; 2.14333850721503e-07
129403.46575548992; 2.02059490597960e-07
129482.96156531713; 2.07877929330589e-07
129562.45737514435; 2.01192654435957e-07
129865.76058444564; 1.94016862275093e-07
129945.25639427287; 2.12701143148981e-07
130024.75220410009; 1.84582389603612e-07
130328.05541340138; 1.76779692430881e-07
130407.55122322860; 1.80099031875684e-07
130487.04703305583; 1.90588489649190e-07
130790.35024235712; 1.88550889121222e-07
130869.84605218435; 1.86597065261723e-07
131173.14926148564; 1.89551764821806e-07
131252.64507131287; 1.81306924611570e-07
131332.14088114011; 1.68443829079013e-07
131635.44409044139; 1.84433746491127e-07
131714.93990026863; 1.64768824852886e-07
131794.43571009583; 1.79351560537544e-07
132097.73891939712; 1.81488146066724e-07
132177.23472922435; 1.83200017626595e-07
132256.73053905155; 1.65817045835051e-07
132560.03374835284; 1.65668138406190e-07
132639.52955818007; 1.62014687050405e-07
132719.02536800731; 1.85875451897430e-07
133022.32857730857; 1.56394349622285e-07
133101.82438713580; 1.55231931255534e-07
133405.12759643712; 1.76057982365771e-07
133484.62340626432; 1.73445179025041e-07
133564.11921609155; 1.79845812439387e-07
133867.42242539284; 1.82453652715438e-07
133946.91823522007; 1.66939829039461e-07
134026.41404504728; 1.74441712763639e-07
134329.71725434856; 1.77887492105235e-07
134409.21306417580; 1.67559956047427e-07
134488.70887400303; 1.76832763069072e-07
134792.01208330429; 1.95875832125309e-07
134871.50789313152; 1.71340765574866e-07
134951.00370295875; 1.82017453762809e-07
135254.30691226004; 1.84184604834302e-07
135333.80272208728; 1.75454761815460e-07
135413.29853191448; 1.61188002066624e-07
135716.60174121580; 1.81630925095642e-07
135796.09755104300; 1.72258404054024e-07
136099.40076034429; 1.19113978114822e-07
136178.89657017152; 1.37196897091909e-07
136258.39237999875; 1.53283870759717e-07
136561.69558930001; 1.44495469505936e-07
136641.19139912724; 1.23812130962010e-07
136720.68720895448; 1.45282232320476e-07
137023.99041825577; 1.54288469577849e-07
137103.48622808300; 1.55748086707372e-07
137182.98203791020; 1.53627561767362e-07
137486.28524721152; 1.43888318088606e-07
137565.78105703872; 1.52030957444218e-07
137645.27686686596; 1.40454855852128e-07
137948.58007616724; 1.25899639884618e-07
138028.07588599448; 1.25789249618096e-07
138331.37909529574; 1.20056672496148e-07
138410.87490512297; 1.06414528817185e-07
138490.37071495020; 1.10622970864159e-07
138793.67392425149; 1.41151173082765e-07
138873.16973407872; 1.23623087732869e-07
138952.66554390593; 8.77217747322560e-08
139255.96875320724; 8.61383595187540e-08
139335.46456303445; 9.19684588253960e-08
139414.96037286168; 8.73652441427420e-08
139718.26358216297; 1.10312281402418e-07
139797.75939199020; 1.06898819600978e-07
139877.25520181743; 1.00575499309871e-07
140180.55841111869; 9.65419417277140e-08
140260.05422094592; 1.02867909340002e-07
140339.55003077316; 1.02420396955492e-07
140642.85324007444; 1.07605823088881e-07
140722.34904990165; 5.46250972290490e-08
141025.65225920297; 8.52044159559590e-08
141105.14806903017; 8.00865340333220e-08
141184.64387885740; 8.33840030807000e-08
141487.94708815869; 1.01917112502555e-07
141567.44289798592; 1.04622997701972e-07
141646.93870781315; 9.69099362408770e-08
141950.24191711441; 8.95723811965180e-08
142029.73772694165; 8.56222646842350e-08
142109.23353676888; 8.62241488253260e-08
142412.53674607017; 1.02595633711959e-07
142492.03255589737; 1.01422823147214e-07
142571.52836572460; 1.07084484509449e-07
142874.83157502589; 1.09217012007664e-07
142954.32738485312; 9.64719631101490e-08
143257.63059415441; 1.03976978592516e-07
143337.12640398165; 1.05994985520672e-07
143416.62221380888; 1.14153609865232e-07
143719.92542311014; 8.71458363712120e-08
143799.42123293737; 8.98432835205290e-08
143878.91704276460; 8.85467151567450e-08
144182.22025206589; 9.43367772918640e-08
144261.71606189309; 9.94839046913460e-08
144341.21187172033; 1.24492965940989e-07
144644.51508102161; 1.13402375940438e-07
144724.01089084885; 1.18462371139921e-07
144803.50670067605; 1.18448518843146e-07
145106.80990997737; 1.00973252490064e-07
145186.30571980460; 9.19419407344540e-08
145489.60892910586; 6.44130877190420e-08
145569.10473893309; 6.87559377214660e-08
145648.60054876033; 6.70262759223820e-08
145951.90375806161; 7.78923725095860e-08
146031.39956788882; 7.20357533197880e-08
146110.89537771605; 6.96686949023360e-08
146414.19858701734; 8.62876071356630e-08
146493.69439684457; 6.76457316880870e-08
146573.19020667177; 6.13242763829900e-08
146876.49341597309; 6.25470397419530e-08
146955.98922580032; 6.51573765215060e-08
147035.48503562753; 6.03622264010390e-08
147338.78824492882; 7.70366678212640e-08
147418.28405475605; 6.82623992844600e-08
147497.77986458328; 6.09739001238480e-08
147801.08307388454; 5.51356209550040e-08
147880.57888371177; 5.95340774060800e-08
148183.88209301306; 2.69328313187580e-08
148263.37790284029; 4.33932235182690e-08
148342.87371266750; 5.45708453815740e-08
148646.17692196881; 6.63825667922070e-08
148725.67273179605; 5.54903713703060e-08
148805.16854162325; 5.33660899203710e-08
149108.47175092454; 5.97541720683490e-08
149187.96756075177; 5.25681509459650e-08
149267.46337057900; 6.36159181729850e-08
149570.76657988026; 1.87826150610801e-07
149650.26238970750; 1.96960672235797e-07
149729.75819953473; 2.04748632254687e-07
150033.06140883602; 1.89722706760006e-07
150112.55721866322; 1.95298510946937e-07
150415.86042796451; 2.01351409676390e-07
150495.35623779174; 1.83421221095492e-07
150574.85204761894; 1.67580928595677e-07
150878.15525692026; 1.81347953957106e-07
150957.65106674749; 1.71782872460800e-07
151037.14687657473; 1.37867097285654e-07
151340.45008587599; 1.82608452320484e-07
151419.94589570322; 1.79323026373865e-07
151499.44170553045; 1.79912920809546e-07
151802.74491483174; 1.76382217502440e-07
151882.24072465894; 1.85604738708584e-07
151961.73653448618; 1.81781750283348e-07
152265.03974378746; 2.02078488505947e-07
152344.53555361467; 1.85828689757197e-07
152424.03136344190; 1.78831393980947e-07
152727.33457274322; 1.79173204375639e-07
152806.83038257045; 1.70250658831837e-07
153110.13359187171; 1.90067733742022e-07
153189.62940169894; 1.98830729805065e-07
153269.12521152617; 1.90921410173974e-07
153572.42842082746; 1.84838502687792e-07
153651.92423065467; 1.90235723283772e-07
153731.42004048190; 1.93200837384871e-07
154034.72324978319; 1.53156269463812e-07
154114.21905961039; 1.68025493788328e-07
154193.71486943762; 1.94359407250427e-07
154497.01807873894; 1.92452128529181e-07
154576.51388856617; 1.83593003936902e-07
154656.00969839338; 1.98416408969422e-07
154959.31290769466; 1.94919214301431e-07
155038.80871752190; 1.97355559080771e-07
155342.11192682319; 1.50634371524471e-07
155421.60773665039; 1.52833087024248e-07
155501.10354647762; 1.41401839223368e-07
155804.40675577891; 1.37032290280561e-07
155883.90256560611; 1.32775804160152e-07
155963.39837543335; 1.48223294408827e-07
156266.70158473466; 1.52393510173902e-07
156346.19739456190; 1.44715915697944e-07
156425.69320438910; 1.48548945047578e-07
156728.99641369039; 1.61630658118214e-07
156808.49222351762; 1.51313847626135e-07
156887.98803334485; 1.16148605190026e-07
157191.29124264611; 1.45158864239245e-07
157270.78705247334; 1.54050026147667e-07
157574.09026177463; 1.74028742965490e-07
157653.58607160184; 1.70565155758928e-07
157733.08188142907; 2.01212913565225e-07
158036.38509073039; 2.35499184966802e-07
158115.88090055762; 1.72628966786056e-07
158195.37671038482; 1.90400523239439e-07
158498.67991968611; 1.75312669357521e-07
158578.17572951334; 1.81074713582121e-07
158657.67153934058; 1.75355856168544e-07
158960.97474864183; 1.96215641109474e-07
159040.47055846907; 1.91652364327370e-07
159119.96636829630; 1.85525805257461e-07
159423.26957759756; 1.95356413979391e-07
159502.76538742479; 1.97299772181680e-07
159582.26119725202; 1.74839466513140e-07
159885.56440655334; 1.82303515958772e-07
159965.06021638055; 6.03820742612360e-08
160268.36342568183; 1.47768562411907e-07
160347.85923550907; 1.77658571968438e-07
160427.35504533630; 1.87068205708860e-07
160730.65825463756; 2.07509884573340e-07
160810.15406446479; 2.08100648388731e-07
160889.64987429202; 2.18522784289419e-07
161192.95308359328; 2.25756192025835e-07
161272.44889342051; 2.18954433036923e-07
161351.94470324775; 2.11820977704501e-07
161655.24791254906; 2.18948979564680e-07
161734.74372237627; 2.08207442352302e-07
161814.23953220350; 2.35120800241689e-07
162117.54274150479; 2.40606005873210e-07
162197.03855133202; 2.29099403737082e-07
162500.34176063328; 2.45886125868031e-07
162579.83757046051; 2.44011116220228e-07
162659.33338028775; 2.20168806885559e-07
162962.63658958900; 2.19666868608945e-07
163042.13239941624; 2.32396003778747e-07
163121.62820924347; 2.29645172254155e-07
163424.93141854479; 2.24520564408068e-07
163504.42722837199; 2.44496839099047e-07
163583.92303819922; 2.42022672907302e-07
163887.22624750051; 2.60820427162283e-07
163966.72205732774; 2.52600547225245e-07
164046.21786715495; 2.41866567638519e-07
164349.52107645624; 2.35995932395622e-07
164429.01688628347; 2.39522664414186e-07
164508.51269611070; 2.44732296340628e-07
164811.81590541196; 2.61497033640310e-07
164891.31171523919; 2.55114573219057e-07
165194.61492454051; 2.50285684361319e-07
165274.11073436771; 2.52928558411669e-07
165353.60654419495; 2.74640272003752e-07
165656.90975349623; 2.72619680707286e-07
165736.40556332347; 2.02300668872706e-07
165815.90137315067; 2.22774727459757e-07
166119.20458245196; 2.36996359166388e-07
166198.70039227919; 2.38289746711065e-07
166278.19620210640; 2.91509603181160e-07
166581.49941140768; 3.51318801281980e-07
166660.99522123492; 3.50587963508133e-07
166740.49103106215; 3.51475590744503e-07
167043.79424036341; 4.69425441415341e-07
167123.29005019064; 4.63570807086081e-07
167426.59325949196; 4.60944626723003e-07
167506.08906931919; 4.60229941833891e-07
167585.58487914639; 4.63402777393031e-07
167888.88808844768; 4.44345535594037e-07
167968.38389827491; 4.49693999059764e-07
168047.87970810212; 4.47389148993648e-07
168351.18291740341; 4.44990390414134e-07
168430.67872723064; 4.44677744412637e-07
168510.17453705787; 4.46627131662948e-07
168813.47774635913; 4.46929419672408e-07
168892.97355618636; 4.42519561157906e-07
168972.46936601360; 4.39903457591608e-07
169275.77257531491; 4.39944819530631e-07
169355.26838514212; 4.38021564617733e-07
169658.57159444341; 4.45570395816431e-07
169738.06740427064; 4.39853350799740e-07
169817.56321409784; 3.10794367121170e-07
170120.86642339913; 3.30264026700020e-07
170200.36223322636; 3.89230303375968e-07
170279.85804305359; 4.06249309555832e-07
170583.16125235485; 4.18750485851772e-07
170662.65706218209; 4.27844446138939e-07
170742.15287200932; 4.29552989561323e-07
171045.45608131064; 4.30985706589537e-07
171124.95189113784; 4.31911672212285e-07
171204.44770096507; 4.32247020049459e-07
171507.75091026636; 4.42783586775199e-07
171587.24672009356; 4.46810112966859e-07
171666.74252992080; 4.35926593555321e-07
171970.04573922209; 4.40362502815967e-07
172049.54154904932; 4.39551603720649e-07
172352.84475835058; 4.78896130130470e-07
172432.34056817781; 5.05054053742646e-07
172511.83637800504; 4.67395921402546e-07
172815.13958730636; 4.50548568738953e-07
172894.63539713356; 4.48536648682199e-07
172974.13120696080; 4.46605445331646e-07
173277.43441626208; 4.47832964184828e-07
173356.93022608929; 4.40289640974080e-07
173436.42603591652; 4.41156545488023e-07
173739.72924521781; 4.33174056510193e-07
173819.22505504504; 4.35910195308194e-07
173898.72086487227; 4.33269311806402e-07
174202.02407417353; 4.41658026841005e-07
174281.51988400077; 4.40614054855357e-07
174584.82309330208; 4.37793075716668e-07
174664.31890312929; 4.24985939008479e-07
174743.81471295652; 4.16140844895930e-07
175047.11792225781; 4.26114080167339e-07
175126.61373208501; 4.26779182431539e-07
175206.10954191224; 4.25332030197675e-07
175509.41275121353; 4.32664705026141e-07
175588.90856104076; 4.21845546241644e-07
175668.40437086800; 4.21169727485290e-07
175971.70758016926; 4.34216961399544e-07
176051.20338999649; 4.35417240473965e-07
176130.69919982372; 4.31467730180608e-07
176434.00240912501; 4.58017770162227e-07
176513.49821895224; 4.50188960268652e-07
176592.99402877945; 4.52806633990168e-07
176896.29723808073; 4.45135976706811e-07
176975.79304790797; 4.44163259478204e-07
177279.09625720925; 4.44114503369004e-07
177358.59206703649; 4.43842500795086e-07
177438.08787686372; 4.33239279789889e-07
177741.39108616498; 4.36302874061459e-07
177820.88689599221; 4.34744918543927e-07
177900.38270581944; 4.34826469041532e-07
178203.68591512073; 4.36818318786360e-07
178283.18172494796; 4.38376158010259e-07
178362.67753477517; 4.27667882203211e-07
178665.98074407649; 4.24209331874293e-07
178745.47655390369; 4.17787174967417e-07
178824.97236373089; 2.69935053572942e-07
179128.27557303221; 3.18057455403285e-07
179207.77138285944; 3.81845136229924e-07
179511.07459216070; 3.94045351443332e-07
179590.57040198793; 4.09363391911486e-07
179670.06621181517; 4.15223317406800e-07
179973.36942111645; 4.19158883660960e-07
180052.86523094369; 4.20988421294054e-07
180132.36104077089; 4.31532673954631e-07
180435.66425007221; 4.24920666003510e-07
180515.16005989941; 4.24467992492749e-07
180594.65586972662; 4.23858180640922e-07
180897.95907902793; 4.27928298871715e-07
180977.45488885517; 4.27776519904960e-07
181056.95069868240; 4.30832999575128e-07
181360.25390798366; 4.39268109224490e-07
181439.74971781089; 4.27354296053912e-07
181519.24552763812; 4.32151606501457e-07
181822.54873693941; 4.01393022698344e-07
181902.04454676661; 3.98501901355059e-07
182205.34775606793; 3.98740696038751e-07
182284.84356589513; 3.97864788939666e-07
182364.33937572234; 4.04757292584061e-07
182667.64258502366; 4.27273685643351e-07
182747.13839485086; 4.28490200995317e-07
182826.63420467809; 4.19474655381279e-07
183129.93741397938; 4.12174944988471e-07
183209.43322380661; 4.17248198499679e-07
183288.92903363385; 3.93875562493159e-07
183592.23224293510; 3.98458330445520e-07
183671.72805276234; 3.84981092601117e-07
183751.22386258957; 2.86716988000400e-07
184054.52707189086; 2.83595437332593e-07
184134.02288171806; 2.83104453037485e-07
184437.32609101938; 2.87215673700607e-07
184516.82190084658; 2.83529870415997e-07
184596.31771067381; 2.84277924540264e-07
184899.62091997510; 2.84493069447474e-07
184979.11672980234; 2.84728637063396e-07
185058.61253962957; 2.82808312990699e-07
185361.91574893083; 2.82594905782780e-07
185441.41155875806; 2.78373572538181e-07
185520.90736858529; 2.79433748818834e-07
185824.21057788658; 2.85645346910578e-07
185903.70638771378; 2.84534998613359e-07
185983.20219754102; 2.86445248037933e-07
186286.50540684231; 2.81394176643482e-07
186366.00121666954; 2.77385513755825e-07
186669.30442597083; 2.75922314597940e-07
186748.80023579806; 2.71231920443854e-07
186828.29604562529; 2.66836200484432e-07
187131.59925492655; 2.66236995932380e-07
187211.09506475378; 2.64001729601554e-07
187290.59087458102; 2.63620867863680e-07
187593.89408388230; 2.66316834587957e-07
187673.38989370951; 2.65144088402939e-07
187752.88570353674; 2.69197129140667e-07
188056.18891283803; 2.67800529480017e-07
188135.68472266526; 2.70511708299532e-07
188215.18053249246; 2.68773874093845e-07
188518.48374179378; 2.70915652714846e-07
188597.97955162101; 2.68593313410329e-07
188677.47536144825; 2.67488444126063e-07
188980.77857074951; 2.71366032038777e-07
189060.27438057674; 2.70545582176375e-07
189363.57758987803; 2.70192798910657e-07
189443.07339970523; 2.70593229632087e-07
189522.56920953246; 2.70585225928978e-07
189825.87241883375; 2.70308376963039e-07
189905.36822866098; 2.62478557467220e-07
189984.86403848819; 2.66822113110145e-07
190288.16724778950; 2.73302233999016e-07
190367.66305761674; 2.70443097652986e-07
190447.15886744397; 2.70858224711432e-07
190750.46207674523; 2.66765561755038e-07
190829.95788657246; 2.65468583406962e-07
190909.45369639969; 2.66864500423943e-07
191212.75690570095; 2.58285798689105e-07
191292.25271552819; 2.58565494975222e-07
191595.55592482947; 2.58947142231878e-07
191675.05173465671; 2.60344255348050e-07
191754.54754448391; 2.59676143516228e-07
192057.85075378523; 2.59210061032790e-07
192137.34656361246; 2.60128681022050e-07
192216.84237343969; 2.56510224223217e-07
192520.14558274095; 2.58691668157561e-07
192599.64139256818; 2.59775969621509e-07
192679.13720239542; 2.56857067137111e-07
192982.44041169668; 2.58620480832029e-07
193061.93622152391; 2.56656358541100e-07
193141.43203135114; 2.55897714315548e-07
193444.73524065243; 2.53279930571685e-07
193524.23105047963; 2.57666956445182e-07
193603.72686030687; 2.56216359247547e-07
193907.03006960818; 2.57460878457480e-07
193986.52587943542; 2.56117152075578e-07
194289.82908873667; 2.53093920046059e-07
194369.32489856391; 2.50983662817028e-07
194448.82070839114; 2.49647490368175e-07
194752.12391769240; 2.52861397234862e-07
194831.61972751963; 2.51066448503495e-07
194911.11553734686; 2.52584248301251e-07
195214.41874664815; 2.52147675835472e-07
195293.91455647536; 2.49524561929910e-07
195373.41036630259; 2.48986041147204e-07
195676.71357560391; 2.56624137377939e-07
195756.20938543114; 2.50672896403048e-07
195835.70519525834; 2.54468729115333e-07
196139.00840455963; 2.43393475972279e-07
196218.50421438686; 2.41334573190879e-07
196521.80742368812; 2.37403016459290e-07
196601.30323351535; 2.40332370181265e-07
196680.79904334259; 2.38054147950810e-07
196984.10225264388; 2.28633252650454e-07
197063.59806247108; 2.18312708795948e-07
197143.09387229831; 2.18863549707013e-07
197446.39708159963; 2.21374362233910e-07
197525.89289142686; 2.20370944631778e-07
197605.38870125407; 2.21770473959933e-07
197908.69191055535; 2.25487631308471e-07
197988.18772038259; 2.23402039411948e-07
198067.68353020979; 2.23989156635712e-07
198370.98673951108; 2.21660962101852e-07
198450.48254933831; 2.21036531626229e-07
198753.78575863960; 2.21590481498212e-07
198833.28156846680; 2.23171659989119e-07
198912.77737829403; 2.22681204844207e-07
199216.08058759532; 2.27780879279580e-07
199295.57639742256; 2.20476310584005e-07
199375.07220724976; 2.18909313351355e-07
199678.37541655108; 2.15139024719090e-07
199757.87122637831; 2.12657036725725e-07
199837.36703620551; 2.14371823132103e-07
200140.67024550680; 2.25118425742291e-07
200220.16605533403; 2.25365779619643e-07
200299.66186516127; 2.26528504643681e-07
200602.96507446253; 2.18106026175284e-07
200682.46088428976; 2.19571324606577e-07
200761.95669411699; 2.16131047559933e-07
201065.25990341828; 2.14209376301329e-07
201144.75571324548; 2.14565886949111e-07
201448.05892254680; 2.14856414046420e-07
201527.55473237403; 2.14467002901523e-07
201607.05054220124; 2.13694435717288e-07
201910.35375150252; 2.12108552812712e-07
201989.84956132976; 2.14430309844440e-07
202069.34537115699; 2.12551507310725e-07
202372.64858045825; 2.12479103306383e-07
202452.14439028548; 2.14949239876051e-07
202531.64020011271; 2.12843577600610e-07
202834.94340941400; 2.10348216729668e-07
202914.43921924121; 2.08213682976530e-07
202993.93502906844; 2.06351469400551e-07
203297.23823836975; 2.09349750823958e-07
203376.73404819696; 2.13354529164080e-07
203680.03725749825; 2.11475425082583e-07
203759.53306732548; 2.12545574579293e-07
203839.02887715271; 2.12437295942160e-07
204142.33208645397; 2.14041024764152e-07
204221.82789628120; 2.14414287987542e-07
204301.32370610844; 2.11548171953577e-07
204604.62691540972; 2.16202605947905e-07
204684.12272523693; 2.18107831289747e-07
204763.61853506416; 2.12472485327571e-07
205066.92174436548; 2.13575857395281e-07
205146.41755419268; 2.11230806683039e-07
205225.91336401991; 2.10483040391697e-07
205529.21657332120; 2.00097485884732e-07
205608.71238314844; 2.00353848603345e-07
205688.20819297564; 1.97328185819798e-07
205991.51140227693; 2.03451961872800e-07
206071.00721210416; 2.02126539192430e-07
206374.31042140545; 2.03908042107653e-07
206453.80623123265; 2.06456508424620e-07
206533.30204105988; 2.02347081012816e-07
206836.60525036120; 2.01650812961230e-07
206916.10106018843; 2.00718861413515e-07
206995.59687001564; 2.01634355417335e-07
207298.90007931693; 1.98088372945124e-07
207378.39588914416; 2.01278881087919e-07
207457.89169897136; 2.00592283582378e-07
207761.19490827265; 1.99443741541372e-07
207840.69071809988; 1.97289517239154e-07
207920.18652792712; 1.98001247658051e-07
208223.48973722837; 1.99225045808005e-07
208302.98554705561; 2.00476771713355e-07
208606.28875635692; 1.98319555844300e-07
208685.78456618416; 1.96535161536657e-07
208765.28037601136; 1.95163132648271e-07
209068.58358531265; 1.95710628258403e-07
209148.07939513988; 1.98911386524178e-07
209227.57520496708; 1.99191861142472e-07
209530.87841426837; 1.99746787954613e-07
209610.37422409561; 1.98600249842765e-07
209689.87003392284; 2.00366570841451e-07
209993.17324322410; 1.98219546101948e-07
210072.66905305133; 1.98055541598998e-07
210152.16486287856; 1.98671038827396e-07
210455.46807217988; 2.03388648636019e-07
210534.96388200708; 1.99668188244286e-07
210614.45969183429; 2.00755740893776e-07
210917.76290113560; 1.97400129535747e-07
210997.25871096281; 1.94991799239068e-07
211300.56192026410; 1.86190878965781e-07
211380.05773009133; 1.85120726266071e-07
211459.55353991856; 1.85227966890148e-07
211762.85674921982; 1.86885533518657e-07
211842.35255904705; 1.86684642768375e-07
211921.84836887429; 1.83962235123478e-07
212225.15157817560; 1.89293437131352e-07
212304.64738800281; 1.86631190376495e-07
212384.14319783001; 1.83910237123817e-07
212687.44640713133; 1.87393856266220e-07
212766.94221695853; 1.85745721706907e-07
212846.43802678576; 1.84702780913879e-07
213149.74123608705; 1.80040066169337e-07
213229.23704591428; 1.80213611196074e-07
213532.54025521554; 1.77721529993995e-07
213612.03606504278; 1.76802840101480e-07
213691.53187487001; 1.77032319855212e-07
213994.83508417133; 1.78668373539859e-07
214074.33089399853; 1.79737794537103e-07
214153.82670382573; 1.74936896404668e-07
214457.12991312705; 1.75035483710792e-07
214536.62572295425; 1.73498895958214e-07
214616.12153278149; 1.72159133651356e-07
214919.42474208277; 1.74621660554646e-07
214998.92055191001; 1.71588498579063e-07
215078.41636173721; 1.71547595829428e-07
215381.71957103850; 1.85351547408541e-07
215461.21538086573; 1.87595384049736e-07
215764.51859016702; 1.73481151784923e-07
215844.01439999422; 1.75229396727440e-07
215923.51020982146; 1.71073141321860e-07
216226.81341912277; 1.68313896388959e-07
216306.30922894998; 1.70881387264877e-07
216385.80503877721; 1.71071427641456e-07
216689.10824807850; 1.66627451303868e-07
216768.60405790573; 1.64286595848125e-07
216848.09986773293; 1.65524184712220e-07
217151.40307703422; 1.62014203763540e-07
217230.89888686145; 1.61732691998142e-07
217310.39469668869; 1.62025992178085e-07
217613.69790598995; 1.65323616126011e-07
217693.19371581718; 1.62523557139708e-07
217772.68952564441; 1.64459688003824e-07
218075.99273494570; 1.61573446612451e-07
218155.48854477293; 1.62818837923494e-07
218458.79175407422; 1.62190762230766e-07
218538.28756390145; 1.60720319673395e-07
218617.78337372866; 1.56949622281131e-07
218921.08658302994; 1.60920832800034e-07
219000.58239285718; 1.59768240610998e-07
219080.07820268441; 1.57663931244076e-07
219383.38141198567; 1.54610057551638e-07
219462.87722181290; 1.52976764472656e-07
219542.37303164013; 1.49681624259168e-07
219845.67624094142; 1.52115097911683e-07
219925.17205076866; 1.51764495252956e-07
220004.66786059586; 1.51784315276057e-07
220307.97106989718; 1.48566559711292e-07
220387.46687972438; 1.46546363412322e-07
220690.77008902567; 1.17174037976700e-07
220770.26589885290; 1.16868477853922e-07
220849.76170868013; 1.17461047947832e-07
221153.06491798139; 1.07035866071840e-07
221232.56072780862; 1.05882765446614e-07
221312.05653763586; 1.02659526777272e-07
221615.35974693715; 1.08199542734251e-07
221694.85555676438; 1.07047977290438e-07
221774.35136659158; 1.08710621863628e-07
222077.65457589290; 1.09040431621538e-07
222157.15038572010; 1.08983093396696e-07
222236.64619554734; 1.10495314639692e-07
222539.94940484862; 1.07584817761735e-07
222619.44521467586; 1.06634425876575e-07
222698.94102450309; 1.10738100887980e-07
223002.24423380435; 1.11919274351216e-07
223081.74004363158; 1.09276827692417e-07
223385.04325293287; 1.09998698415375e-07
223464.53906276010; 1.08319406178339e-07
223544.03487258730; 1.08793395756402e-07
223847.33808188862; 1.09196652363895e-07
223926.83389171583; 1.06681564840936e-07
224006.32970154306; 1.04255797882227e-07
224309.63291084435; 1.05734601888851e-07
224389.12872067158; 1.03840509544903e-07
224468.62453049881; 1.05127657002231e-07
224771.92773980007; 1.25257417288735e-07
224851.42354962730; 1.25998424323035e-07
224930.91935945454; 1.27826467954440e-07
225234.22256875582; 1.12630560956266e-07
225313.71837858303; 1.11632926403219e-07
225617.02158788434; 1.03016995181432e-07
225696.51739771155; 1.02283224495984e-07
225776.01320753878; 1.00169896139458e-07
226079.31641684007; 9.38298607247729e-08
226158.81222666730; 9.39521989974419e-08
226238.30803649453; 9.61426402260499e-08
226541.61124579579; 9.20670132518366e-08
226621.10705562303; 9.31714017523796e-08
226700.60286545026; 9.28579302510346e-08
227003.90607475155; 9.50090726691533e-08
227083.40188457875; 9.62135776705063e-08
227162.89769440598; 9.07620417073963e-08
227466.20090370727; 9.67366062939384e-08
227545.69671353450; 9.39630474233584e-08
227848.99992283579; 9.34732405862265e-08
227928.49573266302; 9.26999868296935e-08
228007.99154249026; 9.87068221319885e-08
228311.29475179152; 9.85523737524719e-08
228390.79056161875; 9.87539764182669e-08
228470.28637144598; 9.80999254001339e-08
228773.58958074727; 9.76044870262065e-08
228853.08539057447; 9.43084444099815e-08
228932.58120040171; 9.64141044539585e-08
229235.88440970299; 1.02385406471204e-07
229315.38021953023; 1.04341524221417e-07
229394.87602935743; 1.03053553515780e-07
229698.17923865875; 1.09183072207758e-07
229777.67504848598; 1.10083824354930e-07
229857.17085831318; 1.07560234296939e-07
230160.47406761447; 8.61582824769462e-08
230239.96987744170; 8.65375066655032e-08
230543.27308674299; 8.40677032985199e-08
230622.76889657020; 8.20613020343379e-08
230702.26470639743; 8.59849732890159e-08
231005.56791569872; 8.56604837238984e-08
231085.06372552595; 8.52965770809964e-08
231164.55953535315; 8.62050712449134e-08
231467.86274465447; 8.76762803513929e-08
231547.35855448167; 8.36676689734449e-08
231626.85436430888; 8.67549822038549e-08
231930.15757361019; 8.03822037959858e-08
232009.65338343743; 8.04073929643308e-08
232089.14919326466; 7.99944753352058e-08
232392.45240256592; 7.47291986427929e-08
232471.94821239315; 7.41945226956389e-08
232775.25142169444; 7.47659895779308e-08
232854.74723152167; 7.41427687509688e-08
232934.24304134888; 7.51363988293738e-08
233237.54625065019; 7.73792784391705e-08
233317.04206047740; 7.65763908729605e-08
233396.53787030463; 7.43568898207205e-08
233699.84107960592; 7.64196788784743e-08
233779.33688943315; 7.22709354495753e-08
233858.83269926038; 7.62788913650003e-08
234162.13590856164; 1.01261305310311e-07
234241.63171838888; 9.93726287429103e-08
234321.12752821611; 9.86991874641963e-08
234624.43073751740; 7.89552292930364e-08
234703.92654734460; 7.78095948379624e-08
234783.42235717183; 8.11188453887874e-08
235086.72556647312; 7.19986654887244e-08
235166.22137630035; 7.09034518126514e-08
235469.52458560164; 7.19902113774347e-08
235549.02039542887; 6.77333735019727e-08
235628.51620525611; 7.48043263621617e-08
235931.81941455737; 6.95021652869227e-08
236011.31522438460; 7.21590451283757e-08
236090.81103421183; 7.01950252182857e-08
236394.11424351312; 7.40686848541964e-08
236473.61005334032; 7.15441633401434e-08
236553.10586316756; 7.18056560248254e-08
236856.40907246884; 6.84149565178664e-08
236935.90488229608; 6.70373163794724e-08
237015.40069212328; 6.75345029744974e-08
237318.70390142460; 6.99734274116964e-08
237398.19971125183; 7.39287599249924e-08
237701.50292055309; 6.84400998434870e-08
237780.99873038032; 6.69855964918840e-08
237860.49454020755; 6.59256463141540e-08
238163.79774950884; 6.71357009976130e-08
238243.29355933605; 6.75106368390580e-08
238322.78936916328; 7.15388922271100e-08
238626.09257846457; 8.76561946564080e-08
238705.58838829180; 8.88796867957760e-08
238785.08419811900; 8.81437030567830e-08
239088.38740742032; 8.61266430911360e-08
239167.88321724755; 8.54472486536430e-08
239247.37902707476; 8.66758669530750e-08
239550.68223637604; 7.68745506907454e-08
239630.17804620328; 7.77872438209364e-08
239709.67385603051; 7.48467756885584e-08
240012.97706533177; 7.66192616611434e-08
240092.47287515900; 7.80839744402964e-08
240395.77608446029; 7.42006605247101e-08
240475.27189428752; 7.15385885227521e-08
240554.76770411473; 7.29755240079371e-08
240858.07091341604; 6.95538704601456e-08
240937.56672324328; 6.76978077414706e-08
241017.06253307048; 7.00985373038876e-08
241320.36574237177; 6.89100806955729e-08
241399.86155219900; 6.76421306501259e-08
241479.35736202623; 7.02389609833679e-08
241782.66057132749; 7.03297783853254e-08
241862.15638115472; 6.97740290537114e-08
241941.65219098196; 6.80970779269404e-08
242244.95540028324; 6.39726860158239e-08
242324.45121011045; 6.85818068704089e-08
242627.75441941177; 7.13077950870695e-08
242707.25022923900; 7.37025102639405e-08
242786.74603906620; 7.22555199870875e-08
243090.04924836749; 7.10245526660574e-08
243169.54505819472; 7.15429575037574e-08
243249.04086802196; 6.74360350238744e-08
243552.34407732321; 9.15911297414933e-08
243631.83988715045; 9.08382570242763e-08
243711.33569697768; 9.17630587741313e-08
244014.63890627897; 7.32801808385350e-08
244094.13471610617; 7.33797581998380e-08
244173.63052593340; 7.15453386961230e-08
244476.93373523472; 6.63113903189490e-08
244556.42954506192; 6.87357723192220e-08
244859.73275436321; 6.99348585966155e-08
244939.22856419045; 6.88954480304775e-08
245018.72437401768; 7.04041608145695e-08
245322.02758331894; 6.76081569169648e-08
245401.52339314617; 6.42116108745628e-08
245481.01920297340; 6.44432507748738e-08
245784.32241227469; 6.43372701312839e-08
245863.81822210189; 6.03795367949779e-08
245943.31403192913; 5.91706016686329e-08
246246.61724123044; 5.38927822176685e-08
246326.11305105765; 5.48825899049565e-08
246405.60886088488; 5.50558698144105e-08
246708.91207018617; 5.19142018567069e-08
246788.40788001340; 5.12450936608639e-08
246867.90368984060; 5.17928021651839e-08
247171.20689914189; 5.33064969859409e-08
247250.70270896913; 5.41623652417319e-08
247554.00591827041; 5.54369806103293e-08
247633.50172809762; 5.35713316142663e-08
247712.99753792485; 5.48157299544283e-08
248016.30074722614; 7.37813185821373e-08
248095.79655705334; 7.50369323046063e-08
248175.29236688057; 7.14801881453693e-08
248478.59557618189; 5.66717753911479e-08
248558.09138600912; 5.32089649631469e-08
248637.58719583633; 5.16971159919749e-08
248940.89040513762; 4.38639530595737e-08
249020.38621496485; 4.22622644784027e-08
249099.88202479208; 4.38560806940607e-08
249403.18523409334; 3.86254292424596e-08
249482.68104392057; 4.04598773673126e-08
249785.98425322186; 3.77131663520906e-08
249865.48006304906; 3.35455106184336e-08
249944.97587287630; 3.57284055706586e-08
250248.27908217761; 3.73502612371450e-08
250327.77489200485; 3.92399209667350e-08
250407.27070183205; 3.84046175501600e-08
250710.57391113334; 3.68257160009043e-08
250790.06972096057; 3.40962417759273e-08
250869.56553078780; 3.36556635883613e-08
251172.86874008906; 3.70878271938059e-08
251252.36454991630; 3.81237908217609e-08
251331.86035974353; 3.83353657332089e-08
251635.16356904479; 4.44126836348637e-08
251714.65937887202; 4.36859725966687e-08
251794.15518869925; 4.27562589725597e-08
252097.45839800057; 4.21125896430274e-08
252176.95420782777; 4.30988984020194e-08
252480.25741712906; 3.93191838976549e-08
252559.75322695629; 3.80699457078719e-08
252639.24903678353; 3.63427510844649e-08
252942.55224608479; 3.15136886524374e-08
253022.04805591202; 3.24192901707914e-08
253101.54386573925; 3.67209246214624e-08
253404.84707504051; 6.41578370291475e-08
253484.34288486774; 6.59000987721115e-08
253563.83869469498; 6.69967594116245e-08
253867.14190399629; 5.42870379491564e-08
253946.63771382350; 5.35229179668784e-08
254026.13352365073; 5.16446990544854e-08
254329.43673295202; 4.32152375065359e-08
254408.93254277925; 4.02783548795419e-08
254712.23575208051; 3.64747813441684e-08
254791.73156190774; 4.07375528740134e-08
254871.22737173497; 3.99450923140614e-08
255174.53058103623; 3.53276926307364e-08
255254.02639086347; 3.60891511792694e-08
255333.52220069070; 3.67978547250514e-08
255636.82540999202; 3.33443760121260e-08
255716.32121981922; 3.07025279841260e-08
255795.81702964645; 3.04807386187890e-08
256099.12023894774; 3.06780250362199e-08
256178.61604877497; 3.20466998627199e-08
256258.11185860218; 3.30125703886089e-08
256561.41506790346; 3.04387980140365e-08
256640.91087773070; 3.17462312434515e-08
256944.21408703196; 3.18497281060034e-08
257023.70989685919; 2.91631419139544e-08
257103.20570668642; 2.75198603891424e-08
257406.50891598774; 4.18685695264499e-08
257486.00472581494; 4.22260018844529e-08
257565.50053564218; 4.23506627637599e-08
257868.80374494346; 4.14498089051129e-08
257948.29955477070; 3.98169603478949e-08
258027.79536459790; 4.07175355286229e-08
258331.09857389919; 2.72306977973044e-08
258410.59438372642; 2.81794234899494e-08
258490.09019355365; 2.71758723106344e-08
258793.39340285491; 2.13882637874862e-08
258872.88921268214; 2.17769995255932e-08
258952.38502250938; 2.17698129561092e-08
259255.68823181067; 2.40712865696553e-08
259335.18404163790; 1.93987181835189e-08
259638.48725093919; 1.85370804014256e-08
259717.98306076642; 1.35193349232989e-08
259797.47887059362; 1.23474023652840e-08
260100.78207989491; 1.70340107348309e-08
260180.27788972214; 2.07406490818392e-08
260259.77369954938; 1.76060199069808e-08
260563.07690885063; 1.72250919901631e-08
260642.57271867787; 1.51309696993379e-08
260722.06852850510; 1.08977711037781e-08
261025.37173780639; 7.98094647785761e-09
261104.86754763362; 1.21757060526343e-08
261184.36335746082; 9.90088747717431e-09
261487.66656676214; 1.11361840903369e-08
261567.16237658935; 1.19602478232337e-08
261870.46558589063; 2.97504553802948e-08
261949.96139571787; 2.82883918206815e-08
262029.45720554510; 3.01241275357381e-08
262332.76041484636; 6.24046232431530e-09
262412.25622467359; 7.04471234331370e-09
262491.75203450082; 5.11935345839130e-09
262795.05524380214; -5.81333930932289e-10
262874.55105362937; -2.74016881513910e-09
262954.04686345661; -1.29686119975079e-09
263257.35007275786; -1.20127055812709e-10
263336.84588258510; 1.88991046366040e-09
263416.34169241233; 4.92519612725494e-10
263719.64490171359; -4.12937039680810e-09
263799.14071154082; -7.58799867889796e-10
263878.63652136805; 7.85498863678610e-10
264181.93973066931; 2.23718315872131e-09
264261.43554049655; 2.14673269453460e-09
264564.73874979786; 1.95347070889905e-10
264644.23455962504; 8.17507608372401e-10
264723.73036945227; -3.52145297371495e-10
265027.03357875359; 2.80998802370760e-09
265106.52938858082; 3.95249900015930e-09
265186.02519840805; 2.77788251194930e-09
265489.32840770931; 3.33787806213001e-09
265568.82421753654; -1.24497353823669e-09
265648.32002736372; 5.88409998498406e-10
265951.62323666504; 6.48494133844839e-09
266031.11904649227; 2.62898739217650e-09
266110.61485631950; 3.50994037920989e-09
266413.91806562082; -3.03438454325251e-09
266493.41387544805; 1.91022541045670e-09
266796.71708474931; 2.73079557769080e-08
266876.21289457654; 2.78360722189730e-08
266955.70870440372; 2.75114307505914e-08
267259.01191370504; 5.99315003381650e-09
267338.50772353227; 6.31300221267150e-09
267418.00353335950; 4.48559189793480e-09
267721.30674266076; 1.99635971363211e-09
267800.80255248799; 9.93005704890396e-10
267880.29836231522; 3.61911251514871e-09
268183.60157161648; -5.87858558898206e-10
268263.09738144372; -1.50035551012139e-09
268342.59319127095; -8.17577097827503e-10
268645.89640057227; 3.40968677584860e-09
268725.39221039950; 3.68126291302690e-09
268804.88802022673; 3.14856735076030e-09
269108.19122952799; 5.57095028646900e-09
269187.68703935517; 2.14469280335739e-09
269490.99024865648; 3.54306169238010e-09
269570.48605848372; 4.91258320559841e-09
269649.98186831095; 5.34452641254671e-09
269953.28507761227; 3.79080436899790e-09
270032.78088743950; 4.20354557769459e-09
270112.27669726673; 6.22696685662901e-10
270415.57990656799; 1.42958469766080e-09
270495.07571639516; -1.73759963378250e-09
270574.57152622240; -1.75592611562397e-10
270877.87473552371; -2.19293986542980e-09
270957.37054535095; -8.10231034008104e-10
271036.86635517818; -1.28571269323980e-09
271340.16956447944; 2.01327278318891e-08
271419.66537430667; 2.14528047853624e-08
271722.96858360793; 1.13057501172404e-08
271802.46439343516; 1.37597270269873e-08
271881.96020326240; 1.09734546637388e-08
272185.26341256371; -1.71663196598791e-09
272264.75922239095; -1.43967243013802e-08
272344.25503221818; -2.52492044204380e-08
272647.55824151944; -7.49869316802746e-08
272727.05405134661; -7.96940843372580e-08
272806.54986117384; -7.52867195363146e-08
273109.85307047516; -7.15202921938622e-08
273189.34888030239; -6.97496164055704e-08
273268.84469012963; -6.80497766529521e-08
273572.14789943094; -6.97208475439150e-08
273651.64370925818; -6.79981928913032e-08
273954.94691855944; -6.48013234711883e-08
274034.44272838661; -6.32519662919983e-08
274113.93853821384; -6.51737707692231e-08
274417.24174751516; -6.03827022197374e-08
274496.73755734239; -6.10127019233990e-08
274576.23336716963; -6.15303422543407e-08
274879.53657647088; -5.99370550820064e-08
274959.03238629812; -5.66809853561847e-08
275038.52819612529; -5.45563484732663e-08
275341.83140542661; -5.75792599445859e-08
275421.32721525384; -5.77311367762993e-08
275500.82302508107; -5.79704296471944e-08
275804.12623438239; -6.12091480483971e-08
275883.62204420962; -6.14357132019838e-08
275963.11785403686; -5.84402350610521e-08
276266.42106333806; -3.27585417619085e-08
276345.91687316529; -3.30952836757554e-08
276649.22008246661; -4.99644616391472e-08
276728.71589229384; -4.96970965487688e-08
276808.21170212107; -4.94709007915422e-08
277111.51491142239; -5.62386130913806e-08
277191.01072124962; -5.42577784437605e-08
277270.50653107686; -5.42753276119405e-08
277573.80974037806; -5.94387895270809e-08
277653.30555020529; -5.88951640494893e-08
277732.80136003252; -5.97774141327359e-08
278036.10456933384; -5.36304222904171e-08
278115.60037916107; -5.35835384338563e-08
278195.09618898830; -5.25656603524638e-08
278498.39939828956; -5.80713312954327e-08
278577.89520811674; -5.77456076718427e-08
278881.19841741805; -5.61681820098645e-08
278960.69422724529; -5.46358946691546e-08
279040.19003707252; -5.21394004667911e-08
279343.49324637384; -5.37573579626053e-08
279422.98905620107; -5.48871604761853e-08
279502.48486602830; -5.53625635527819e-08
279805.78807532950; -5.64087756285064e-08
279885.28388515674; -5.54994464698816e-08
279964.77969498397; -5.44436440740153e-08
280268.08290428529; -3.66967653267628e-08
280347.57871411252; -3.58353629931177e-08
280427.07452393975; -4.26182078241211e-08
280730.37773324101; -3.75526999936648e-08
280809.87354306824; -3.53651123853432e-08
280889.36935289542; -3.81365363180732e-08
281192.67256219673; -5.27156561642429e-08
281272.16837202397; -5.33814898782545e-08
281575.47158132528; -5.31876741777878e-08
281654.96739115252; -4.85428924357029e-08
281734.46320097975; -5.05961321442613e-08
282037.76641028101; -4.97186107323392e-08
282117.26222010818; -5.27493660978015e-08
282196.75802993542; -5.07243810462131e-08
282500.06123923673; -4.95446133916916e-08
282579.55704906397; -4.89266158419883e-08
282659.05285889120; -4.77571949291916e-08
282962.35606819252; -4.86532093056392e-08
283041.85187801975; -4.97789205271609e-08
283121.34768784692; -5.45684651876209e-08
283424.65089714818; -4.80454855795198e-08
283504.14670697541; -4.73977317859999e-08
283807.44991627673; -4.27375707873983e-08
283886.94572610396; -4.36480932379690e-08
283966.44153593120; -4.47842758156767e-08
284269.74474523246; -5.00687175956360e-08
284349.24055505969; -5.15901257793528e-08
284428.73636488686; -4.99652158489310e-08
284732.03957418818; -2.71446800369561e-08
284811.53538401541; -2.58008301179028e-08
284891.03119384265; -2.65243674992812e-08
285194.33440314396; -3.80969182558165e-08
285273.83021297120; -3.84078208672264e-08
285353.32602279843; -4.03853322394365e-08
285656.62923209963; -4.36394837290955e-08
285736.12504192686; -4.57214092192223e-08
286039.42825122818; -4.65957269346833e-08
286118.92406105541; -4.69428869917533e-08
286198.41987088264; -4.67776806331083e-08
286501.72308018396; -4.35192599205270e-08
286581.21889001119; -4.39296740337021e-08
286660.71469983837; -4.43745470543487e-08
286964.01790913963; -4.47899424722706e-08
287043.51371896686; -4.67635890033322e-08
287123.00952879409; -4.54461158310640e-08
287426.31273809541; -4.57177571194040e-08
287505.80854792264; -4.56636808683858e-08
287585.30435774988; -4.54503532898857e-08
287888.60756705113; -4.72867478336617e-08
287968.10337687831; -5.08480240311501e-08
288047.59918670554; -4.98667577386485e-08
288350.90239600686; -4.43815560243233e-08
288430.39820583409; -4.44694453621068e-08
288733.70141513541; -4.84162575127320e-08
288813.19722496264; -5.04240377189719e-08
288892.69303478987; -4.98232315774986e-08
289195.99624409107; -4.12659939687662e-08
289275.49205391831; -4.27008151158379e-08
289354.98786374554; -4.62883013246513e-08
289658.29107304686; -2.28851855958856e-08
289737.78688287409; -2.13511226837736e-08
289817.28269270132; -2.10028502871372e-08
290120.58590200264; -4.22229629045334e-08
290200.08171182981; -4.11436749675085e-08
290279.57752165705; -4.23270374477534e-08
290582.88073095831; -5.03536223997263e-08
290662.37654078554; -5.15240251573646e-08
290965.67975008686; -5.09897882093628e-08
291045.17555991409; -5.27333078798762e-08
291124.67136974132; -5.26520182448594e-08
291427.97457904258; -5.42334874174955e-08
291507.47038886975; -5.36668501729572e-08
291586.96619869699; -5.20905771150335e-08
291890.26940799830; -5.15368229462950e-08
291969.76521782554; -4.98170071377283e-08
292049.26102765277; -4.76404812063099e-08
292352.56423695409; -4.91866489422284e-08
292432.06004678132; -4.57924178069567e-08
292511.55585660849; -4.82982477578734e-08
292814.85906590975; -4.48036377052628e-08
292894.35487573699; -4.65087854857394e-08
292973.85068556422; -4.69677506868727e-08
293277.15389486554; -5.26881508348834e-08
293356.64970469277; -5.65789153608517e-08
293659.95291399409; -2.97712062689766e-08
293739.44872382126; -3.10643767491152e-08
293818.94453364849; -2.80971035219102e-08
294122.24774294975; -4.37976925425719e-08
294201.74355277698; -4.07648337852469e-08
294281.23936260422; -4.05031979384003e-08
294584.54257190553; -4.81130841833920e-08
294664.03838173277; -4.98318917975420e-08
294743.53419156000; -5.27096096519104e-08
295046.83740086120; -5.34819521355004e-08
295126.33321068843; -5.21864348515422e-08
295205.82902051567; -5.51656388729105e-08
295509.13222981698; -5.19710940847829e-08
295588.62803964422; -5.01835476139848e-08
295891.93124894553; -5.55349691069027e-08
295971.42705877277; -5.56040626962693e-08
296050.92286859994; -5.41777363241559e-08
296354.22607790120; -5.44957853558268e-08
296433.72188772843; -5.95775981395452e-08
296513.21769755566; -5.79875279021468e-08
296816.52090685698; -6.10617530016266e-08
296896.01671668421; -6.01347269004599e-08
296975.51252651145; -6.06274648612034e-08
297278.81573581265; -6.09794637293291e-08
297358.31154563988; -6.15668856227776e-08
297437.80735546711; -5.95119757772756e-08
297741.11056476843; -4.82002028762670e-08
297820.60637459566; -4.50489599495653e-08
298123.90958389698; -4.29119589067986e-08
298203.40539372421; -4.29716651749786e-08
298282.90120355145; -4.40080068935719e-08
298586.20441285265; -5.33271814032764e-08
298665.70022267988; -5.22141299127497e-08
298745.19603250711; -5.12472106337863e-08
299048.49924180843; -5.55809526180770e-08
299127.99505163566; -5.73314372459753e-08
299207.49086146289; -5.97963682776778e-08
299510.79407076421; -6.28742447307972e-08
299590.28988059139; -6.25755280936789e-08
299669.78569041862; -6.01130445217690e-08
299973.08889971988; -5.47971478190288e-08
300052.58470954711; -5.11666788994438e-08
300132.08051937434; -5.54231563808722e-08
300435.38372867566; -5.64778079496909e-08
300514.87953850289; -5.77226216069992e-08
300818.18274780415; -5.46421874811383e-08
300897.67855763133; -5.76378996024601e-08
300977.17436745856; -5.81170190971634e-08
301280.47757675988; -5.64072930271816e-08
301359.97338658711; -5.32160911749480e-08
301439.46919641434; -5.45678254550132e-08
301742.77240571566; -5.01879549518670e-08
301822.26821554289; -4.81847058828754e-08
301901.76402537007; -4.72317106743954e-08
302205.06723467133; -3.13347608263551e-08
302284.56304449856; -3.31731045671002e-08
302364.05885432579; -3.26678348644751e-08
302667.36206362711; -4.79588855346777e-08
302746.85787345434; -4.92671089388310e-08
303050.16108275566; -5.34456288896188e-08
303129.65689258283; -5.51073736364438e-08
303209.15270241007; -5.53802574102978e-08
303512.45591171132; -5.32638748638037e-08
303591.95172153856; -5.62935277319853e-08
303671.44753136579; -4.89163424832104e-08
303974.75074066711; -5.02265534966201e-08
304054.24655049434; -5.01779170124335e-08
304133.74236032157; -5.22463377734002e-08
304437.04556962277; -4.70608868176378e-08
304516.54137945001; -4.33511010166377e-08
304596.03718927724; -4.72745347063127e-08
304899.34039857856; -5.19906113251717e-08
304978.83620840579; -5.29661700810002e-08
305058.33201823302; -5.13019279078465e-08
305361.63522753434; -5.84147403878398e-08
305441.13103736151; -6.13197598735597e-08
305744.43424666277; -6.17239577373094e-08
305823.93005649000; -5.91662508885078e-08
305903.42586631724; -6.26075588855511e-08
306206.72907561855; -5.46989760841174e-08
306286.22488544579; -5.89349085784642e-08
306365.72069527302; -6.22528315124691e-08
306669.02390457428; -4.41049748297105e-08
306748.51971440151; -4.22189961304857e-08
306828.01552422874; -4.57561783064557e-08
307131.31873353000; -6.14906559471318e-08
307210.81454335724; -6.21109531135678e-08
307290.31035318447; -6.07961769872646e-08
307593.61356248579; -5.49415235056854e-08
307673.10937231302; -5.51068232245022e-08
307976.41258161422; -6.28951515019433e-08
308055.90839144145; -6.14713727867300e-08
308135.40420126868; -6.05882302599517e-08
308438.70741057000; -6.39889719016043e-08
308518.20322039723; -6.44635117376560e-08
308597.69903022447; -6.27672592040678e-08
308901.00223952578; -6.29820347634557e-08
308980.49804935296; -5.98563458212532e-08
309059.99385918019; -6.39892743911990e-08
309363.29706848145; -6.02813183177994e-08
309442.79287830868; -6.15552705565994e-08
309522.28868813592; -6.15427834348611e-08
309825.59189743723; -5.96886963368363e-08
