Time, s; Heat flow, Watt
1720.99265709002; 3.10015635977544e-05
1932.19797344444; 2.13994994227465e-05
2143.40328979886; 2.15512171168640e-05
2354.60860615328; 2.19533302600851e-05
2565.81392250770; 2.20530466047429e-05
2777.01923886212; 2.18799350078118e-05
2988.22455521654; 2.19540587902342e-05
3199.42987157096; 2.22814652998387e-05
3410.63518792538; 2.27810809056100e-05
3621.84050427980; 2.31554972648840e-05
3833.04582063422; 2.38251739834886e-05
4044.25113698864; 2.42943609527343e-05
4255.45645334305; 2.48547694520548e-05
4466.66176969747; 2.52697747973211e-05
4677.86708605189; 2.54654598374633e-05
4889.07240240631; 2.57239853069623e-05
5100.27771876073; 2.56772263574426e-05
5311.48303511515; 2.56263666003700e-05
5522.68835146957; 2.53323666259555e-05
5733.89366782399; 2.54107130614635e-05
5945.09898417841; 2.53034202993865e-05
6156.30430053283; 2.52157335060710e-05
6367.50961688725; 2.50487831392134e-05
6578.71493324167; 2.50180787320248e-05
6789.92024959609; 2.49575832889260e-05
7001.12556595051; 2.49374699340554e-05
7212.33088230493; 2.49730279766697e-05
7423.53619865935; 2.48975148157161e-05
7634.74151501377; 2.48995370279676e-05
7845.94683136819; 2.48154429654208e-05
8057.15214772261; 2.48664036638390e-05
8268.35746407703; 2.47787870273609e-05
8479.56278043145; 2.47088300217319e-05
8690.76809678587; 2.46801352281567e-05
8901.97341314029; 2.47213912279989e-05
9113.17872949471; 2.46644302062654e-05
9324.38404584912; 2.45211091938752e-05
9535.58936220355; 2.45546901551498e-05
9746.79467855796; 2.45056723985335e-05
9957.99999491238; 2.44394902116568e-05
10169.20531126680; 2.43919671054954e-05
10380.41062762122; 2.44132902199910e-05
10591.61594397564; 2.44267724762222e-05
10802.82126033006; 2.43172252388996e-05
11014.02657668448; 2.42193294147049e-05
11225.23189303890; 2.42023589729045e-05
11436.43720939332; 2.41996836700570e-05
11647.64252574774; 2.41569486240313e-05
11858.84784210216; 2.41218605291879e-05
12070.05315845658; 2.40626800045051e-05
12281.25847481100; 2.39566712331491e-05
12492.46379116542; 2.39199825948653e-05
12703.66910751984; 2.39332062349313e-05
12914.87442387426; 2.38834743079886e-05
13126.07974022868; 2.37914303137418e-05
13337.28505658310; 2.37165370831132e-05
13548.49037293752; 2.37193873221412e-05
13759.69568929194; 2.36582288079571e-05
13970.90100564636; 2.35461288650413e-05
14182.10632200078; 2.35336272787124e-05
14393.31163835520; 2.34989840804243e-05
14604.51695470962; 2.34812862336347e-05
14815.72227106403; 2.34040432071543e-05
15026.92758741846; 2.33207509925367e-05
15238.13290377287; 2.32905922241877e-05
15449.33822012729; 2.32256489363256e-05
15660.54353648171; 2.30953208791502e-05
15871.74885283613; 2.31389580566297e-05
16082.95416919055; 2.30077389846021e-05
16294.15948554497; 2.29671295394561e-05
16505.36480189939; 2.29252064991318e-05
16716.57011825381; 2.28786120761750e-05
16927.77543460823; 2.28493363636438e-05
17138.98075096265; 2.27594014179818e-05
17350.18606731707; 2.26931142099757e-05
17561.39138367149; 2.25934247531156e-05
17772.59670002591; 2.25361375128915e-05
17983.80201638033; 2.25136564395269e-05
18195.00733273475; 2.23876871657724e-05
18406.21264908917; 2.23714743532739e-05
18617.41796544359; 2.22885032463365e-05
18828.62328179801; 2.22330273265322e-05
19039.82859815243; 2.22165101924259e-05
19251.03391450685; 2.21248172316518e-05
19462.23923086127; 2.20656845928717e-05
19673.44454721569; 2.19189749939435e-05
19884.64986357011; 2.18120677839934e-05
20095.85517992453; 2.18785054693367e-05
20307.06049627895; 2.17714277957828e-05
20518.26581263337; 2.16913722274923e-05
20729.47112898779; 2.16575521375079e-05
20940.67644534220; 2.15648105646922e-05
21151.88176169663; 2.15372545787312e-05
21363.08707805104; 2.14105370520253e-05
21574.29239440546; 2.13380778956211e-05
21785.49771075988; 2.12597031054676e-05
21996.70302711430; 2.11989905707607e-05
22207.90834346872; 2.11010698430841e-05
22419.11365982314; 2.10485491391477e-05
22630.31897617756; 2.09562372137736e-05
22841.52429253198; 2.08766194788874e-05
23052.72960888640; 2.07375731354448e-05
23263.93492524082; 2.06870086925635e-05
23475.14024159524; 2.06102337701438e-05
23686.34555794966; 2.04275001765067e-05
23897.55087430408; 2.04005988001058e-05
24108.75619065850; 2.03190894864136e-05
24319.96150701292; 2.02094109028573e-05
24531.16682336734; 2.01566874473757e-05
24742.37213972176; 2.00089198329806e-05
24953.57745607618; 1.99464062652603e-05
25164.78277243060; 1.98272939816104e-05
25375.98808878502; 1.97328336889427e-05
25587.19340513943; 1.96555260161327e-05
25798.39872149386; 1.95094289308946e-05
26009.60403784828; 1.94549724526088e-05
26220.80935420269; 1.93589109446213e-05
26432.01467055711; 1.92535532584401e-05
26643.21998691154; 1.91933634641801e-05
26854.42530326595; 1.90651651736611e-05
27065.63061962037; 1.89555153824337e-05
27276.83593597479; 1.88156952143272e-05
27488.04125232921; 1.87869390153556e-05
27699.24656868363; 1.87432352522488e-05
27910.45188503805; 1.85917204739268e-05
28121.65720139247; 1.84947063629416e-05
28332.86251774689; 1.83850408358685e-05
28544.06783410131; 1.82827001863801e-05
28755.27315045573; 1.81839986969027e-05
28966.47846681015; 1.80835411922426e-05
29177.68378316457; 1.79974404809529e-05
29388.88909951899; 1.78806170592533e-05
29600.09441587341; 1.77905203342574e-05
29811.29973222783; 1.77049131748498e-05
30022.50504858225; 1.75186351211619e-05
30233.71036493667; 1.74152309021714e-05
30444.91568129109; 1.73492407750902e-05
30656.12099764551; 1.72434052134347e-05
30867.32631399993; 1.71662592707732e-05
31078.53163035435; 1.70584600383478e-05
31289.73694670877; 1.68965618221473e-05
31500.94226306319; 1.67977040340233e-05
31712.14757941760; 1.67317425954526e-05
31923.35289577203; 1.66643555795196e-05
32134.55821212645; 1.65146045764675e-05
32345.76352848086; 1.64451355693721e-05
32556.96884483528; 1.63608620192388e-05
32768.17416118970; 1.62337237355568e-05
32979.37947754412; 1.61412995667899e-05
33190.58479389854; 1.59987609071564e-05
33401.79011025296; 1.59110872605627e-05
33612.99542660738; 1.57550968068495e-05
33824.20074296180; 1.56047707152721e-05
34035.40605931622; 1.55427314709955e-05
34246.61137567064; 1.54546282919036e-05
34457.81669202506; 1.53308564183834e-05
34669.02200837948; 1.52237773195989e-05
34880.22732473390; 1.51277849364592e-05
35091.43264108832; 1.50119791206344e-05
35302.63795744274; 1.48771276263065e-05
35513.84327379716; 1.47550469808351e-05
35725.04859015158; 1.46906861836869e-05
35936.25390650600; 1.45221764501100e-05
36147.45922286042; 1.43584002633931e-05
36358.66453921483; 1.42761737684062e-05
36569.86985556925; 1.41185835913211e-05
36781.07517192367; 1.40151300887611e-05
36992.28048827810; 1.39193890261779e-05
37203.48580463252; 1.38372394745279e-05
37414.69112098694; 1.37139198654049e-05
37625.89643734135; 1.35464835092043e-05
37837.10175369577; 1.34139659528377e-05
38048.30707005019; 1.33270205141950e-05
38259.51238640461; 1.31350759891939e-05
38470.71770275903; 1.29526108200909e-05
38681.92301911346; 1.28799840649687e-05
38893.12833546787; 1.27646822072852e-05
39104.33365182229; 1.25931050226352e-05
39315.53896817671; 1.25141723906167e-05
39526.74428453113; 1.23595531501068e-05
39737.94960088555; 1.21660924900976e-05
39949.15491723997; 1.20413923969230e-05
40160.36023359439; 1.18923190379778e-05
40371.56554994881; 1.16540869796489e-05
40582.77086630323; 1.15621212622318e-05
40793.97618265765; 1.14065642816039e-05
41005.18149901207; 1.12241110215945e-05
41216.38681536649; 1.11666975348284e-05
41427.59213172091; 1.08698895650811e-05
41638.79744807533; 1.07501857447529e-05
41850.00276442974; 1.06233679940943e-05
42061.20808078416; 1.04347640105331e-05
42272.41339713858; 1.02766378634881e-05
42483.61871349301; 1.00483001630239e-05
42694.82402984743; 9.96539343155945e-06
42906.02934620185; 9.84076285888762e-06
43117.23466255626; 9.77826827972173e-06
43328.43997891068; 9.53778934314705e-06
43539.64529526510; 9.45231597435436e-06
43750.85061161952; 9.25420606945215e-06
43962.05592797394; 9.09598713312069e-06
44173.26124432837; 9.05996671447653e-06
44384.46656068278; 8.91582277990025e-06
44595.67187703720; 8.81857823019190e-06
44806.87719339162; 8.78926263401521e-06
45018.08250974604; 8.84412254064816e-06
45229.28782610046; 8.60967276086181e-06
45440.49314245488; 8.53086297208269e-06
45651.69845880930; 8.43298820817275e-06
45862.90377516372; 8.28905881800808e-06
46074.10909151814; 8.25437223986360e-06
46285.31440787256; 8.13277784464186e-06
46496.51972422698; 8.09275810097183e-06
46707.72504058140; 8.10964871095378e-06
46918.93035693582; 8.12827314784470e-06
47130.13567329023; 8.24564905998141e-06
47341.34098964465; 8.30812612245899e-06
47552.54630599907; 8.27368678312636e-06
47763.75162235350; 8.24187102349366e-06
47974.95693870792; 8.11264228135597e-06
48186.16225506234; 7.92853324683695e-06
48397.36757141675; 7.87222374658880e-06
48608.57288777117; 7.84683668535239e-06
48819.77820412559; 7.75011588501521e-06
49030.98352048001; 7.58670994634947e-06
49242.18883683443; 7.58724490037661e-06
49453.39415318885; 7.45464962925906e-06
49664.59946954327; 7.37141203956452e-06
49875.80478589769; 7.32545348878354e-06
50087.01010225211; 7.17971802346597e-06
50298.21541860653; 7.16265746816026e-06
50509.42073496095; 7.06195751617657e-06
50720.62605131537; 6.94948704745461e-06
50931.83136766979; 6.91018249005507e-06
51143.03668402421; 6.78240712357131e-06
51354.24200037863; 6.67491986416733e-06
51565.44731673305; 6.65430500025671e-06
51776.65263308747; 6.58640552032712e-06
51987.85794944189; 6.45764950535514e-06
52199.06326579631; 6.39098323593477e-06
52410.26858215073; 6.43343117739696e-06
52621.47389850514; 6.24996055611809e-06
52832.67921485956; 6.15198524813698e-06
53043.88453121398; 6.06509075368341e-06
53255.08984756841; 6.01097033888166e-06
53466.29516392283; 5.99507776867765e-06
53677.50048027725; 5.84591965655675e-06
53888.70579663166; 5.85468013578980e-06
54099.91111298608; 5.79444927011487e-06
54311.11642934050; 5.67747139228234e-06
54522.32174569492; 5.67054907752000e-06
54733.52706204934; 5.59118067668987e-06
54944.73237840377; 5.49106549350545e-06
55155.93769475818; 5.42152135611039e-06
55367.14301111260; 5.32901197720341e-06
55578.34832746702; 5.31173586020252e-06
55789.55364382144; 5.26168024116465e-06
56000.75896017586; 5.18777483376183e-06
56211.96427653028; 5.17353555171163e-06
56423.16959288470; 5.07397421755263e-06
56634.37490923912; 5.01557891960082e-06
56845.58022559354; 4.96766779326297e-06
57056.78554194796; 4.89802556411127e-06
57267.99085830238; 4.79440585718555e-06
57479.19617465680; 4.71273051653684e-06
57690.40149101122; 4.73912520542249e-06
57901.60680736564; 4.68565189057771e-06
58112.81212372005; 4.64502174915875e-06
58324.01744007447; 4.55085543609225e-06
58535.22275642890; 4.47140871840207e-06
58746.42807278332; 4.47178990777836e-06
58957.63338913774; 4.40597842659298e-06
59168.83870549215; 4.37363431624931e-06
59380.04402184657; 4.33463393786301e-06
59591.24933820099; 4.26665686976023e-06
59802.45465455541; 4.17830690224843e-06
60013.65997090983; 4.19088953237054e-06
60224.86528726425; 4.12322486351395e-06
60436.07060361867; 4.09856776445486e-06
60647.27591997309; 4.00676976981414e-06
60858.48123632751; 3.99045586848122e-06
61069.68655268193; 3.90100571521206e-06
61280.89186903635; 3.87034987246206e-06
61492.09718539077; 3.85579184551552e-06
61703.30250174519; 3.81229463633830e-06
61914.50781809961; 3.75310064292330e-06
62125.71313445403; 3.70708461370206e-06
62336.91845080845; 3.63291640164395e-06
62548.12376716287; 3.61549433190964e-06
62759.32908351729; 3.58779335519013e-06
62970.53439987171; 3.56546897821435e-06
63181.73971622613; 3.54244563577098e-06
63392.94503258054; 3.48909111250072e-06
63604.15034893496; 3.46235057100469e-06
63815.35566528938; 3.40586786481339e-06
64026.56098164381; 3.37899885066806e-06
64237.76629799823; 3.34315171079084e-06
64448.97161435265; 3.29969937223718e-06
64660.17693070706; 3.27880600468286e-06
64871.38224706148; 3.22163231238781e-06
65082.58756341590; 3.16318268779899e-06
65293.79287977032; 3.17406852500326e-06
65504.99819612474; 3.15003881615646e-06
65716.20351247917; 3.08561835596465e-06
65927.40882883359; 3.05195363604631e-06
66138.61414518801; 3.01640814303862e-06
66349.81946154243; 2.99994761691493e-06
66561.02477789685; 2.97737479817423e-06
66772.23009425127; 2.92463067304399e-06
66983.43541060569; 2.93182316413518e-06
67194.64072696010; 3.05240916418722e-06
67405.84604331452; 3.04444687426877e-06
67617.05135966894; 2.94007166558037e-06
67828.25667602336; 2.97221568779275e-06
68039.46199237778; 2.93799001899510e-06
68250.66730873220; 2.87129478575376e-06
68461.87262508663; 2.87757058653159e-06
68673.07794144105; 2.84165603441064e-06
68884.28325779547; 2.81713734054318e-06
69095.48857414989; 2.79648037808292e-06
69306.69389050431; 2.77377530707513e-06
69517.89920685872; 2.75499554619870e-06
69729.10452321314; 2.71476365593044e-06
69940.30983956756; 2.67078591050403e-06
70151.51515592198; 2.63324998347348e-06
70362.72047227640; 2.60180414979030e-06
70573.92578863082; 2.59560469551899e-06
70785.13110498524; 2.59157807498598e-06
70996.33642133966; 2.55334062698715e-06
71207.54173769407; 2.53496071814444e-06
71418.74705404849; 2.49464823971760e-06
71629.95237040291; 2.46314051413336e-06
71841.15768675733; 2.44735393498225e-06
72052.36300311176; 2.43181560642356e-06
72263.56831946618; 2.39961061171958e-06
72474.77363582060; 2.37007179681742e-06
72685.97895217502; 2.35158932342673e-06
72897.18426852944; 2.25497362238019e-06
73108.38958488386; 2.27157721355558e-06
73319.59490123828; 2.28700130605377e-06
73530.80021759270; 2.25676614433983e-06
73742.00553394711; 2.24606003086200e-06
73953.21085030153; 2.23648808995737e-06
74164.41616665595; 2.17005998243606e-06
74375.62148301037; 2.16381137611410e-06
74586.82679936479; 2.16105586629717e-06
74798.03211571921; 2.15084881315440e-06
75009.23743207363; 2.14070839536324e-06
75220.44274842805; 2.11359300581500e-06
75431.64806478246; 2.09325728893828e-06
75642.85338113690; 2.06490712267470e-06
75854.05869749132; 2.05378085268302e-06
76065.26401384574; 2.03871038728876e-06
76276.46933020015; 2.02549542940401e-06
76487.67464655457; 1.99485756248582e-06
76698.87996290899; 1.98290442447324e-06
76910.08527926341; 1.95016271608277e-06
77121.29059561783; 1.92594455221480e-06
77332.49591197225; 1.93245174264688e-06
77543.70122832667; 1.92228813733052e-06
77754.90654468109; 1.89128425275815e-06
77966.11186103550; 1.84625733248848e-06
78177.31717738992; 1.84496403051274e-06
78388.52249374434; 1.80795100232670e-06
78599.72781009876; 1.82477464031890e-06
78810.93312645318; 1.81840018547870e-06
79022.13844280760; 1.79609556731336e-06
79233.34375916203; 1.77976667233162e-06
79444.54907551645; 1.76486619494070e-06
79655.75439187087; 1.71396079002752e-06
79866.95970822529; 1.72436158547156e-06
80078.16502457971; 1.73647423457154e-06
80289.37034093413; 1.71622625150207e-06
80500.57565728854; 1.68549965131396e-06
80711.78097364296; 1.66945743213671e-06
80922.98628999738; 1.65422338642056e-06
81134.19160635180; 1.65951392599260e-06
81345.39692270622; 1.63685874251296e-06
81556.60223906064; 1.62997105948555e-06
81767.80755541506; 1.61869986530386e-06
81979.01287176948; 1.59616843828747e-06
82190.21818812389; 1.55675386825543e-06
82401.42350447831; 1.57774177969887e-06
82612.62882083273; 1.57455144097650e-06
82823.83413718715; 1.53307630691375e-06
83035.03945354158; 1.52764288296596e-06
83246.24476989600; 1.52213408297157e-06
83457.45008625042; 1.48918860822421e-06
83668.65540260484; 1.49255217557891e-06
83879.86071895926; 1.48965659428282e-06
84091.06603531368; 1.48550097680692e-06
84302.27135166810; 1.48437260699862e-06
84513.47666802251; 1.45851402971411e-06
84724.68198437693; 1.43553183466448e-06
84935.88730073135; 1.42499653498887e-06
85147.09261708577; 1.40056010340818e-06
85358.29793344019; 1.41174464120674e-06
85569.50324979461; 1.41084063728881e-06
85780.70856614903; 1.39215448727322e-06
85991.91388250345; 1.38211027792306e-06
86203.11919885786; 1.37407447000676e-06
86414.32451521228; 1.32701167851699e-06
86625.52983156672; 1.34302535681661e-06
86836.73514792114; 1.33833878429647e-06
87047.94046427555; 1.33527093623150e-06
87259.14578062997; 1.31330056932410e-06
87470.35109698439; 1.27126710625682e-06
87681.55641333881; 1.27866289209763e-06
87892.76172969323; 1.29939690831680e-06
88103.96704604765; 1.29358191062798e-06
88315.17236240207; 1.27993047696126e-06
88526.37767875649; 1.27297189885985e-06
88737.58299511090; 1.26608267564798e-06
88948.78831146532; 1.25574406842956e-06
89159.99362781974; 1.24863187023181e-06
89371.19894417416; 1.23376009378049e-06
89582.40426052858; 1.22581249254440e-06
89793.60957688300; 1.20998171849570e-06
90004.81489323742; 1.17498444829256e-06
90216.02020959185; 1.18389876559431e-06
90427.22552594627; 1.19796456858851e-06
90638.43084230069; 1.18221785969014e-06
90849.63615865511; 1.17920432045748e-06
91060.84147500953; 1.17320388576247e-06
91272.04679136394; 1.15434103874133e-06
91483.25210771836; 1.13270162561945e-06
91694.45742407278; 1.14352616740035e-06
91905.66274042720; 1.13505195445848e-06
92116.86805678162; 1.13058374151629e-06
92328.07337313604; 1.12734582856989e-06
92539.27868949046; 1.11788172341661e-06
92750.48400584488; 1.10849295140695e-06
92961.68932219929; 1.09833190929437e-06
93172.89463855371; 1.09115389507432e-06
93384.09995490813; 1.09316509166578e-06
93595.30527126255; 1.09932489072531e-06
93806.51058761698; 1.09021331396059e-06
94017.71590397140; 1.05388712749918e-06
94228.92122032582; 1.05206084456386e-06
94440.12653668024; 1.06006160831737e-06
94651.33185303466; 1.06430565674300e-06
94862.53716938908; 1.05441852859105e-06
95073.74248574350; 1.04527748637765e-06
95284.94780209791; 1.02323495594023e-06
95496.15311845233; 1.01393737455797e-06
95707.35843480675; 1.02103555543824e-06
95918.56375116117; 1.02027657909520e-06
96129.76906751559; 1.01858902041514e-06
96340.97438387001; 1.01019046444972e-06
96552.17970022443; 9.83972051288994e-07
96763.38501657885; 9.60802531406812e-07
96974.59033293327; 9.80273351903599e-07
97185.79564928768; 9.80448693844592e-07
97397.00096564212; 9.74257104506890e-07
97608.20628199654; 9.78102133202654e-07
97819.41159835095; 9.67533739076214e-07
98030.61691470537; 9.48739511606272e-07
98241.82223105979; 9.50167803768584e-07
98453.02754741421; 9.13549728942223e-07
98664.23286376863; 9.21763637950739e-07
98875.43818012305; 9.18276494990391e-07
99086.64349647747; 9.19781216320043e-07
99297.84881283189; 8.97750197718181e-07
99509.05412918630; 8.96149904510843e-07
99720.25944554072; 9.08407415977494e-07
99931.46476189514; 9.14586082443992e-07
100142.67007824956; 9.09040476954328e-07
100353.87539460398; 9.01219235037090e-07
100565.08071095840; 8.82778060050340e-07
100776.28602731282; 8.58168414547261e-07
100987.49134366725; 8.72587694758963e-07
101198.69666002167; 8.59696376063618e-07
101409.90197637609; 8.66877686384619e-07
101621.10729273051; 8.59113499415303e-07
101832.31260908493; 8.53591072705009e-07
102043.51792543934; 8.21276619816572e-07
102254.72324179376; 8.25097550139931e-07
102465.92855814818; 8.26952210186220e-07
102677.13387450260; 8.28299555325105e-07
102888.33919085702; 8.25366138768548e-07
103099.54450721144; 8.17486183828445e-07
103310.74982356586; 8.03257626470614e-07
103521.95513992028; 7.91224668560393e-07
103733.16045627469; 7.98563996360369e-07
103944.36577262911; 7.96082858223743e-07
104155.57108898353; 7.93136007622327e-07
104366.77640533795; 7.88879600347051e-07
104577.98172169238; 7.69660169982197e-07
104789.18703804680; 7.50862901785633e-07
105000.39235440122; 7.73356915792404e-07
105211.59767075564; 7.68172670535772e-07
105422.80298711006; 7.58567675988636e-07
105634.00830346448; 7.57557756950966e-07
105845.21361981890; 7.55327363057171e-07
106056.41893617332; 7.38729928091262e-07
106267.62425252773; 7.46522651658380e-07
106478.82956888215; 7.44300453254496e-07
106690.03488523657; 7.41836358628639e-07
106901.24020159099; 7.39300239627453e-07
107112.44551794541; 7.29749910335070e-07
107323.65083429983; 7.09062000873961e-07
107534.85615065425; 7.03250193441076e-07
107746.06146700867; 7.12429613686975e-07
107957.26678336308; 7.14683172952911e-07
108168.47209971752; 7.12983258590452e-07
108379.67741607194; 7.05807656151496e-07
108590.88273242635; 6.78948098994752e-07
108802.08804878077; 6.64214117827486e-07
109013.29336513519; 6.86123147118024e-07
109224.49868148961; 6.89198952804225e-07
109435.70399784403; 6.86186413025515e-07
109646.90931419845; 6.85447200196616e-07
109858.11463055287; 6.84393460361066e-07
110069.31994690729; 6.71702751037182e-07
110280.52526326170; 6.71607361427946e-07
110491.73057961612; 6.67526504773113e-07
110702.93589597054; 6.42001367537282e-07
110914.14121232496; 6.29898783957936e-07
111125.34652867938; 6.39091340099741e-07
111336.55184503380; 6.28374587108841e-07
111547.75716138822; 6.29479762492434e-07
111758.96247774265; 6.36230277845346e-07
111970.16779409707; 6.42606055322480e-07
112181.37311045149; 6.43521222681148e-07
112392.57842680591; 6.38715218838972e-07
112603.78374316033; 6.28505521738494e-07
112814.98905951474; 6.03147941043037e-07
113026.19437586916; 6.17351029115920e-07
113237.39969222358; 6.17543240264001e-07
113448.60500857800; 6.20367868898939e-07
113659.81032493242; 5.98634167318250e-07
113871.01564128684; 5.98134468409007e-07
114082.22095764126; 5.75795277389188e-07
114293.42627399568; 5.86829773691628e-07
114504.63159035009; 5.93344776301533e-07
114715.83690670451; 5.95036695081849e-07
114927.04222305893; 5.96315030601695e-07
115138.24753941335; 5.89633069164778e-07
115349.45285576778; 5.67740870706799e-07
115560.65817212220; 5.54938044845822e-07
115771.86348847662; 5.61908708433834e-07
115983.06880483104; 5.55558756823660e-07
116194.27412118546; 5.33525918758332e-07
116405.47943753988; 5.19078748439759e-07
116616.68475389430; 5.15214146978045e-07
116827.89007024872; 4.99037141969300e-07
117039.09538660313; 4.97118240568739e-07
117250.30070295755; 4.85698052283330e-07
117461.50601931197; 4.76744667144373e-07
117672.71133566639; 4.74927423937214e-07
117883.91665202081; 4.76775141965114e-07
118095.12196837523; 4.41436444360519e-07
118306.32728472965; 4.48208918375982e-07
118517.53260108407; 4.57578069006536e-07
118728.73791743848; 4.71629276209316e-07
118939.94323379292; 4.70042348267672e-07
119151.14855014734; 4.86963328519524e-07
119362.35386650175; 4.88125067421275e-07
119573.55918285617; 4.91338325793887e-07
119784.76449921059; 5.26558686433966e-07
119995.96981556501; 5.43384414127891e-07
120207.17513191943; 5.46446259384687e-07
120418.38044827385; 5.52104403362224e-07
120629.58576462827; 5.48460040998471e-07
120840.79108098269; 5.38352518646570e-07
121051.99639733711; 5.34662115977499e-07
121263.20171369152; 5.35677902431731e-07
121474.40703004594; 5.27075761916468e-07
121685.61234640036; 5.11562836134068e-07
121896.81766275478; 5.16828987364182e-07
122108.02297910920; 4.88781824694500e-07
122319.22829546362; 4.94212854671552e-07
122530.43361181805; 5.08849601007786e-07
122741.63892817247; 4.84147725726706e-07
122952.84424452689; 4.95611004196266e-07
123164.04956088131; 5.00723947424977e-07
123375.25487723573; 4.93662540055636e-07
123586.46019359014; 4.91097473401119e-07
123797.66550994456; 4.90121834792701e-07
124008.87082629898; 4.96113384181728e-07
124220.07614265340; 4.83007610798962e-07
124431.28145900782; 4.80951325476414e-07
124642.48677536224; 4.84822379442280e-07
124853.69209171666; 4.51212573526521e-07
125064.89740807108; 4.57451894165976e-07
125276.10272442549; 4.70527462595585e-07
125487.30804077991; 4.74114140843564e-07
125698.51335713433; 4.78160335363733e-07
125909.71867348875; 4.73895242580561e-07
126120.92398984318; 4.59105585880204e-07
126332.12930619760; 4.47680273600591e-07
126543.33462255202; 4.58857722781795e-07
126754.53993890644; 4.61984325406143e-07
126965.74525526086; 4.48943234843073e-07
127176.95057161528; 4.46409895340747e-07
127388.15588796970; 4.55443498390006e-07
127599.36120432412; 4.53547523962422e-07
127810.56652067853; 4.48988933986516e-07
128021.77183703295; 4.47005706976184e-07
128232.97715338737; 4.42925473684255e-07
128444.18246974179; 4.43326804888655e-07
128655.38778609621; 4.42710725568143e-07
128866.59310245063; 4.20077478092946e-07
129077.79841880505; 4.28694369174598e-07
129289.00373515947; 4.33359043309934e-07
129500.20905151388; 4.24242241712193e-07
129711.41436786832; 4.23425019238733e-07
129922.61968422274; 4.32014836789701e-07
130133.82500057716; 4.26275078631480e-07
130345.03031693157; 4.01132434102941e-07
130556.23563328599; 4.11010260913844e-07
130767.44094964041; 4.13662237924631e-07
130978.64626599483; 4.16313545208210e-07
131189.85158234922; 4.17309174627238e-07
131401.05689870365; 4.14052638678269e-07
131612.26221505806; 3.91699445397096e-07
131823.46753141249; 3.96966506042234e-07
132034.67284776689; 3.98864666250917e-07
132245.87816412133; 3.93720975241567e-07
132457.08348047573; 3.98726931547904e-07
132668.28879683017; 3.96400876454888e-07
132879.49411318460; 3.94837815919749e-07
133090.69942953900; 3.92071501558173e-07
133301.90474589344; 3.96689910419795e-07
133513.11006224784; 3.85682252728538e-07
133724.31537860227; 3.84785858430484e-07
133935.52069495668; 3.82603890605324e-07
134146.72601131111; 3.79598886252959e-07
134357.93132766552; 3.59055827795504e-07
134569.13664401995; 3.69600486770442e-07
134780.34196037435; 3.58995821276528e-07
134991.54727672879; 3.38286063398110e-07
135202.75259308322; 3.65568332224666e-07
135413.95790943762; 3.75853539419821e-07
135625.16322579206; 3.54382693962870e-07
135836.36854214646; 3.50725828538363e-07
136047.57385850089; 3.59277336134612e-07
136258.77917485530; 3.57276541046345e-07
136469.98449120973; 3.58739007200343e-07
136681.18980756414; 3.58379245733634e-07
136892.39512391857; 3.60034374754244e-07
137103.60044027297; 3.35195178186653e-07
137314.80575662741; 3.28639950159519e-07
137526.01107298181; 3.47440865383351e-07
137737.21638933624; 3.47918706899259e-07
137948.42170569065; 3.45809022734673e-07
138159.62702204508; 3.41611165452778e-07
138370.83233839949; 3.38701571617612e-07
138582.03765475392; 3.46071055920625e-07
138793.24297110835; 3.42005491215013e-07
139004.44828746276; 3.35768572204152e-07
139215.65360381719; 3.28171449325911e-07
139426.85892017159; 3.30023796195604e-07
139638.06423652603; 3.28339238955086e-07
139849.26955288043; 2.89948881342725e-07
140060.47486923487; 3.12384754613221e-07
140271.68018558927; 3.16405925275895e-07
140482.88550194370; 3.19995457700785e-07
140694.09081829811; 3.25330867065154e-07
140905.29613465254; 3.25127272209455e-07
141116.50145100694; 3.04085547869273e-07
141327.70676736138; 3.00905474860366e-07
141538.91208371578; 3.10789883334232e-07
141750.11740007022; 3.14990673730822e-07
141961.32271642462; 3.04800162254177e-07
142172.52803277905; 3.05432878243199e-07
142383.73334913349; 2.88609585455956e-07
142594.93866548789; 2.79188477427687e-07
142806.14398184232; 2.96072566921182e-07
143017.34929819673; 3.00559367011255e-07
143228.55461455116; 3.00405979224815e-07
143439.75993090557; 2.94165272892404e-07
143650.96524726000; 2.94776213145677e-07
143862.17056361440; 2.85238943896003e-07
144073.37587996884; 2.86756533566593e-07
144284.58119632324; 2.90287649377680e-07
144495.78651267767; 2.84829533036935e-07
144706.99182903208; 2.82796152765692e-07
144918.19714538651; 2.71312809159534e-07
145129.40246174092; 2.74330096558839e-07
145340.60777809535; 2.78547851992861e-07
145551.81309444975; 2.78714756018746e-07
145763.01841080419; 2.76100725223485e-07
145974.22372715862; 2.78684662223275e-07
146185.42904351302; 2.77511736753394e-07
146396.63435986746; 2.76962870925122e-07
146607.83967622186; 2.48364432515837e-07
146819.04499257630; 2.58494246563348e-07
147030.25030893070; 2.68482790893949e-07
147241.45562528513; 2.67839091856185e-07
147452.66094163954; 2.54042498838216e-07
147663.86625799397; 2.55826523032775e-07
147875.07157434837; 2.30980086812480e-07
148086.27689070281; 2.29499486285141e-07
148297.48220705721; 2.52697851772016e-07
148508.68752341165; 2.57158215440119e-07
148719.89283976605; 2.61427252876023e-07
148931.09815612048; 2.59786199299548e-07
149142.30347247489; 2.59214040680711e-07
149353.50878882932; 2.44964216152243e-07
149564.71410518375; 2.54112586118444e-07
149775.91942153816; 2.57280321192146e-07
149987.12473789259; 2.47005824133729e-07
150198.33005424700; 2.47023863850536e-07
150409.53537060143; 2.45360930420385e-07
150620.74068695583; 2.46599029058764e-07
150831.94600331027; 2.49292037939530e-07
151043.15131966467; 2.51939061673754e-07
151254.35663601910; 2.50427418739617e-07
151465.56195237351; 2.49063072395841e-07
151676.76726872794; 2.38586830043642e-07
151887.97258508235; 2.38153392454324e-07
152099.17790143678; 2.04481281769671e-07
152310.38321779118; 2.31831619912007e-07
152521.58853414562; 2.30408768138740e-07
152732.79385050002; 2.24781889605700e-07
152943.99916685445; 2.32556748442959e-07
153155.20448320889; 2.31283945431320e-07
153366.40979956329; 2.23942639710840e-07
153577.61511591772; 2.27987558617376e-07
153788.82043227213; 2.25684872997528e-07
154000.02574862656; 2.23208284296986e-07
154211.23106498097; 2.22803181241819e-07
154422.43638133540; 2.22631882005502e-07
154633.64169768980; 2.21920509392878e-07
154844.84701404424; 2.13878597925845e-07
155056.05233039864; 2.05318942980558e-07
155267.25764675307; 2.06726960085359e-07
155478.46296310748; 2.18390275528527e-07
155689.66827946191; 2.21206193181510e-07
155900.87359581632; 2.15060264137938e-07
156112.07891217075; 1.87268841121869e-07
156323.28422852515; 1.95357330645563e-07
156534.48954487959; 2.05363737744022e-07
156745.69486123402; 2.08914090958510e-07
156956.90017758842; 2.06682847303559e-07
157168.10549394286; 2.02793894680970e-07
157379.31081029726; 1.97926631837821e-07
157590.51612665170; 1.78910576933556e-07
157801.72144300610; 1.87935348210777e-07
158012.92675936053; 1.95724515826071e-07
158224.13207571494; 1.97744658573803e-07
158435.33739206937; 1.94029677730098e-07
158646.54270842377; 1.95608180539349e-07
158857.74802477821; 1.88815395633723e-07
159068.95334113261; 1.90344442790528e-07
159280.15865748705; 1.93428990381019e-07
159491.36397384145; 1.87796588774594e-07
159702.56929019588; 1.89034018323631e-07
159913.77460655029; 1.91729020371500e-07
160124.97992290472; 1.78557219331543e-07
160336.18523925915; 1.53461735279382e-07
160547.39055561356; 1.57194123522456e-07
160758.59587196799; 1.69756745692873e-07
160969.80118832240; 1.82499323325276e-07
161181.00650467683; 1.83471413737293e-07
161392.21182103123; 1.85049964552722e-07
161603.41713738567; 1.58185134154007e-07
161814.62245374007; 1.66617686544516e-07
162025.82777009450; 1.77436946727385e-07
162237.03308644891; 1.76009695903555e-07
162448.23840280334; 1.76800151878632e-07
162659.44371915775; 1.68386409185679e-07
162870.64903551218; 1.56946323312216e-07
163081.85435186658; 1.55215591023026e-07
163293.05966822102; 1.65301053499307e-07
163504.26498457542; 1.66590147211666e-07
163715.47030092985; 1.63900163674125e-07
163926.67561728426; 1.62182599781573e-07
164137.88093363869; 1.68104757870374e-07
164349.08624999312; 1.57237578065943e-07
164560.29156634753; 1.57802827677504e-07
164771.49688270196; 1.58282516330016e-07
164982.70219905637; 1.73483872488773e-07
165193.90751541080; 1.74355105233482e-07
165405.11283176520; 1.55446479440975e-07
165616.31814811964; 1.49738343125476e-07
165827.52346447404; 1.33922272644993e-07
166038.72878082847; 1.61327441930711e-07
166249.93409718288; 1.68100805225633e-07
166461.13941353731; 1.62310889150456e-07
166672.34472989172; 1.62555612209416e-07
166883.55004624615; 1.61271298147691e-07
167094.75536260055; 1.50085776176461e-07
167305.96067895499; 1.50025487462799e-07
167517.16599530939; 1.53080001857317e-07
167728.37131166382; 1.50599723710499e-07
167939.57662801826; 1.37554033139318e-07
168150.78194437266; 1.47963988648734e-07
168361.98726072710; 1.53776260060378e-07
168573.19257708150; 1.44740005205269e-07
168784.39789343593; 1.47010937116095e-07
168995.60320979034; 1.45213240901633e-07
169206.80852614477; 1.42898649977395e-07
169418.01384249917; 1.47163681206992e-07
169629.21915885361; 1.41012301560132e-07
169840.42447520801; 1.39735436194247e-07
170051.62979156245; 1.30016623654106e-07
170262.83510791685; 1.26391246589988e-07
170474.04042427128; 1.19412837755997e-07
170685.24574062569; 1.30742116370165e-07
170896.45105698012; 1.34624959059949e-07
171107.65637333452; 1.34088386982080e-07
171318.86168968896; 1.33579944449396e-07
171530.06700604339; 1.33024353204373e-07
171741.27232239780; 1.37400379064227e-07
171952.47763875223; 1.31150587263950e-07
172163.68295510663; 1.26108863955089e-07
172374.88827146107; 1.25919939346406e-07
172586.09358781547; 1.25892113852380e-07
172797.29890416990; 1.25468580914235e-07
173008.50422052431; 9.85919953115137e-08
173219.70953687874; 1.14439250604421e-07
173430.91485323315; 1.19472594223359e-07
173642.12016958758; 1.20332768450998e-07
173853.32548594198; 1.25729285876249e-07
174064.53080229642; 1.15253354572681e-07
174275.73611865082; 1.17784137252372e-07
174486.94143500525; 1.14740872955791e-07
174698.14675135966; 1.02017934463168e-07
174909.35206771409; 1.01016885432866e-07
175120.55738406852; 1.04288597776503e-07
175331.76270042293; 1.03229193572054e-07
175542.96801677736; 8.37630993353900e-08
175754.17333313177; 9.76870506971721e-08
175965.37864948620; 1.11417120747336e-07
176176.58396584060; 1.06477729371897e-07
176387.78928219504; 1.04702532211399e-07
176598.99459854944; 1.04645836129812e-07
176810.19991490387; 1.04522673176712e-07
177021.40523125828; 1.11392684540321e-07
177232.61054761271; 1.03353671431764e-07
177443.81586396712; 9.53314027136624e-08
177655.02118032155; 8.96306770231366e-08
177866.22649667595; 9.04947786064430e-08
178077.43181303039; 7.89618246485548e-08
178288.63712938479; 9.02163055787430e-08
178499.84244573922; 9.65499659684670e-08
178711.04776209366; 9.72618728747181e-08
178922.25307844806; 9.77006876607342e-08
179133.45839480250; 1.02519400594087e-07
179344.66371115690; 9.53804095729955e-08
179555.86902751133; 8.97421767218641e-08
179767.07434386574; 1.05788011888912e-07
179978.27966022017; 1.06285725795118e-07
180189.48497657457; 1.04428542185930e-07
180400.69029292901; 9.12830542948604e-08
180611.89560928341; 9.75726935163715e-08
180823.10092563785; 9.95741827402968e-08
181034.30624199225; 9.96922242522831e-08
181245.51155834668; 1.09260935629066e-07
181456.71687470109; 9.65237485300127e-08
181667.92219105552; 1.02068379711603e-07
181879.12750740992; 1.02072604831686e-07
182090.33282376436; 1.01697427860736e-07
182301.53814011879; 1.10484370031695e-07
182512.74345647320; 1.02340482948049e-07
182723.94877282763; 9.86970358542343e-08
182935.15408918203; 8.57008240540286e-08
183146.35940553647; 1.11601008555730e-07
183357.56472189087; 2.00695524142767e-07
183568.77003824530; 2.00391098178461e-07
183779.97535459971; 2.01103347122525e-07
183991.18067095414; 1.99506043309683e-07
184202.38598730855; 1.98495789163100e-07
184413.59130366298; 2.01393028811555e-07
184624.79662001738; 1.94696082761037e-07
184836.00193637182; 1.93165233802421e-07
185047.20725272622; 1.91045780051670e-07
185258.41256908065; 1.88825920196231e-07
185469.61788543506; 1.97975799428399e-07
185680.82320178949; 1.80452887158501e-07
185892.02851814392; 1.77202226284462e-07
186103.23383449833; 1.80844008068588e-07
186314.43915085276; 1.78888430969628e-07
186525.64446720717; 1.85697864907950e-07
186736.84978356160; 1.82174805637282e-07
186948.05509991600; 1.84229256240079e-07
187159.26041627044; 1.78636469809261e-07
187370.46573262484; 1.83419324304210e-07
187581.67104897927; 1.87589404239050e-07
187792.87636533368; 1.80756686276987e-07
188004.08168168811; 1.81296517292122e-07
188215.28699804252; 1.74501130266235e-07
188426.49231439695; 1.73021120544077e-07
188637.69763075135; 1.71246501056860e-07
188848.90294710579; 1.61815303678313e-07
189060.10826346019; 1.82487097815593e-07
189271.31357981462; 2.90854364034982e-07
189482.51889616906; 2.96378603058615e-07
189693.72421252346; 2.98625771405977e-07
189904.92952887790; 3.01700795034695e-07
190116.13484523230; 2.98513982379728e-07
190327.34016158673; 2.99651660930738e-07
190538.54547794114; 2.96108933150795e-07
190749.75079429557; 2.97010351488203e-07
190960.95611064998; 2.96603745466322e-07
191172.16142700441; 2.86203704003263e-07
191383.36674335881; 2.41198301944358e-07
191594.57205971325; 2.72116923768460e-07
191805.77737606765; 2.82397006078729e-07
192016.98269242208; 2.86625711235567e-07
192228.18800877649; 2.91573085236482e-07
192439.39332513092; 2.92468003512350e-07
192650.59864148533; 2.90303130982518e-07
192861.80395783976; 2.92257615043888e-07
193073.00927419419; 2.93878658488924e-07
193284.21459054860; 2.92854136019282e-07
193495.41990690303; 2.92699370295410e-07
193706.62522325743; 2.90636873727173e-07
193917.83053961187; 2.88535330558325e-07
194129.03585596627; 2.39242214459219e-07
194340.24117232070; 2.64706620635978e-07
194551.44648867511; 2.72645335710955e-07
194762.65180502954; 2.78671804888297e-07
194973.85712138395; 2.83752549155667e-07
195185.06243773838; 2.83529344760691e-07
195396.26775409278; 2.83030217639722e-07
195607.47307044722; 2.82979993209578e-07
195818.67838680162; 2.84270283748410e-07
196029.88370315605; 2.80030875843897e-07
196241.08901951046; 2.77462076734404e-07
196452.29433586489; 2.79002838072707e-07
196663.49965221933; 2.75720014823858e-07
196874.70496857373; 2.25568194433247e-07
197085.91028492816; 2.47669362920708e-07
197297.11560128257; 2.62888648304366e-07
197508.32091763700; 2.67355371818998e-07
197719.52623399140; 2.70280418775775e-07
197930.73155034584; 2.72112221055062e-07
198141.93686670024; 2.72972443553307e-07
198353.14218305468; 2.73287140439706e-07
198564.34749940908; 2.74883880708427e-07
198775.55281576351; 2.75380257205702e-07
198986.75813211792; 2.72842864156167e-07
199197.96344847235; 2.72594983526603e-07
199409.16876482675; 2.71505004367144e-07
199620.37408118119; 2.22186122662187e-07
199831.57939753559; 2.44208352061518e-07
200042.78471389003; 2.56857085046648e-07
200253.99003024446; 2.61831851687753e-07
200465.19534659886; 2.65806591051500e-07
200676.40066295330; 2.68823642930685e-07
200887.60597930770; 2.71603926726892e-07
201098.81129566213; 2.70764036407670e-07
201310.01661201654; 2.68773854562755e-07
201521.22192837097; 2.68522158408489e-07
201732.42724472538; 2.69336801429300e-07
201943.63256107981; 2.68338514035258e-07
202154.83787743421; 2.64190175184278e-07
202366.04319378865; 2.15527997382237e-07
202577.24851014305; 2.35332672192711e-07
202788.45382649748; 2.50737971658685e-07
202999.65914285189; 2.57033724592235e-07
203210.86445920632; 2.59410419620933e-07
203422.06977556073; 2.64312695953002e-07
203633.27509191516; 2.63395941301787e-07
203844.48040826959; 2.64749111606163e-07
204055.68572462400; 2.66685011365982e-07
204266.89104097843; 2.62254824813622e-07
204478.09635733283; 2.59976478761837e-07
204689.30167368727; 2.60664108420459e-07
204900.50699004167; 2.56258679830260e-07
205111.71230639610; 2.05594540598063e-07
205322.91762275051; 2.32278055060070e-07
205534.12293910494; 2.43818229330147e-07
205745.32825545935; 2.49358642710617e-07
205956.53357181378; 2.53823476569195e-07
206167.73888816818; 2.57329702218795e-07
206378.94420452262; 2.58319373744120e-07
206590.14952087702; 2.60184039895958e-07
206801.35483723145; 2.58633652345113e-07
207012.56015358586; 2.54726231057270e-07
207223.76546994029; 2.51444054447187e-07
207434.97078629473; 2.53422484516860e-07
207646.17610264913; 2.50352758758162e-07
207857.38141900356; 2.32425355836391e-07
208068.58673535797; 2.36721646657667e-07
208279.79205171240; 2.44356195493298e-07
208490.99736806680; 2.49366777190398e-07
208702.20268442124; 2.54367521974710e-07
208913.40800077564; 2.54044133897060e-07
209124.61331713008; 2.54768892891927e-07
209335.81863348448; 2.54318080810420e-07
209547.02394983891; 2.55287268573772e-07
209758.22926619332; 2.58091249089147e-07
209969.43458254775; 2.57601237702940e-07
210180.63989890215; 2.55247164897912e-07
210391.84521525659; 2.38336459146195e-07
210603.05053161099; 2.29564633908925e-07
210814.25584796543; 2.35984166928023e-07
211025.46116431986; 2.40594205446080e-07
211236.66648067426; 2.42991093973430e-07
211447.87179702870; 2.46428049547927e-07
211659.07711338310; 2.46280710337470e-07
211870.28242973753; 2.47523185894933e-07
212081.48774609194; 2.47230228124213e-07
212292.69306244637; 2.47526704838720e-07
212503.89837880078; 2.48338695930597e-07
212715.10369515521; 2.46704605969670e-07
212926.30901150961; 2.43096394862663e-07
213137.51432786405; 2.27637047295207e-07
213348.71964421845; 2.33306354650657e-07
213559.92496057288; 2.39246764815020e-07
213771.13027692729; 2.41102049057160e-07
213982.33559328172; 2.42880912183465e-07
214193.54090963613; 2.44197597405697e-07
214404.74622599056; 2.44572218159233e-07
214615.95154234499; 2.46548513299667e-07
214827.15685869940; 2.44295363614730e-07
215038.36217505383; 2.46197409679267e-07
215249.56749140823; 2.45368062592607e-07
215460.77280776267; 2.19060390452167e-07
215671.97812411707; 1.83320975617238e-07
215883.18344047150; 2.16246656292433e-07
216094.38875682591; 2.28090199318597e-07
216305.59407318034; 2.33797459762085e-07
216516.79938953475; 2.41954748073716e-07
216728.00470588918; 2.43919818337025e-07
216939.21002224358; 2.45532286993595e-07
217150.41533859802; 2.47609465395358e-07
217361.62065495242; 2.42983411594102e-07
217572.82597130685; 2.38986171011831e-07
217784.03128766126; 2.41715048540157e-07
217995.23660401569; 2.37483218127005e-07
218206.44192037013; 2.21588520137687e-07
218417.64723672453; 2.19561506413193e-07
218628.85255307896; 2.28330414094763e-07
218840.05786943337; 2.33986689405910e-07
219051.26318578780; 2.36623960712038e-07
219262.46850214220; 2.41857024880233e-07
219473.67381849664; 2.43964314394762e-07
219684.87913485104; 2.44811691946487e-07
219896.08445120548; 2.41051744359368e-07
220107.28976755988; 2.39078384156427e-07
220318.49508391431; 2.39390053918002e-07
220529.70040026872; 2.36124400297147e-07
220740.90571662315; 1.89804010633277e-07
220952.11103297755; 2.03812351151515e-07
221163.31634933199; 2.18751234988752e-07
221374.52166568639; 2.27987489732757e-07
221585.72698204083; 2.32719497054602e-07
221796.93229839526; 2.34449120565871e-07
222008.13761474966; 2.36133852702322e-07
222219.34293110410; 2.36581447149695e-07
222430.54824745850; 2.38812927715690e-07
222641.75356381293; 2.38741576979087e-07
222852.95888016734; 2.34722436605929e-07
223064.16419652177; 2.15645980496830e-07
223275.36951287618; 2.21496356408312e-07
223486.57482923061; 2.25474026826937e-07
223697.78014558501; 2.28696635087730e-07
223908.98546193945; 2.32113289750126e-07
224120.19077829385; 2.35839549359708e-07
224331.39609464828; 2.35870795787025e-07
224542.60141100269; 2.37399801579675e-07
224753.80672735712; 2.33806079749070e-07
224965.01204371153; 2.34085890271581e-07
225176.21736006596; 2.32698651328448e-07
225387.42267642039; 2.28752588604983e-07
225598.62799277480; 1.75736551058657e-07
225809.83330912923; 2.02481595841170e-07
226021.03862548363; 2.21756834484723e-07
226232.24394183807; 2.28707073396192e-07
226443.44925819247; 2.32876554384273e-07
226654.65457454690; 2.33592509991445e-07
226865.85989090131; 2.31593845525315e-07
227077.06520725574; 2.26607802599963e-07
227288.27052361015; 2.31814556674230e-07
227499.47583996458; 2.29722088878453e-07
227710.68115631898; 2.22007326087418e-07
227921.88647267342; 2.03033896624520e-07
228133.09178902782; 2.14263104072981e-07
228344.29710538225; 2.21741880815633e-07
228555.50242173666; 2.23384717632568e-07
228766.70773809109; 2.26036580749235e-07
228977.91305444553; 2.26355832252897e-07
229189.11837079993; 2.29607118699470e-07
229400.32368715436; 2.29510619767485e-07
229611.52900350877; 2.28635010214280e-07
229822.73431986320; 2.27816314157343e-07
230033.93963621760; 2.26744933120097e-07
230245.14495257204; 2.22856566874959e-07
230456.35026892644; 1.75868901724015e-07
230667.55558528088; 1.91673125142325e-07
230878.76090163528; 2.16788713219727e-07
231089.96621798971; 2.20755380643860e-07
231301.17153434412; 2.22294446356369e-07
231512.37685069855; 2.23386088762462e-07
231723.58216705295; 2.23379159213820e-07
231934.78748340739; 2.26069446630408e-07
232145.99279976179; 2.27169033458417e-07
232357.19811611623; 2.23857124816279e-07
232568.40343247066; 2.07359865493383e-07
232779.60874882506; 2.18194880217170e-07
232990.81406517950; 2.22297751857817e-07
233202.01938153390; 2.25192740399712e-07
233413.22469788833; 2.28864106743987e-07
233624.43001424274; 2.30092982636475e-07
233835.63533059717; 2.29889204025757e-07
234046.84064695158; 2.27809996021747e-07
234258.04596330601; 2.27024017322718e-07
234469.25127966041; 1.89432043218271e-07
234680.45659601485; 1.97406819418892e-07
234891.66191236925; 2.15442226562045e-07
235102.86722872368; 2.20208894958490e-07
235314.07254507809; 2.23647477783610e-07
235525.27786143252; 2.27240264273435e-07
235736.48317778693; 2.27492470486640e-07
235947.68849414136; 2.25376080934805e-07
236158.89381049579; 2.27732925243917e-07
236370.09912685020; 2.25622872000057e-07
236581.30444320463; 2.17802810900368e-07
236792.50975955903; 2.11331195396957e-07
237003.71507591347; 2.19209019622053e-07
237214.92039226787; 2.20802815798725e-07
237426.12570862230; 2.23004141190523e-07
237637.33102497671; 2.20121431603722e-07
237848.53634133114; 2.21718051705877e-07
238059.74165768555; 2.20833828422322e-07
238270.94697403998; 2.03519932777500e-07
238482.15229039438; 1.71364417654475e-07
238693.35760674882; 2.04294151054925e-07
238904.56292310322; 2.16200711808227e-07
239115.76823945765; 2.21753960254117e-07
239326.97355581206; 2.23147860934390e-07
239538.17887216649; 2.25395359780588e-07
239749.38418852093; 2.27550041988618e-07
239960.58950487533; 2.25794537741243e-07
240171.79482122976; 2.24606474697840e-07
240383.00013758417; 2.23663597286247e-07
240594.20545393860; 2.15435698935885e-07
240805.41077029301; 2.01035168501922e-07
241016.61608664744; 2.11567374791736e-07
241227.82140300184; 2.18481648169747e-07
241439.02671935628; 2.24833405256720e-07
241650.23203571068; 2.28775721752385e-07
241861.43735206511; 2.26307686706608e-07
242072.64266841952; 2.30849701971607e-07
242283.84798477395; 2.30075794465253e-07
242495.05330112836; 2.26413143866410e-07
242706.25861748279; 2.27333675642580e-07
242917.46393383719; 2.26212816592387e-07
243128.66925019163; 1.86739282582416e-07
243339.87456654606; 2.01117208097698e-07
243551.07988290046; 2.16135923213570e-07
243762.28519925490; 2.20200662517155e-07
243973.49051560930; 2.21660999041205e-07
244184.69583196373; 2.24706576897241e-07
244395.90114831814; 2.27086448685577e-07
244607.10646467257; 2.26999810856587e-07
244818.31178102698; 2.26680442723302e-07
245029.51709738141; 2.01092040356805e-07
245240.72241373581; 1.81632624400941e-07
245451.92773009025; 2.11425592807303e-07
245663.13304644465; 2.20993826376002e-07
245874.33836279908; 2.22888677592323e-07
246085.54367915349; 2.23261860413408e-07
246296.74899550792; 2.23598223705594e-07
246507.95431186233; 2.25726788235005e-07
246719.15962821676; 2.26878002690093e-07
246930.36494457119; 2.24475862521297e-07
247141.57026092560; 2.23835559802640e-07
247352.77557728003; 2.22753918916224e-07
247563.98089363443; 2.16811848243147e-07
247775.18620998887; 1.62258332972140e-07
247986.39152634327; 2.00012969766262e-07
248197.59684269771; 2.14845510386017e-07
248408.80215905211; 2.18405855605833e-07
248620.00747540654; 2.23307763212548e-07
248831.21279176095; 2.27866208969532e-07
249042.41810811538; 2.27872065757213e-07
249253.62342446978; 2.28401891157602e-07
249464.82874082422; 2.30382745973281e-07
249676.03405717862; 2.26226404231580e-07
249887.23937353306; 2.27769331431447e-07
250098.44468988746; 2.25519539046838e-07
250309.65000624189; 2.07595229245062e-07
250520.85532259633; 1.98306185532899e-07
250732.06063895073; 2.08476957688737e-07
250943.26595530516; 2.13534792946013e-07
251154.47127165957; 2.16680129440948e-07
251365.67658801400; 2.20116810396663e-07
251576.88190436841; 2.20065997512146e-07
251788.08722072284; 2.21226416566423e-07
251999.29253707724; 2.20618376277883e-07
252210.49785343168; 2.20429428408860e-07
252421.70316978608; 2.21150663096317e-07
252632.90848614051; 2.17979136412580e-07
252844.11380249492; 1.70010419303033e-07
253055.31911884935; 1.84312102109095e-07
253266.52443520376; 2.08796229686705e-07
253477.72975155819; 2.14560438999147e-07
253688.93506791259; 2.18282793545681e-07
253900.14038426703; 2.19449467679092e-07
254111.34570062146; 2.24068604411837e-07
254322.55101697586; 2.22963541314158e-07
254533.75633333030; 2.22330836119630e-07
254744.96164968470; 2.20653914242844e-07
254956.16696603913; 2.17874434785353e-07
255167.37228239354; 2.01543008232437e-07
255378.57759874797; 1.95899984851008e-07
255589.78291510238; 2.03738159092250e-07
255800.98823145681; 2.06757471604170e-07
256012.19354781121; 2.09343330675460e-07
256223.39886416565; 2.10956482380265e-07
256434.60418052005; 2.12265928600675e-07
256645.80949687448; 2.15736513978473e-07
256857.01481322889; 2.13304643644442e-07
257068.22012958332; 2.11791742601681e-07
257279.42544593773; 2.11598068226233e-07
257490.63076229216; 1.98292301936770e-07
257701.83607864659; 1.59300019808427e-07
257913.04139500100; 1.97879164512908e-07
258124.24671135543; 2.07410703585219e-07
258335.45202770983; 2.09351074536357e-07
258546.65734406427; 2.13028906677213e-07
258757.86266041867; 2.13157698300012e-07
258969.06797677311; 2.11851099956918e-07
259180.27329312751; 2.10934094271721e-07
259391.47860948194; 2.09893484106373e-07
259602.68392583635; 1.64079414101077e-07
259813.88924219078; 1.79060738201478e-07
260025.09455854518; 2.01160651948303e-07
260236.29987489962; 2.05953302384900e-07
260447.50519125402; 2.08574024942230e-07
260658.71050760846; 2.09164138485592e-07
260869.91582396286; 2.12029426772230e-07
261081.12114031729; 2.08672351670707e-07
261292.32645667173; 2.08303372785897e-07
261503.53177302613; 2.07270760373708e-07
261714.73708938056; 1.92895473748232e-07
261925.94240573497; 1.86985824567735e-07
262137.14772208940; 1.96397140313860e-07
262348.35303844378; 2.01505691720201e-07
262559.55835479824; 2.04687834461417e-07
262770.76367115264; 2.05819981019410e-07
262981.96898750705; 2.08445276413430e-07
263193.17430386145; 2.07887783360355e-07
263404.37962021591; 2.08078040803994e-07
263615.58493657032; 2.08237593788235e-07
263826.79025292472; 2.05999293091642e-07
264037.99556927918; 1.75914157747563e-07
264249.20088563359; 1.57874633764855e-07
264460.40620198799; 1.91435369744799e-07
264671.61151834240; 2.00337120434090e-07
264882.81683469686; 2.01239194751008e-07
265094.02215105126; 2.02158825700248e-07
265305.22746740567; 2.03758472345153e-07
265516.43278376013; 2.04971573516141e-07
265727.63810011453; 2.01820811809933e-07
265938.84341646894; 2.05357872203413e-07
266150.04873282334; 2.07658884507180e-07
266361.25404917781; 1.97171550888037e-07
266572.45936553221; 1.82473173994347e-07
266783.66468188661; 1.90607846783035e-07
266994.86999824102; 1.95152725095953e-07
267206.07531459548; 1.98941119296533e-07
267417.28063094988; 2.00860268645293e-07
267628.48594730429; 2.03331033379690e-07
267839.69126365869; 2.06943306702450e-07
268050.89658001316; 2.04758796444533e-07
268262.10189636756; 2.03039718417993e-07
268473.30721272196; 2.04539533968912e-07
268684.51252907643; 2.01044898841259e-07
268895.71784543083; 1.50764834528523e-07
269106.92316178523; 1.80565308174327e-07
269318.12847813964; 1.95420568213577e-07
269529.33379449410; 1.99087513994778e-07
269740.53911084851; 2.02961860517894e-07
269951.74442720291; 2.04066284967930e-07
270162.94974355731; 2.02197544174235e-07
270374.15505991178; 2.02710164515110e-07
270585.36037626618; 2.06168511446995e-07
270796.56569262058; 1.84541481175054e-07
271007.77100897499; 1.59008986880568e-07
271218.97632532945; 1.93429407220410e-07
271430.18164168386; 2.02975001379055e-07
271641.38695803826; 2.06043993577227e-07
271852.59227439266; 2.06541721436097e-07
272063.79759074713; 2.06000630845090e-07
272275.00290710153; 2.05855370700127e-07
272486.20822345593; 2.05750612076207e-07
272697.41353981040; 2.05642091940843e-07
272908.61885616480; 1.96680909190566e-07
273119.82417251921; 1.77933458380900e-07
273331.02948887361; 1.86323994460635e-07
273542.23480522807; 1.92025526530682e-07
273753.44012158248; 1.97327203205438e-07
273964.64543793688; 1.99019848035654e-07
274175.85075429128; 2.00047171875227e-07
274387.05607064575; 2.00027037586275e-07
274598.26138700015; 1.99773816442778e-07
274809.46670335456; 1.99471815660268e-07
275020.67201970896; 2.00690249430487e-07
275231.87733606342; 1.98662734069037e-07
275443.08265241783; 1.47785299123298e-07
275654.28796877223; 1.64374943454860e-07
275865.49328512669; 1.89800384501193e-07
276076.69860148110; 1.96485039734749e-07
276287.90391783550; 1.97724827284313e-07
276499.10923418991; 1.99366187404213e-07
276710.31455054437; 2.02038903251157e-07
276921.51986689877; 2.01344835350458e-07
277132.72518325318; 1.99986011272271e-07
277343.93049960758; 1.99781416753760e-07
277555.13581596204; 1.95066637671675e-07
277766.34113231645; 1.76829386210893e-07
277977.54644867085; 1.70893624409443e-07
278188.75176502526; 1.82206616594485e-07
278399.95708137972; 1.89902122214433e-07
278611.16239773412; 1.94197525590872e-07
278822.36771408853; 1.94507288838435e-07
279033.57303044293; 1.95071542476018e-07
279244.77834679739; 1.97429998941968e-07
279455.98366315180; 1.99714800050020e-07
279667.18897950620; 1.97552636477825e-07
279878.39429586066; 1.96208267923905e-07
280089.59961221507; 1.95200192918618e-07
280300.80492856947; 1.49801468108957e-07
280512.01024492388; 1.56718508355621e-07
280723.21556127834; 1.80272137700490e-07
280934.42087763274; 1.87471369049907e-07
281145.62619398715; 1.92216350162192e-07
281356.83151034155; 1.94724930591325e-07
281568.03682669601; 1.96316918356516e-07
281779.24214305042; 1.95949488736670e-07
281990.44745940482; 1.95338368970593e-07
282201.65277575923; 1.93145526380860e-07
282412.85809211369; 1.94570007606067e-07
282624.06340846809; 1.94865797369897e-07
282835.26872482250; 1.43694740541830e-07
283046.47404117696; 1.63956644124768e-07
283257.67935753136; 1.86079524419240e-07
283468.88467388577; 1.91237782737528e-07
283680.08999024017; 1.93552786430964e-07
283891.29530659463; 1.94626054143200e-07
284102.50062294904; 1.95308531597627e-07
284313.70593930344; 1.95184732556697e-07
284524.91125565785; 1.95527387963853e-07
284736.11657201231; 1.93461333281886e-07
284947.32188836671; 1.90553609664207e-07
285158.52720472112; 1.70238035899190e-07
285369.73252107552; 1.74282616620102e-07
285580.93783742998; 1.83350607926903e-07
285792.14315378439; 1.87849068255846e-07
286003.34847013879; 1.90071196337315e-07
286214.55378649320; 1.90001323907305e-07
286425.75910284766; 1.89823788674440e-07
286636.96441920206; 1.88997756044190e-07
286848.16973555647; 1.87689608876640e-07
287059.37505191093; 1.86913794031687e-07
287270.58036826533; 1.75114623407435e-07
287481.78568461974; 1.22497820447658e-07
287692.99100097414; 1.62708087619167e-07
287904.19631732861; 1.74905221050811e-07
288115.40163368301; 1.81266349245093e-07
288326.60695003741; 1.83966643897077e-07
288537.81226639182; 1.84253348364768e-07
288749.01758274628; 1.86208395586380e-07
288960.22289910069; 1.86626175318576e-07
289171.42821545509; 1.86874079090348e-07
289382.63353180949; 1.86065180036012e-07
289593.83884816396; 1.84168098492145e-07
289805.04416451836; 1.69949636114962e-07
290016.24948087276; 1.22220708772651e-07
290227.45479722723; 1.65482449913007e-07
290438.66011358163; 1.72899643708675e-07
290649.86542993604; 1.76382690393317e-07
290861.07074629044; 1.79383554382700e-07
291072.27606264490; 1.79432345388271e-07
291283.48137899931; 1.80316646944725e-07
291494.68669535371; 1.79873255569378e-07
291705.89201170811; 1.76875680166640e-07
291917.09732806258; 1.78072666158358e-07
292128.30264441698; 1.76328098718069e-07
292339.50796077139; 1.58011974814248e-07
292550.71327712579; 1.56707025417345e-07
292761.91859348025; 1.66602512305720e-07
292973.12390983466; 1.74462701781963e-07
293184.32922618906; 1.81962265777376e-07
293395.53454254346; 1.82795925155735e-07
293606.73985889793; 1.84251695838227e-07
293817.94517525233; 1.85890260853887e-07
294029.15049160674; 1.85268792784283e-07
294240.35580796120; 1.81405828187481e-07
294451.56112431560; 1.79232635274963e-07
294662.76644067001; 1.50234080681093e-07
294873.97175702441; 1.34857351870763e-07
295085.17707337887; 1.70344783755188e-07
295296.38238973328; 1.75913687214223e-07
295507.58770608768; 1.80480135444635e-07
295718.79302244209; 1.82410661848248e-07
295929.99833879655; 1.82898523894482e-07
296141.20365515095; 1.80784952779988e-07
296352.40897150536; 1.81914294814807e-07
296563.61428785976; 1.72360232440062e-07
296774.81960421422; 1.13188818006833e-07
296986.02492056863; 1.55278786578430e-07
297197.23023692303; 1.67107297740867e-07
297408.43555327749; 1.73480174866853e-07
297619.64086963190; 1.79737294972622e-07
297830.84618598630; 1.80637149921032e-07
298042.05150234071; 1.82855922377165e-07
298253.25681869517; 1.84092486559890e-07
298464.46213504957; 1.83666904865793e-07
298675.66745140398; 1.81921870534582e-07
298886.87276775838; 1.80685681587958e-07
299098.07808411284; 1.82022179610423e-07
299309.28340046725; 1.61585274152770e-07
299520.48871682165; 1.60058896373257e-07
299731.69403317606; 1.67877838818000e-07
299942.89934953052; 1.75564628357187e-07
300154.10466588492; 1.76719826815545e-07
300365.30998223933; 1.78603804458185e-07
300576.51529859373; 1.81668158392598e-07
300787.72061494819; 1.82111005822254e-07
300998.92593130260; 1.81601529146487e-07
301210.13124765700; 1.78628305810912e-07
301421.33656401146; 1.77896895637042e-07
301632.54188036587; 1.71645486480445e-07
301843.74719672027; 1.14843213546924e-07
302054.95251307468; 1.60420160241665e-07
302266.15782942914; 1.71200684770652e-07
302477.36314578354; 1.72514499940942e-07
302688.56846213795; 1.74082918136993e-07
302899.77377849235; 1.76616864597447e-07
303110.97909484681; 1.77689322161030e-07
303322.18441120122; 1.80686967572342e-07
303533.38972755562; 1.77623321906542e-07
303744.59504391003; 1.76114658199272e-07
303955.80036026449; 1.72613664753929e-07
304167.00567661889; 1.58143351863463e-07
304378.21099297330; 1.63579138571512e-07
304589.41630932776; 1.68387660269993e-07
304800.62162568216; 1.68774546884043e-07
305011.82694203657; 1.69978909612111e-07
305223.03225839097; 1.72618634223272e-07
305434.23757474544; 1.72187441311433e-07
305645.44289109984; 1.57678903998040e-07
305856.64820745424; 1.07830582087162e-07
306067.85352380865; 1.54086661998180e-07
306279.05884016311; 1.66258368775743e-07
306490.26415651751; 1.70358742212063e-07
306701.46947287192; 1.75579415922472e-07
306912.67478922632; 1.78397640906487e-07
307123.88010558079; 1.79533713501987e-07
307335.08542193519; 1.75986477149223e-07
307546.29073828959; 1.77314484456833e-07
307757.49605464400; 1.74565784938890e-07
307968.70137099846; 1.65750704880572e-07
308179.90668735286; 1.49609769278831e-07
308391.11200370727; 1.62397973358473e-07
308602.31732006173; 1.68366164243340e-07
308813.52263641614; 1.72111760455877e-07
309024.72795277054; 1.72581674778360e-07
309235.93326912494; 1.75741999622816e-07
309447.13858547941; 1.76890639492897e-07
309658.34390183381; 1.76457120948600e-07
309869.54921818821; 1.75684050412735e-07
310080.75453454262; 1.73914401641785e-07
310291.95985089708; 1.71604984495243e-07
310503.16516725149; 1.55457971601863e-07
310714.37048360589; 1.19437756011943e-07
310925.57579996029; 1.57258782421137e-07
311136.78111631476; 1.63155544037815e-07
311347.98643266916; 1.63821693320829e-07
311559.19174902356; 1.65156281476675e-07
311770.39706537803; 1.62225456007920e-07
311981.60238173243; 1.60304058918613e-07
312192.80769808684; 1.61023411869683e-07
312404.01301444124; 1.49371102971630e-07
312615.21833079570; 9.95314570397466e-08
312826.42364715011; 1.41858337684255e-07
313037.62896350451; 1.55138681414543e-07
313248.83427985891; 1.61702069189172e-07
313460.03959621338; 1.61815928433610e-07
313671.24491256778; 1.60188428340320e-07
313882.45022892219; 1.61199102341392e-07
314093.65554527659; 1.63662771776413e-07
314304.86086163105; 1.61785251965810e-07
314516.06617798546; 1.62116580706631e-07
314727.27149433986; 1.61074280291955e-07
314938.47681069426; 1.43405466814682e-07
315149.68212704873; 1.38148411128622e-07
315360.88744340313; 1.46411130320130e-07
315572.09275975754; 1.53279447045601e-07
315783.29807611200; 1.55651289350073e-07
315994.50339246640; 1.55520632684907e-07
316205.70870882081; 1.55763956107595e-07
316416.91402517521; 1.58170493186328e-07
316628.11934152967; 1.59653615689193e-07
316839.32465788408; 1.62663496379975e-07
317050.52997423848; 1.63793657961548e-07
317261.73529059289; 1.22024942654018e-07
317472.94060694735; 1.19242953379665e-07
317684.14592330175; 1.52426602273199e-07
317895.35123965616; 1.62494361954482e-07
318106.55655601056; 1.67415497062293e-07
318317.76187236502; 1.66345540986803e-07
318528.96718871943; 1.66942330519177e-07
318740.17250507383; 1.69257029166267e-07
318951.37782142829; 1.65556957998913e-07
319162.58313778270; 1.65588677620715e-07
319373.78845413710; 1.65707336881292e-07
319584.99377049151; 1.55130804211610e-07
319796.19908684597; 1.51809812918124e-07
320007.40440320037; 1.62266184000895e-07
320218.60971955478; 1.64172345632072e-07
320429.81503590918; 1.66383515515587e-07
320641.02035226364; 1.67146029335095e-07
320852.22566861805; 1.67966497508102e-07
321063.43098497245; 1.66280145513781e-07
321274.63630132686; 1.39592821899595e-07
321485.84161768132; 1.08039171544112e-07
321697.04693403572; 1.48140648110147e-07
321908.25225039013; 1.56015154141265e-07
322119.45756674453; 1.55830832150811e-07
322330.66288309899; 1.60114693262250e-07
322541.86819945340; 1.62465586482893e-07
322753.07351580780; 1.60820456823123e-07
322964.27883216226; 1.58935024742802e-07
323175.48414851667; 1.58642799605893e-07
323386.68946487107; 1.55420366181378e-07
323597.89478122548; 1.46793202393147e-07
323809.10009757994; 1.00253999223105e-07
324020.30541393434; 1.29687690642608e-07
324231.51073028875; 1.45954937428961e-07
324442.71604664315; 1.51903369113942e-07
324653.92136299761; 1.55489014450952e-07
324865.12667935202; 1.56521377189217e-07
325076.33199570642; 1.56055389852058e-07
325287.53731206083; 1.56837759715406e-07
325498.74262841529; 1.58689057629290e-07
325709.94794476969; 1.58953417675762e-07
325921.15326112410; 1.56845534210498e-07
326132.35857747850; 1.43630158634807e-07
326343.56389383296; 1.36974171798086e-07
326554.76921018737; 1.41376733301390e-07
326765.97452654177; 1.47319700504937e-07
326977.17984289624; 1.53435652115330e-07
327188.38515925064; 1.56201613915163e-07
327399.59047560504; 1.56556909317301e-07
327610.79579195945; 1.57510968760293e-07
327822.00110831391; 1.56192859041268e-07
328033.20642466831; 1.54163984146917e-07
328244.41174102272; 1.55129883869008e-07
328455.61705737712; 1.30626952338307e-07
328666.82237373159; 9.62490973212717e-08
328878.02769008599; 1.34776251884210e-07
329089.23300644039; 1.44130043037035e-07
329300.43832279480; 1.49587979915843e-07
329511.64363914926; 1.50430251463594e-07
329722.84895550366; 1.50157913989098e-07
329934.05427185807; 1.50371371786010e-07
330145.25958821253; 1.48436669070222e-07
330356.46490456694; 1.47378144919825e-07
330567.67022092134; 1.49054118167970e-07
330778.87553727574; 1.40967751099938e-07
330990.08085363021; 1.27351198362582e-07
331201.28616998461; 1.37925599561468e-07
331412.49148633901; 1.44001387518672e-07
331623.69680269342; 1.50397701921041e-07
331834.90211904788; 1.52239967559142e-07
332046.10743540229; 1.52448440791285e-07
332257.31275175669; 1.52112553873123e-07
332468.51806811109; 1.54292932728417e-07
332679.72338446556; 1.52036590373287e-07
332890.92870081996; 1.52807501266600e-07
333102.13401717436; 1.45670290666022e-07
333313.33933352877; 8.26840590039716e-08
333524.54464988323; 1.23867302459975e-07
333735.74996623764; 1.42632571204877e-07
333946.95528259204; 1.49220285239248e-07
334158.16059894650; 1.53778389749428e-07
334369.36591530091; 1.56209776660345e-07
334580.57123165531; 1.59169491987822e-07
334791.77654800972; 1.60711637946896e-07
335002.98186436418; 1.56683666959192e-07
335214.18718071858; 1.57145892634208e-07
335425.39249707299; 1.58877369312003e-07
335636.59781342739; 1.51568325059490e-07
335847.80312978185; 9.82421146501100e-08
336059.00844613626; 1.38539730764370e-07
336270.21376249066; 1.49176277066793e-07
336481.41907884507; 1.56591222692715e-07
336692.62439519953; 1.58673875784077e-07
336903.82971155393; 1.60577286064279e-07
337115.03502790834; 1.63297879931940e-07
337326.24034426280; 1.62703652541593e-07
337537.44566061720; 1.62328663136983e-07
337748.65097697161; 1.61694994539588e-07
337959.85629332601; 1.56466019377630e-07
338171.06160968047; 1.30764301823985e-07
338382.26692603488; 1.32704609295168e-07
338593.47224238928; 1.40714621451125e-07
338804.67755874369; 1.47458384327430e-07
339015.88287509815; 1.51481837291564e-07
339227.08819145255; 1.52450225003257e-07
339438.29350780696; 1.55094661853330e-07
339649.49882416136; 1.53280008665085e-07
339860.70414051582; 1.50607995569087e-07
340071.90945687023; 1.47935504390386e-07
340283.11477322463; 1.47537758248175e-07
340494.32008957904; 1.18146631547242e-07
340705.52540593350; 1.08354990204240e-07
340916.73072228790; 1.39614464851495e-07
341127.93603864231; 1.45331618915229e-07
341339.14135499677; 1.47234094325252e-07
341550.34667135117; 1.48734107780763e-07
341761.55198770558; 1.48030047890535e-07
341972.75730405998; 1.44432124963633e-07
342183.96262041444; 1.42201957061910e-07
342395.16793676885; 1.32603735344780e-07
342606.37325312325; 7.97817979746834e-08
342817.57856947766; 1.11763876500163e-07
343028.78388583212; 1.23692448836917e-07
343239.98920218652; 1.32114998216352e-07
343451.19451854093; 1.37790889023379e-07
343662.39983489533; 1.39716853604825e-07
343873.60515124979; 1.42067013989735e-07
344084.81046760420; 1.43915591120242e-07
344296.01578395860; 1.41703080702112e-07
344507.22110031307; 1.39853169025819e-07
344718.42641666747; 1.37645122543243e-07
344929.63173302187; 1.37167213015545e-07
345140.83704937628; 1.16363313098103e-07
345352.04236573074; 1.16727900022732e-07
345563.24768208514; 1.24127228797717e-07
345774.45299843955; 1.30313663418703e-07
345985.65831479395; 1.32021557366503e-07
346196.86363114842; 1.32768955124353e-07
346408.06894750282; 1.35684305380615e-07
346619.27426385722; 1.40669352463394e-07
346830.47958021163; 1.38715094759593e-07
347041.68489656609; 1.36091415145333e-07
347252.89021292049; 1.36429334097143e-07
347464.09552927490; 1.31310043992172e-07
347675.30084562930; 7.32000103065314e-08
347886.50616198377; 1.15813275373070e-07
348097.71147833817; 1.27014786529193e-07
348308.91679469257; 1.33951439968372e-07
348520.12211104704; 1.38347315666860e-07
348731.32742740144; 1.40195193375724e-07
348942.53274375584; 1.40178015088633e-07
349153.73806011025; 1.38486425837098e-07
349364.94337646471; 1.37277514211103e-07
349576.14869281912; 1.36321486112355e-07
349787.35400917352; 1.33113505284183e-07
349998.55932552792; 1.09740511023155e-07
350209.76464188239; 1.15431595322512e-07
350420.96995823679; 1.24682096798253e-07
350632.17527459119; 1.31710640406882e-07
350843.38059094560; 1.33658786803767e-07
351054.58590730006; 1.36392988434622e-07
351265.79122365447; 1.37365764124995e-07
351476.99654000887; 1.41318110888832e-07
351688.20185636333; 1.40921098309542e-07
351899.40717271774; 1.39115316391584e-07
352110.61248907214; 1.39643208352582e-07
352321.81780542654; 1.33204629415047e-07
352533.02312178101; 8.01621350853266e-08
352744.22843813541; 1.14206267708853e-07
352955.43375448982; 1.28814165950209e-07
353166.63907084422; 1.35294730473325e-07
353377.84438719868; 1.35648475183047e-07
353589.04970355309; 1.34723208828758e-07
353800.25501990749; 1.30924151853803e-07
354011.46033626189; 1.28517960449060e-07
354222.66565261636; 1.29458707309965e-07
354433.87096897076; 8.07747954653317e-08
354645.07628532517; 9.35909597797333e-08
354856.28160167957; 1.15754919823068e-07
355067.48691803403; 1.23558524425307e-07
355278.69223438844; 1.29235281570463e-07
355489.89755074284; 1.32091588117843e-07
355701.10286709730; 1.32111998991377e-07
355912.30818345171; 1.31580862459912e-07
356123.51349980611; 1.28841979802461e-07
356334.71881616052; 1.30112622014602e-07
356545.92413251498; 1.32063833035982e-07
356757.12944886938; 1.27939722654622e-07
356968.33476522379; 1.06581664608882e-07
357179.54008157819; 1.14983694782516e-07
357390.74539793265; 1.23955267095207e-07
357601.95071428706; 1.28735414715563e-07
357813.15603064146; 1.27527887210170e-07
358024.36134699587; 1.26209767288642e-07
358235.56666335033; 1.29396159890426e-07
358446.77197970473; 1.26734630998750e-07
358657.97729605914; 1.26135648303075e-07
358869.18261241360; 1.26963702750008e-07
359080.38792876800; 1.23579006265212e-07
359291.59324512241; 6.67668114962699e-08
359502.79856147681; 1.06337443805848e-07
359714.00387783127; 1.19200064470418e-07
359925.20919418568; 1.24352716206370e-07
360136.41451054008; 1.26480584655050e-07
360347.61982689449; 1.28301797136333e-07
360558.82514324895; 1.29941464623837e-07
360770.03045960335; 1.30616999358958e-07
360981.23577595776; 1.32602408984002e-07
361192.44109231216; 1.31952433682240e-07
361403.64640866662; 1.17297547158097e-07
361614.85172502103; 1.00933599938022e-07
361826.05704137543; 1.12139450070762e-07
362037.26235772984; 1.20144922834693e-07
362248.46767408430; 1.26658435192678e-07
362459.67299043870; 1.28601605079796e-07
362670.87830679311; 1.29666769472612e-07
362882.08362314757; 1.27459868780865e-07
363093.28893950197; 1.26228512802937e-07
363304.49425585638; 1.26026466466175e-07
363515.69957221078; 1.26207306316700e-07
363726.90488856524; 1.24485617369256e-07
363938.11020491965; 9.83604318803850e-08
364149.31552127405; 7.63627715808600e-08
364360.52083762846; 1.12397714443188e-07
364571.72615398292; 1.19151746866152e-07
364782.93147033732; 1.23570331930469e-07
364994.13678669173; 1.25704966780467e-07
365205.34210304613; 1.23992068119160e-07
365416.54741940059; 1.24811972579793e-07
365627.75273575500; 1.24315208710100e-07
365838.95805210940; 1.15728180315304e-07
366050.16336846387; 6.44665526242283e-08
366261.36868481827; 1.01046988932540e-07
366472.57400117267; 1.07464552354090e-07
366683.77931752708; 1.11852489656838e-07
366894.98463388154; 1.16636832389174e-07
367106.18995023594; 1.18005170129753e-07
367317.39526659035; 1.19856729442877e-07
367528.60058294475; 1.20477079042300e-07
367739.80589929922; 1.19775712294013e-07
367951.01121565362; 1.19925084924349e-07
368162.21653200802; 1.19775182097698e-07
368373.42184836243; 1.05765406146852e-07
368584.62716471689; 9.96663257759700e-08
368795.83248107129; 1.05435244936292e-07
369007.03779742570; 1.12621772428684e-07
369218.24311378010; 1.18913234713302e-07
369429.44843013457; 1.20132315259537e-07
369640.65374648897; 1.22173102823630e-07
369851.85906284337; 1.23567988544058e-07
370063.06437919784; 1.21109619318823e-07
370274.26969555224; 1.20857992144272e-07
370485.47501190664; 1.19769124495397e-07
370696.68032826105; 1.06938849995100e-07
370907.88564461551; 5.57340896043500e-08
371119.09096096992; 1.01915488014536e-07
371330.29627732432; 1.11771483002657e-07
371541.50159367872; 1.17612515187337e-07
371752.70691003319; 1.19879334627365e-07
371963.91222638759; 1.21739728463823e-07
372175.11754274199; 1.21659471790031e-07
372386.32285909640; 1.19309133716692e-07
372597.52817545086; 1.18746300179867e-07
372808.73349180527; 1.17049276687027e-07
373019.93880815967; 1.00377503865492e-07
373231.14412451413; 1.06088847905807e-07
373442.34944086854; 1.12264916936147e-07
373653.55475722294; 1.13199448590843e-07
373864.76007357734; 1.11729451771673e-07
374075.96538993181; 1.13504653396262e-07
374287.17070628621; 1.14546698338227e-07
374498.37602264062; 1.16564888536555e-07
374709.58133899502; 5.57235465634350e-08
374920.78665534948; 9.39767061018016e-08
375131.99197170389; 1.11069788248173e-07
375343.19728805829; 1.18563731018837e-07
375554.40260441269; 1.19680401629718e-07
375765.60792076716; 1.18408012952275e-07
375976.81323712156; 1.19065169302255e-07
376188.01855347597; 1.23093485435245e-07
376399.22386983037; 1.23849375643736e-07
376610.42918618483; 1.23253573775288e-07
376821.63450253924; 1.20819062738888e-07
377032.83981889364; 1.00284865360883e-07
377244.04513524810; 9.67615177877016e-08
377455.25045160251; 1.09058300562617e-07
377666.45576795691; 1.13930947443420e-07
377877.66108431132; 1.13644557184915e-07
378088.86640066578; 1.14818796963845e-07
378300.07171702018; 1.15445086819897e-07
378511.27703337459; 1.20073431146470e-07
378722.48234972899; 1.19667293247785e-07
378933.68766608345; 1.19198566787917e-07
379144.89298243786; 1.18412545714723e-07
379356.09829879226; 9.55326254566383e-08
379567.30361514667; 7.24615661976186e-08
379778.50893150113; 1.08238216309930e-07
379989.71424785553; 1.15284778451075e-07
380200.91956420994; 1.17680507633765e-07
380412.12488056440; 1.17300035364855e-07
380623.33019691880; 1.17536615761764e-07
380834.53551327321; 1.18074908515830e-07
381045.74082962761; 1.18133153061463e-07
381256.94614598207; 9.84827821614967e-08
381468.15146233648; 5.27817637306300e-08
381679.35677869088; 9.14214255603113e-08
381890.56209504529; 1.01647665019700e-07
382101.76741139975; 1.09658940097555e-07
382312.97272775415; 1.14201218142288e-07
382524.17804410856; 1.15756310064655e-07
382735.38336046296; 1.16204383468807e-07
382946.58867681742; 1.14412546521437e-07
383157.79399317183; 1.09159376896913e-07
383368.99930952623; 1.07523347219692e-07
383580.20462588064; 1.09422803820883e-07
383791.40994223510; 1.04884555800824e-07
384002.61525858950; 8.10536322527200e-08
384213.82057494391; 9.02946296401899e-08
384425.02589129837; 9.91588074806050e-08
384636.23120765277; 1.04794546483567e-07
384847.43652400718; 1.09016679992722e-07
385058.64184036158; 1.10759448913581e-07
385269.84715671604; 1.11262077028687e-07
385481.05247307045; 1.15197212775757e-07
385692.25778942485; 1.14893054474650e-07
385903.46310577926; 1.15009504131123e-07
386114.66842213372; 1.14615601484573e-07
386325.87373848812; 9.47636574945283e-08
386537.07905484253; 5.13035023745000e-08
386748.28437119693; 9.48337711190083e-08
386959.48968755140; 1.03733467857162e-07
387170.69500390580; 1.04876839292110e-07
387381.90032026020; 1.07910267565767e-07
387593.10563661467; 1.11299404348323e-07
387804.31095296907; 1.10220515626552e-07
388015.51626932347; 1.10557287210218e-07
388226.72158567788; 8.25366216179956e-08
388437.92690203234; 8.06927002194333e-08
388649.13221838675; 7.78696045048566e-08
388860.33753474115; 5.59854744241000e-08
389071.54285109555; 6.30579538381733e-08
389282.74816745002; 7.52103089054028e-08
389493.95348380442; 8.08869967422217e-08
389705.15880015882; 8.48931053415449e-08
389916.36411651323; 8.61187732942333e-08
390127.56943286769; 8.92415876729700e-08
390338.77474922210; 9.07292647082828e-08
390549.98006557650; 9.24108742152301e-08
390761.18538193090; 9.20015893653233e-08
390972.39069828537; 8.87388515138183e-08
391183.59601463977; 8.47365497484633e-08
391394.80133099417; 2.69319370443500e-08
391606.00664734864; 6.67583812072150e-08
391817.21196370304; 7.86241870843816e-08
392028.41728005745; 8.48666837059465e-08
392239.62259641185; 8.95378161141017e-08
392450.82791276631; 9.37423406209914e-08
392662.03322912072; 9.29094006230983e-08
392873.23854547512; 9.21114108910533e-08
393084.44386182952; 9.30556855123833e-08
393295.64917818399; 9.50109964282116e-08
393506.85449453839; 9.50765966055657e-08
393718.05981089280; 8.88857464710033e-08
393929.26512724720; 2.81992996709934e-08
394140.47044360166; 6.47970384718650e-08
394351.67575995607; 8.00774190683417e-08
394562.88107631047; 8.74215934003657e-08
394774.08639266493; 9.28939654780749e-08
394985.29170901934; 9.30293311719583e-08
395196.49702537374; 9.13331886823566e-08
395407.70234172815; 9.34542529424083e-08
395618.90765808261; 8.84745312957515e-08
395830.11297443701; 8.85050999851817e-08
396041.31829079142; 8.87631883036100e-08
396252.52360714582; 7.59364870293633e-08
396463.72892350028; 6.68759945170283e-08
396674.93423985469; 7.52805699239314e-08
396886.13955620909; 8.08460699300483e-08
397097.34487256350; 8.36423014962717e-08
397308.55018891796; 8.41132502597266e-08
397519.75550527236; 8.68836807867800e-08
397730.96082162677; 9.01103857473644e-08
397942.16613798117; 8.93720597415600e-08
398153.37145433563; 8.75183066270199e-08
398364.57677069004; 8.86294749185534e-08
398575.78208704444; 8.71728820935966e-08
398786.98740339890; 2.93415741061629e-08
398998.19271975331; 7.07781676193867e-08
399209.39803610771; 8.45502909284467e-08
399420.60335246212; 8.85701475561616e-08
399631.80866881658; 9.19890698522200e-08
399843.01398517098; 9.52242589215186e-08
400054.21930152539; 9.81394437268300e-08
400265.42461787979; 9.49484307239199e-08
400476.62993423425; 9.28931554111383e-08
400687.83525058866; 9.16457839938266e-08
400899.04056694306; 8.25825313869357e-08
401110.24588329747; 5.27695596901650e-08
401321.45119965193; 3.73658005182734e-08
401532.65651600633; 7.08620991548066e-08
401743.86183236074; 7.87471280163551e-08
401955.06714871520; 8.21073592037686e-08
402166.27246506960; 8.46330640218166e-08
402377.47778142401; 8.74838293983134e-08
402588.68309777841; 8.77178959987300e-08
402799.88841413287; 8.52618607232667e-08
403011.09373048728; 8.40025449264558e-08
403222.29904684168; 8.45877688717866e-08
403433.50436319609; 8.02491796300966e-08
403644.70967955055; 6.00806602225751e-08
403855.91499590495; 6.39594898704367e-08
404067.12031225936; 7.35412703712929e-08
404278.32562861376; 7.84797031082034e-08
