Time, s; Heat flow, Watt
1761.54254747212; 1.97606964253698e-05
1872.86086680831; 1.86657489092500e-05
1984.17918614449; 1.81779327976032e-05
2095.49750548068; 1.67871858030791e-05
2206.81582481686; 1.34835651883761e-05
2318.13414415305; 1.39338106251951e-05
2429.45246348923; 1.40961050915332e-05
2540.77078282541; 1.41637482553705e-05
2652.08910216160; 1.42527212658101e-05
2763.40742149778; 1.46750159260362e-05
2874.72574083397; 1.51797628545307e-05
2986.04406017015; 1.59356262432934e-05
3097.36237950634; 1.61364747176613e-05
3208.68069884252; 1.64587786622698e-05
3319.99901817871; 1.61690792322153e-05
3431.31733751489; 1.61207901836845e-05
3542.63565685108; 1.61633453479425e-05
3653.95397618726; 1.65429744481874e-05
3765.27229552345; 1.65683574354390e-05
3876.59061485963; 1.68110780051756e-05
3987.90893419582; 1.66808547118949e-05
4099.22725353200; 1.66633383988189e-05
4210.54557286818; 1.66309507129117e-05
4321.86389220437; 1.65444160644202e-05
4433.18221154055; 1.69535070292062e-05
4544.50053087674; 1.66423453839837e-05
4655.81885021292; 1.67110125953434e-05
4767.13716954911; 1.67280225576508e-05
4878.45548888529; 1.67117064065401e-05
4989.77380822148; 1.69912292296224e-05
5101.09212755766; 1.70585557950401e-05
5212.41044689385; 1.71989590778460e-05
5323.72876623003; 1.70597173211117e-05
5435.04708556622; 1.71674573856014e-05
5546.36540490240; 1.71983244124726e-05
5657.68372423858; 1.73535868790455e-05
5769.00204357477; 1.76760424562911e-05
5880.32036291095; 1.78202075835035e-05
5991.63868224714; 1.75867382637654e-05
6102.95700158332; 1.76838993229913e-05
6214.27532091951; 1.77035081680027e-05
6325.59364025569; 1.79348646383587e-05
6436.91195959188; 1.77889555568622e-05
6548.23027892806; 1.79224433404132e-05
6659.54859826425; 1.80254361285263e-05
6770.86691760043; 1.81257265170264e-05
6882.18523693662; 1.82648232902507e-05
6993.50355627280; 1.83752853531144e-05
7104.82187560898; 1.84822614574379e-05
7216.14019494517; 1.85428080422541e-05
7327.45851428135; 1.87119979358860e-05
7438.77683361754; 1.88000043620523e-05
7550.09515295372; 1.89021143165080e-05
7661.41347228991; 1.89631608882287e-05
7772.73179162609; 1.91047866696093e-05
7884.05011096228; 1.90914919296689e-05
7995.36843029846; 1.92732403365083e-05
8106.68674963465; 1.92950720785815e-05
8218.00506897083; 1.82864828065526e-05
8329.32338830702; 1.63685610093255e-05
8440.64170764320; 1.61876937133509e-05
8551.96002697938; 1.55020531434437e-05
8663.27834631557; 1.64940375061488e-05
8774.59666565175; 1.71152109762546e-05
8885.91498498794; 1.78613242499012e-05
8997.23330432412; 1.85093343711892e-05
9108.55162366031; 1.88824383115547e-05
9219.86994299649; 1.90375459559927e-05
9331.18826233268; 1.93840188672428e-05
9442.50658166886; 1.95677774464239e-05
9553.82490100505; 1.96742215734647e-05
9665.14322034123; 1.97765418853414e-05
9776.46153967742; 1.99470311031097e-05
9887.77985901360; 1.99934338992551e-05
9999.09817834978; 1.99695143128646e-05
10110.41649768597; 2.01377942397711e-05
10221.73481702215; 2.02163074636150e-05
10333.05313635834; 2.02195984012235e-05
10444.37145569452; 2.02518185453342e-05
10555.68977503071; 2.02979978757171e-05
10667.00809436689; 2.02238183709568e-05
10778.32641370308; 2.03319456993104e-05
10889.64473303926; 2.03983595987934e-05
11000.96305237545; 2.03736006147253e-05
11112.28137171163; 2.04266795408109e-05
11223.59969104782; 2.04412446174591e-05
11334.91801038400; 2.03909767610112e-05
11446.23632972018; 2.03458307228158e-05
11557.55464905637; 2.04613140955107e-05
11668.87296839255; 2.04413354288047e-05
11780.19128772874; 2.04497637713636e-05
11891.50960706492; 2.04849985355324e-05
12002.82792640111; 2.04722737187315e-05
12114.14624573729; 2.04187296390224e-05
12225.46456507348; 2.05309377199014e-05
12336.78288440966; 2.05152583552845e-05
12448.10120374585; 2.04832314757292e-05
12559.41952308203; 2.05304693869578e-05
12670.73784241822; 2.05000839988750e-05
12782.05616175440; 2.04317236389435e-05
12893.37448109058; 2.05479293847836e-05
13004.69280042677; 2.04995409644425e-05
13116.01111976295; 2.04848594360863e-05
13227.32943909914; 2.05036616573914e-05
13338.64775843532; 2.04717524232739e-05
13449.96607777151; 2.04223674568610e-05
13561.28439710769; 2.04482869303110e-05
13672.60271644388; 2.04646780139511e-05
13783.92103578006; 2.04253985668335e-05
13895.23935511625; 2.04396796284726e-05
14006.55767445243; 2.04001937519673e-05
14117.87599378862; 2.03794892972517e-05
14229.19431312480; 2.03732093038591e-05
14340.51263246098; 2.03718111862294e-05
14451.83095179717; 2.03827471853918e-05
14563.14927113335; 2.03909938939648e-05
14674.46759046954; 2.03375264227746e-05
14785.78590980572; 2.03250497221916e-05
14897.10422914191; 2.03099530453714e-05
15008.42254847809; 2.03074002014327e-05
15119.74086781428; 2.02993992808201e-05
15231.05918715046; 2.03177469172352e-05
15342.37750648665; 2.02745758828604e-05
15453.69582582283; 2.02589319992543e-05
15565.01414515902; 2.02874137810352e-05
15676.33246449520; 2.01860448040193e-05
15787.65078383138; 2.02158651272499e-05
15898.96910316757; 2.00856193133894e-05
16010.28742250375; 2.00562464965469e-05
16121.60574183994; 2.00548415930603e-05
16232.92406117612; 2.01071760757531e-05
16344.24238051231; 2.00320858998914e-05
16455.56069984849; 2.00434523265812e-05
16566.87901918468; 2.00603390705344e-05
16678.19733852086; 2.00060991381786e-05
16789.51565785705; 1.99776408588023e-05
16900.83397719323; 1.99794220801527e-05
17012.15229652942; 1.98945616500955e-05
17123.47061586560; 1.98943600928242e-05
17234.78893520178; 1.98915585790435e-05
17346.10725453797; 1.98160628639752e-05
17457.42557387416; 1.97921419466749e-05
17568.74389321034; 1.97856795643601e-05
17680.06221254652; 1.97251911974478e-05
17791.38053188271; 1.96853791646781e-05
17902.69885121889; 1.97291557089737e-05
18014.01717055508; 1.96407292879508e-05
18125.33548989126; 1.96116623520628e-05
18236.65380922745; 1.95996512705239e-05
18347.97212856363; 1.95465287824357e-05
18459.29044789982; 1.94895149182050e-05
18570.60876723600; 1.95152669058602e-05
18681.92708657219; 1.94297023897615e-05
18793.24540590837; 1.94182528361961e-05
18904.56372524456; 1.93831932100011e-05
19015.88204458074; 1.93268183994829e-05
19127.20036391693; 1.92935479031663e-05
19238.51868325311; 1.92761200158200e-05
19349.83700258929; 1.92323141764497e-05
19461.15532192548; 1.91956525456366e-05
19572.47364126167; 1.91854425530185e-05
19683.79196059785; 1.91210050012219e-05
19795.11027993403; 1.90575181998797e-05
19906.42859927022; 1.90346175077028e-05
20017.74691860640; 1.90038907200538e-05
20129.06523794259; 1.89644537536846e-05
20240.38355727877; 1.89394981463601e-05
20351.70187661496; 1.88859710790053e-05
20463.02019595114; 1.88281857592764e-05
20574.33851528733; 1.87885494567012e-05
20685.65683462351; 1.87548944334917e-05
20796.97515395969; 1.87077339806797e-05
20908.29347329588; 1.86746408393384e-05
21019.61179263207; 1.86173688512318e-05
21130.93011196825; 1.85719355567035e-05
21242.24843130443; 1.85379309542354e-05
21353.56675064062; 1.84638046278497e-05
21464.88506997680; 1.84293164561659e-05
21576.20338931299; 1.83649020469899e-05
21687.52170864917; 1.83236838732466e-05
21798.84002798536; 1.82837222647270e-05
21910.15834732154; 1.82616360577533e-05
22021.47666665773; 1.81797949699970e-05
22132.79498599391; 1.81563407442835e-05
22244.11330533009; 1.81158460148625e-05
22355.43162466628; 1.80509933339909e-05
22466.74994400247; 1.79968877576630e-05
22578.06826333865; 1.79787440657324e-05
22689.38658267483; 1.79107708782364e-05
22800.70490201102; 1.78687979196700e-05
22912.02322134720; 1.78323157529989e-05
23023.34154068339; 1.77929523163953e-05
23134.65986001957; 1.77181484530063e-05
23245.97817935576; 1.76933744610832e-05
23357.29649869194; 1.76269046064354e-05
23468.61481802813; 1.75741764450685e-05
23579.93313736431; 1.75265857189077e-05
23691.25145670049; 1.74879375766634e-05
23802.56977603668; 1.74264275268996e-05
23913.88809537287; 1.73831448146123e-05
24025.20641470905; 1.73218660786163e-05
24136.52473404523; 1.72960307374036e-05
24247.84305338142; 1.72304003528540e-05
24359.16137271760; 1.71891229685900e-05
24470.47969205379; 1.71060194529267e-05
24581.79801138997; 1.70500554108525e-05
24693.11633072616; 1.70023817935576e-05
24804.43465006234; 1.69825567010135e-05
24915.75296939853; 1.69091972324177e-05
25027.07128873471; 1.68759563114729e-05
25138.38960807089; 1.68086279961517e-05
25249.70792740708; 1.67762704767688e-05
25361.02624674327; 1.67083076998005e-05
25472.34456607945; 1.66768820448720e-05
25583.66288541563; 1.66145205545792e-05
25694.98120475182; 1.65421692688442e-05
25806.29952408800; 1.65226178028858e-05
25917.61784342419; 1.64552139558255e-05
26028.93616276037; 1.64252379119884e-05
26140.25448209656; 1.63386175968778e-05
26251.57280143274; 1.63306290481822e-05
26362.89112076893; 1.62508770462333e-05
26474.20944010511; 1.62316042844148e-05
26585.52775944129; 1.61492915778578e-05
26696.84607877748; 1.61309504506510e-05
26808.16439811367; 1.60655845629666e-05
26919.48271744985; 1.60334676373014e-05
27030.80103678603; 1.59894866257535e-05
27142.11935612222; 1.59585272173442e-05
27253.43767545840; 1.58774492013399e-05
27364.75599479459; 1.58609512626204e-05
27476.07431413077; 1.57851716639187e-05
27587.39263346696; 1.57612998445011e-05
27698.71095280314; 1.57100346691714e-05
27810.02927213933; 1.56918109678170e-05
27921.34759147551; 1.56140822909089e-05
28032.66591081169; 1.56245698348132e-05
28143.98423014788; 1.55849747866898e-05
28255.30254948407; 1.55262823848685e-05
28366.62086882025; 1.54897835121366e-05
28477.93918815643; 1.54643341961205e-05
28589.25750749262; 1.53781840991413e-05
28700.57582682880; 1.53695404662919e-05
28811.89414616499; 1.53206785472960e-05
28923.21246550117; 1.52891595622905e-05
29034.53078483736; 1.52506825237938e-05
29145.84910417354; 1.52984136483896e-05
29257.16742350973; 1.51940945626032e-05
29368.48574284591; 1.52195873496268e-05
29479.80406218209; 1.51639652276727e-05
29591.12238151828; 1.51332167087970e-05
29702.44070085447; 1.51053288119443e-05
29813.75902019065; 1.51136875686572e-05
29925.07733952683; 1.50329948198101e-05
30036.39565886302; 1.50463411809570e-05
30147.71397819920; 1.49739475235004e-05
30259.03229753539; 1.49584497153561e-05
30370.35061687157; 1.49642071294379e-05
30481.66893620776; 1.49244670627954e-05
30592.98725554394; 1.48209461473695e-05
30704.30557488013; 1.48296950293170e-05
30815.62389421631; 1.48253406648559e-05
30926.94221355249; 1.46675053720880e-05
31038.26053288868; 1.47393143540416e-05
31149.57885222487; 1.46735081690966e-05
31260.89717156105; 1.45982627659459e-05
31372.21549089723; 1.45738974890745e-05
31483.53381023342; 1.45509799662761e-05
31594.85212956960; 1.44152590283280e-05
31706.17044890579; 1.44267701724837e-05
31817.48876824197; 1.43913403846632e-05
31928.80708757816; 1.43480639840621e-05
32040.12540691434; 1.42617667997210e-05
32151.44372625053; 1.42852744166664e-05
32262.76204558671; 1.41202629464955e-05
32374.08036492289; 1.41339102673580e-05
32485.39868425908; 1.40936051688567e-05
32596.71700359527; 1.40085838533233e-05
32708.03532293145; 1.39976138724244e-05
32819.35364226763; 1.39148817843880e-05
32930.67196160382; 1.38140064739065e-05
33041.99028094001; 1.38665252467168e-05
33153.30860027619; 1.37198689702806e-05
33264.62691961238; 1.36545850890964e-05
33375.94523894856; 1.36943502808369e-05
33487.26355828474; 1.35641868849928e-05
33598.58187762093; 1.34592525451342e-05
33709.90019695711; 1.34892048320108e-05
33821.21851629330; 1.33830546766200e-05
33932.53683562949; 1.32355856559553e-05
34043.85515496567; 1.33205329625019e-05
34155.17347430185; 1.32232622897484e-05
34266.49179363804; 1.29821294528229e-05
34377.81011297422; 1.30800781546420e-05
34489.12843231040; 1.29738158711510e-05
34600.44675164660; 1.27946002327221e-05
34711.76507098278; 1.28322444971598e-05
34823.08339031896; 1.28072779608792e-05
34934.40170965515; 1.25976196775202e-05
35045.72002899133; 1.26331578498660e-05
35157.03834832751; 1.25951091643170e-05
35268.35666766370; 1.24143704405567e-05
35379.67498699988; 1.23952673152276e-05
35490.99330633607; 1.23945910606093e-05
35602.31162567226; 1.21975166598107e-05
35713.62994500844; 1.21427800319290e-05
35824.94826434462; 1.21354592948421e-05
35936.26658368081; 1.19518487065363e-05
36047.58490301699; 1.19311212247452e-05
36158.90322235318; 1.17916473626454e-05
36270.22154168936; 1.16558615408819e-05
36381.53986102554; 1.16823093457790e-05
36492.85818036173; 1.15909903682211e-05
36604.17649969792; 1.14496131070770e-05
36715.49481903410; 1.14938141896366e-05
36826.81313837029; 1.13659506788772e-05
36938.13145770647; 1.13206869773117e-05
37049.44977704265; 1.12454401221744e-05
37160.76809637884; 1.11529414071844e-05
37272.08641571502; 1.10209395969990e-05
37383.40473505121; 1.10429896529112e-05
37494.72305438740; 1.08853040717374e-05
37606.04137372358; 1.08186840122250e-05
37717.35969305976; 1.07852616467133e-05
37828.67801239595; 1.07353214398437e-05
37939.99633173213; 1.05395210284931e-05
38051.31465106831; 1.05945261590676e-05
38162.63297040450; 1.05292650569667e-05
38273.95128974068; 1.04382129143073e-05
38385.26960907687; 1.03961422458053e-05
38496.58792841306; 1.03182223988833e-05
38607.90624774924; 1.01694013149906e-05
38719.22456708542; 1.01692893802032e-05
38830.54288642161; 1.00628565582509e-05
38941.86120575779; 9.96616807622331e-06
39053.17952509398; 1.00283072141871e-05
39164.49784443016; 9.90596094668212e-06
39275.81616376634; 9.74786471983264e-06
39387.13448310253; 9.73840159875531e-06
39498.45280243872; 9.71163539919009e-06
39609.77112177490; 9.57732369060375e-06
39721.08944111109; 9.68023659849699e-06
39832.40776044727; 9.50365089374588e-06
39943.72607978345; 9.38253263665792e-06
40055.04439911964; 9.39051183051898e-06
40166.36271845582; 9.23806301113998e-06
40277.68103779201; 9.18361068499047e-06
40388.99935712820; 9.18876144559825e-06
40500.31767646438; 9.17797862265114e-06
40611.63599580056; 8.96804125069663e-06
40722.95431513675; 8.97816934996416e-06
40834.27263447293; 8.90997207155066e-06
40945.59095380911; 8.75493841372175e-06
41056.90927314530; 8.77924319924688e-06
41168.22759248148; 8.81707829927248e-06
41279.54591181767; 8.56361600728658e-06
41390.86423115386; 8.58010074028839e-06
41502.18255049004; 8.46513384117893e-06
41613.50086982622; 8.38910837302969e-06
41724.81918916241; 8.41379462579900e-06
41836.13750849859; 8.45355870111031e-06
41947.45582783478; 8.22354189836367e-06
42058.77414717096; 8.21840040313059e-06
42170.09246650715; 8.17610926518627e-06
42281.41078584333; 8.05140797799309e-06
42392.72910517952; 8.04100270890976e-06
42504.04742451570; 7.99324278064540e-06
42615.36574385189; 7.96131328215523e-06
42726.68406318807; 7.86467417470768e-06
42838.00238252425; 7.75975006793495e-06
42949.32070186044; 7.70227518253489e-06
43060.63902119662; 7.70573813529262e-06
43171.95734053281; 7.63916341890647e-06
43283.27565986900; 7.58683575581905e-06
43394.59397920518; 7.51657772573477e-06
43505.91229854136; 7.45719454187393e-06
43617.23061787755; 7.36806294601370e-06
43728.54893721373; 7.37512503568973e-06
43839.86725654991; 7.31964318800474e-06
43951.18557588610; 7.30528981111760e-06
44062.50389522229; 7.22340951157781e-06
44173.82221455847; 7.12739217533026e-06
44285.14053389466; 7.06332679933793e-06
44396.45885323084; 7.06499995020773e-06
44507.77717256702; 7.01016400072494e-06
44619.09549190321; 6.90388456279991e-06
44730.41381123939; 6.98976416896955e-06
44841.73213057558; 6.85727729780295e-06
44953.05044991176; 6.75403760174280e-06
45064.36876924795; 6.75403540377051e-06
45175.68708858413; 6.70120791922852e-06
45287.00540792032; 6.60406202068329e-06
45398.32372725650; 6.64037367483388e-06
45509.64204659269; 6.55188567887067e-06
45620.96036592887; 6.45428401509740e-06
45732.27868526505; 6.44942892074407e-06
45843.59700460124; 6.39275765862050e-06
45954.91532393743; 6.31281734019366e-06
46066.23364327361; 6.30798788305120e-06
46177.55196260980; 6.34479743135567e-06
46288.87028194598; 6.17910559983160e-06
46400.18860128216; 6.17984739849312e-06
46511.50692061835; 6.11573179191153e-06
46622.82523995453; 6.03963996624926e-06
46734.14355929071; 6.00318321982457e-06
46845.46187862690; 6.08247530873649e-06
46956.78019796309; 5.92688726711430e-06
47068.09851729927; 5.92723229088903e-06
47179.41683663546; 5.88704957831674e-06
47290.73515597164; 5.80707982333326e-06
47402.05347530782; 5.80510709521533e-06
47513.37179464401; 5.84518454351947e-06
47624.69011398019; 5.68867637156374e-06
47736.00843331638; 5.68965349066017e-06
47847.32675265257; 5.64308248725218e-06
47958.64507198875; 5.57023066776607e-06
48069.96339132493; 5.52395999820828e-06
48181.28171066112; 5.52117665643819e-06
48292.60002999730; 5.51652797723918e-06
48403.91834933349; 5.43766339204226e-06
48515.23666866967; 5.40462703899559e-06
48626.55498800585; 5.33569355087956e-06
48737.87330734204; 5.32484194185401e-06
48849.19162667823; 5.29256177432118e-06
48960.50994601441; 5.29041297288505e-06
49071.82826535060; 5.22685120416664e-06
49183.14658468678; 5.18750198485557e-06
49294.46490402296; 5.11917484414907e-06
49405.78322335915; 5.08891002173142e-06
49517.10154269533; 5.08221574274851e-06
49628.41986203151; 5.07919351049799e-06
49739.73818136771; 5.01873231647911e-06
49851.05650070389; 4.97550878262811e-06
49962.37482004007; 4.92068098477848e-06
50073.69313937626; 4.89607184094688e-06
50185.01145871244; 4.86503662231943e-06
50296.32977804862; 4.80829321732221e-06
50407.64809738481; 4.86145840429204e-06
50518.96641672099; 4.78979000283695e-06
50630.28473605718; 4.72848861448708e-06
50741.60305539337; 4.68852095537723e-06
50852.92137472955; 4.70180372608246e-06
50964.23969406573; 4.62631247939266e-06
51075.55801340192; 4.67628742710796e-06
51186.87633273810; 4.59074898734556e-06
51298.19465207429; 4.55221776122086e-06
51409.51297141047; 4.54135245252134e-06
51520.83129074665; 4.51398615449277e-06
51632.14961008284; 4.46992817477033e-06
51743.46792941903; 4.52081095237785e-06
51854.78624875521; 4.45623342911221e-06
51966.10456809140; 4.41877795710154e-06
52077.42288742758; 4.37548074475284e-06
52188.74120676376; 4.37168362144284e-06
52300.05952609995; 4.32479258528657e-06
52411.37784543613; 4.32672303734739e-06
52522.69616477231; 4.34161445267541e-06
52634.01448410851; 4.27122621144328e-06
52745.33280344469; 4.27308453719979e-06
52856.65112278087; 4.24225379349578e-06
52967.96944211706; 4.19642610334997e-06
53079.28776145324; 4.19447731962900e-06
53190.60608078942; 4.19701559420443e-06
53301.92440012561; 4.11771190644949e-06
53413.24271946179; 4.09056469134031e-06
53524.56103879798; 4.09910474465292e-06
53635.87935813417; 4.04571748081518e-06
53747.19767747035; 4.04136986068995e-06
53858.51599680653; 4.02746750653360e-06
53969.83431614272; 4.02828418092327e-06
54081.15263547890; 3.97883106252533e-06
54192.47095481509; 3.96306696272362e-06
54303.78927415127; 3.91300373118541e-06
54415.10759348745; 3.89655193789159e-06
54526.42591282364; 3.87906027047959e-06
54637.74423215983; 3.89264505245426e-06
54749.06255149601; 3.81644034360832e-06
54860.38087083220; 3.80541797533949e-06
54971.69919016838; 3.70892381624575e-06
55083.01750950456; 3.66671125886120e-06
55194.33582884075; 3.70847473577701e-06
55305.65414817693; 3.75417654673006e-06
55416.97246751311; 3.70305450829988e-06
55528.29078684931; 3.69515524015530e-06
55639.60910618549; 3.66722616157710e-06
55750.92742552167; 3.67438701102842e-06
55862.24574485786; 3.64159723162387e-06
55973.56406419404; 3.59587501970401e-06
56084.88238353022; 3.64433839360695e-06
56196.20070286641; 3.58082606674950e-06
56307.51902220259; 3.55460864772632e-06
56418.83734153878; 3.55450738495635e-06
56530.15566087497; 3.52769157908934e-06
56641.47398021115; 3.49293480501515e-06
56752.79229954733; 3.51589606329681e-06
56864.11061888352; 3.47527819860472e-06
56975.42893821970; 3.45906150044663e-06
57086.74725755589; 3.44732361591681e-06
57198.06557689207; 3.44425833368872e-06
57309.38389622825; 3.39044153885736e-06
57420.70221556444; 3.42612497582236e-06
57532.02053490063; 3.38826886215751e-06
57643.33885423681; 3.35431874906917e-06
57754.65717357300; 3.35222565729075e-06
57865.97549290918; 3.33613056220535e-06
57977.29381224536; 3.32421693218768e-06
58088.61213158155; 3.30252955125708e-06
58199.93045091773; 3.31019677012925e-06
58311.24877025392; 3.26731154050623e-06
58422.56708959011; 3.18636310640851e-06
58533.88540892629; 3.19820217253183e-06
58645.20372826247; 3.18873117356720e-06
58756.52204759866; 3.18595254556419e-06
58867.84036693484; 3.19722303829609e-06
58979.15868627102; 3.14777523072569e-06
59090.47700560721; 3.15673036068293e-06
59201.79532494339; 3.12487556248008e-06
59313.11364427958; 3.11302401376990e-06
59424.43196361577; 3.11189764347928e-06
59535.75028295195; 3.10706439383518e-06
59647.06860228813; 3.06005602745910e-06
59758.38692162432; 3.06479057761371e-06
59869.70524096050; 3.03853170116510e-06
59981.02356029669; 3.00701996302505e-06
60092.34187963287; 3.02450075186822e-06
60203.66019896906; 2.99384161628152e-06
60314.97851830524; 2.99954512307898e-06
60426.29683764143; 2.96551004681966e-06
60537.61515697761; 2.96372715037457e-06
60648.93347631380; 2.93680246719109e-06
60760.25179564998; 2.92137505058739e-06
60871.57011498616; 2.92391019763944e-06
60982.88843432235; 2.91140975880335e-06
61094.20675365853; 2.87616977247418e-06
61205.52507299472; 2.87361567539105e-06
61316.84339233091; 2.83420017837470e-06
61428.16171166709; 2.83340211373336e-06
61539.48003100327; 2.81997433068441e-06
61650.79835033946; 2.81937386808717e-06
61762.11666967564; 2.82185434016092e-06
61873.43498901182; 2.78407812745733e-06
61984.75330834801; 2.79121538334585e-06
62096.07162768420; 2.76315867233931e-06
62207.38994702038; 2.74979555255233e-06
62318.70826635657; 2.75499901246850e-06
62430.02658569275; 2.75461526872033e-06
62541.34490502893; 2.71487930735838e-06
62652.66322436512; 2.69398672736489e-06
62763.98154370130; 2.70633128406396e-06
62875.29986303749; 2.68060798812453e-06
62986.61818237367; 2.66833721154703e-06
63097.93650170986; 2.69713083790561e-06
63209.25482104604; 2.64638836597756e-06
63320.57314038223; 2.63795557922099e-06
63431.89145971841; 2.64135238807788e-06
63543.20977905460; 2.61262518182261e-06
63654.52809839078; 2.60390282854591e-06
63765.84641772696; 2.59110287672977e-06
63877.16473706315; 2.61876968019316e-06
63988.48305639934; 2.56049135102661e-06
64099.80137573552; 2.56030466728207e-06
64211.11969507171; 2.56564433094838e-06
64322.43801440789; 2.54090925844064e-06
64433.75633374407; 2.52180978774874e-06
64545.07465308026; 2.55376742645086e-06
64656.39297241644; 2.50277371283078e-06
64767.71129175262; 2.49352602880738e-06
64879.02961108881; 2.47923718974141e-06
64990.34793042500; 2.48980773988950e-06
65101.66624976118; 2.45732579791077e-06
65212.98456909737; 2.47134817444749e-06
65324.30288843355; 2.44762506484991e-06
65435.62120776973; 2.43617404174895e-06
65546.93952710592; 2.42027387407236e-06
65658.25784644209; 2.43368199429404e-06
65769.57616577829; 2.40463802816153e-06
65880.89448511448; 2.39189224710903e-06
65992.21280445065; 2.40761350663927e-06
66103.53112378684; 2.39215399389621e-06
66214.84944312302; 2.36917770578634e-06
66326.16776245921; 2.36558653040029e-06
66437.48608179539; 2.36432339696330e-06
66548.80440113158; 2.33352675588568e-06
66660.12272046776; 2.35151041476452e-06
66771.44103980395; 2.34136503876491e-06
66882.75935914014; 2.31587376523745e-06
66994.07767847631; 2.31469133109342e-06
67105.39599781251; 2.29873909086843e-06
67216.71431714868; 2.30503435832494e-06
67328.03263648487; 2.28704300554134e-06
67439.35095582106; 2.29220629599158e-06
67550.66927515724; 2.27824019337445e-06
67661.98759449343; 2.26451033778315e-06
67773.30591382961; 2.24233161608716e-06
67884.62423316580; 2.24831886676490e-06
67995.94255250198; 2.23742154405680e-06
68107.26087183817; 2.24039278554588e-06
68218.57919117434; 2.21432894874961e-06
68329.89751051053; 2.22045257262733e-06
68441.21582984673; 2.19960022432680e-06
68552.53414918290; 2.19638581125516e-06
68663.85246851909; 2.20784704555659e-06
68775.17078785527; 2.19487098445579e-06
68886.48910719146; 2.17387669606044e-06
68997.80742652764; 2.17918770306092e-06
69109.12574586383; 2.15660184745268e-06
69220.44406520002; 2.13554686714253e-06
69331.76238453620; 2.14957233384868e-06
69443.08070387239; 2.14712138685017e-06
69554.39902320856; 2.14156211836598e-06
69665.71734254475; 2.12702762526668e-06
69777.03566188093; 2.11955488252436e-06
69888.35398121712; 2.09695812515925e-06
69999.67230055330; 2.10423648291149e-06
70110.99061988949; 2.09954996017855e-06
70222.30893922568; 2.09707558819372e-06
70333.62725856186; 2.08337644582806e-06
70444.94557789805; 2.06755232817478e-06
70556.26389723422; 2.06598527802444e-06
70667.58221657042; 2.06224792953654e-06
70778.90053590659; 2.04640062672698e-06
70890.21885524278; 2.06895630705299e-06
71001.53717457896; 2.03864388634685e-06
71112.85549391515; 2.02175329522327e-06
71224.17381325134; 2.02685885595753e-06
71335.49213258752; 2.01449770436204e-06
71446.81045192371; 1.99981957087159e-06
71558.12877125989; 1.99452860355734e-06
71669.44709059608; 1.97128832232789e-06
71780.76540993225; 1.93670728424529e-06
71892.08372926844; 1.94306139193075e-06
72003.40204860462; 1.98418802876071e-06
72114.72036794081; 1.95920894247622e-06
72226.03868727700; 1.95638864958402e-06
72337.35700661318; 1.98803986027169e-06
72448.67532594937; 1.94750134272550e-06
72559.99364528555; 1.93923045064958e-06
72671.31196462174; 1.95076945139885e-06
72782.63028395791; 1.94748224324150e-06
72893.94860329411; 1.92950887834647e-06
73005.26692263030; 1.94697721168458e-06
73116.58524196647; 1.93045903781741e-06
73227.90356130266; 1.90875822413078e-06
73339.22188063884; 1.92931926750003e-06
73450.54019997503; 1.92650798407462e-06
73561.85851931121; 1.90967332405335e-06
73673.17683864740; 1.87451372721445e-06
73784.49515798358; 1.87631461418146e-06
73895.81347731977; 1.89389649430442e-06
74007.13179665596; 1.88790295312749e-06
74118.45011599213; 1.87671417461335e-06
74229.76843532833; 1.88436512311503e-06
74341.08675466450; 1.87308414347893e-06
74452.40507400069; 1.86904510414840e-06
74563.72339333687; 1.86662258248012e-06
74675.04171267306; 1.85974354618333e-06
74786.36003200924; 1.84609840634891e-06
74897.67835134543; 1.83808662349709e-06
75008.99667068162; 1.86070082151422e-06
75120.31499001780; 1.82602033952998e-06
75231.63330935399; 1.83489218107946e-06
75342.95162869016; 1.84638714201551e-06
75454.26994802635; 1.81795508198039e-06
75565.58826736253; 1.81236620637046e-06
75676.90658669872; 1.82115384144688e-06
75788.22490603490; 1.79627194525924e-06
75899.54322537109; 1.79801738502298e-06
76010.86154470728; 1.79816451117763e-06
76122.17986404346; 1.79652468901061e-06
76233.49818337965; 1.77878846425694e-06
76344.81650271582; 1.78423348695622e-06
76456.13482205202; 1.78327963065923e-06
76567.45314138819; 1.77221808110934e-06
76678.77146072438; 1.76625342197600e-06
76790.08978006056; 1.76537698259431e-06
76901.40809939675; 1.74499503863464e-06
77012.72641873294; 1.75212109782484e-06
77124.04473806912; 1.74438093595087e-06
77235.36305740531; 1.72705599189381e-06
77346.68137674149; 1.74161268299445e-06
77457.99969607768; 1.71587337938621e-06
77569.31801541385; 1.67984734844745e-06
77680.63633475004; 1.67598833399610e-06
77791.95465408624; 1.67799512069093e-06
77903.27297342241; 1.69680660380410e-06
78014.59129275860; 1.70388010495418e-06
78125.90961209478; 1.67785644432490e-06
78237.22793143097; 1.69113359629047e-06
78348.54625076715; 1.68676009307667e-06
78459.86457010334; 1.66529293420941e-06
78571.18288943951; 1.66891032411709e-06
78682.50120877571; 1.69711800890000e-06
78793.81952811190; 1.65666211576413e-06
78905.13784744807; 1.65672420279242e-06
79016.45616678426; 1.67489749777327e-06
79127.77448612044; 1.64954741271024e-06
79239.09280545663; 1.64570203962952e-06
79350.41112479281; 1.66403910331387e-06
79461.72944412900; 1.63546408976773e-06
79573.04776346518; 1.62864092294330e-06
79684.36608280137; 1.63778670021603e-06
79795.68440213756; 1.62944265443158e-06
79907.00272147373; 1.61597653729443e-06
80018.32104080993; 1.62481799616722e-06
80129.63936014610; 1.63194046263248e-06
80240.95767948229; 1.60169633636978e-06
80352.27599881847; 1.61028857678294e-06
80463.59431815466; 1.60821087472263e-06
80574.91263749084; 1.58915661984062e-06
80686.23095682703; 1.59836045867745e-06
80797.54927616322; 1.58220549422534e-06
80908.86759549940; 1.60258361587155e-06
81020.18591483559; 1.58799991682186e-06
81131.50423417176; 1.57100228957354e-06
81242.82255350795; 1.58194841319142e-06
81354.14087284413; 1.58050695405221e-06
81465.45919218032; 1.52452037717994e-06
81576.77751151651; 1.54635814308165e-06
81688.09583085269; 1.54622494617868e-06
81799.41415018888; 1.54137873311671e-06
81910.73246952506; 1.54245283497156e-06
82022.05078886125; 1.56730983842274e-06
82133.36910819742; 1.54036712178948e-06
82244.68742753362; 1.54613775998769e-06
82356.00574686979; 1.55698139823837e-06
82467.32406620598; 1.52429161838162e-06
82578.64238554217; 1.52596382643347e-06
82689.96070487835; 1.54697357659840e-06
82801.27902421454; 1.52008722373014e-06
82912.59734355072; 1.51669719095895e-06
83023.91566288691; 1.53429212624261e-06
83135.23398222309; 1.52364902217023e-06
83246.55230155928; 1.50674702516781e-06
83357.87062089545; 1.50777658661409e-06
83469.18894023164; 1.50185334487647e-06
83580.50725956784; 1.48846634902041e-06
83691.82557890401; 1.50756192488194e-06
83803.14389824020; 1.48918783918449e-06
83914.46221757638; 1.48180210875687e-06
84025.78053691257; 1.49253088709584e-06
84137.09885624875; 1.49230721939110e-06
84248.41717558494; 1.49610673450966e-06
84359.73549492111; 1.51048153906552e-06
84471.05381425731; 1.49072769106786e-06
84582.37213359350; 1.49510032978598e-06
84693.69045292967; 1.49347682747817e-06
84805.00877226586; 1.47807714126183e-06
84916.32709160204; 1.48607237913130e-06
85027.64541093823; 1.48300605800768e-06
85138.96373027441; 1.47148460765892e-06
85250.28204961060; 1.46467081927943e-06
85361.60036894679; 1.46009428069480e-06
85472.91868828297; 1.41318923491234e-06
85584.23700761916; 1.42841998333688e-06
85695.55532695533; 1.46267073165175e-06
85806.87364629153; 1.44166351295627e-06
85918.19196562770; 1.43673265910727e-06
86029.51028496389; 1.46306817032612e-06
86140.82860430007; 1.42979778290819e-06
86252.14692363626; 1.42369942982822e-06
86363.46524297245; 1.43951938942353e-06
86474.78356230863; 1.43879628398591e-06
86586.10188164482; 1.41932090213822e-06
86697.42020098100; 1.42937816339944e-06
86808.73852031719; 1.42743945419942e-06
86920.05683965336; 1.41142588517404e-06
87031.37515898955; 1.41715770616176e-06
87142.69347832573; 1.39954611948003e-06
87254.01179766192; 1.39738685152561e-06
87365.33011699811; 1.39540860030794e-06
87476.64843633429; 1.38212684202130e-06
87587.96675567048; 1.39667687740364e-06
87699.28507500666; 1.39468010241964e-06
87810.60339434285; 1.37355106837706e-06
87921.92171367902; 1.39118473928671e-06
88033.24003301522; 1.38720718099911e-06
88144.55835235139; 1.37123202138594e-06
88255.87667168758; 1.37901360416700e-06
88367.19499102377; 1.37352387711759e-06
88478.51331035995; 1.35934674172612e-06
88589.83162969614; 1.35702928551407e-06
88701.14994903232; 1.38486425783970e-06
88812.46826836851; 1.34429911282138e-06
88923.78658770469; 1.34581677843710e-06
89035.10490704088; 1.36695432123999e-06
89146.42322637705; 1.33664995712861e-06
89257.74154571324; 1.31321153531719e-06
89369.05986504944; 1.32704033461563e-06
89480.37818438561; 1.30244077305157e-06
89591.69650372180; 1.31256357250769e-06
89703.01482305798; 1.32214843368612e-06
89814.33314239417; 1.32068522634531e-06
89925.65146173035; 1.30847477406868e-06
90036.96978106654; 1.31004662940633e-06
90148.28810040273; 1.30791911586004e-06
90259.60641973891; 1.29735295229256e-06
90370.92473907510; 1.30937816249230e-06
90482.24305841127; 1.30850633912186e-06
90593.56137774746; 1.28821843382734e-06
90704.87969708364; 1.30278420681366e-06
90816.19801641983; 1.29397104025752e-06
90927.51633575601; 1.29857421061405e-06
91038.83465509220; 1.29402409792986e-06
91150.15297442839; 1.27908507753988e-06
91261.47129376457; 1.27939342481190e-06
91372.78961310076; 1.28764857701130e-06
91484.10793243693; 1.27332554201639e-06
91595.42625177313; 1.27930109897385e-06
91706.74457110930; 1.27979773462774e-06
91818.06289044549; 1.26595398979982e-06
91929.38120978167; 1.26212620459810e-06
92040.69952911786; 1.28506753639713e-06
92152.01784845405; 1.26200160012713e-06
92263.33616779023; 1.25391501363770e-06
92374.65448712642; 1.27864239060270e-06
92485.97280646260; 1.24445490426270e-06
92597.29112579879; 1.24423491594691e-06
92708.60944513496; 1.27046888516440e-06
92819.92776447115; 1.24087799274779e-06
92931.24608380733; 1.23507326180454e-06
93042.56440314352; 1.22509603024900e-06
93153.88272247971; 1.22992551925142e-06
93265.20104181589; 1.17714503339169e-06
93376.51936115208; 1.20386299321019e-06
93487.83768048826; 1.21627438042835e-06
93599.15599982445; 1.21541325105937e-06
93710.47431916062; 1.24018793600250e-06
93821.79263849682; 1.25332860613551e-06
93933.11095783301; 1.23527113198798e-06
94044.42927716918; 1.25326735642599e-06
94155.74759650537; 1.23680384356746e-06
94267.06591584155; 1.24448369109154e-06
94378.38423517774; 1.24309040318154e-06
94489.70255451392; 1.22818854406135e-06
94601.02087385011; 1.23537572760174e-06
94712.33919318629; 1.23289488370874e-06
94823.65751252248; 1.21651018205538e-06
94934.97583185867; 1.23214230777692e-06
95046.29415119484; 1.23483799097231e-06
95157.61247053104; 1.20085776529619e-06
95268.93078986721; 1.20707136626760e-06
95380.24910920340; 1.23493751507644e-06
95491.56742853958; 1.20453801155062e-06
95602.88574787577; 1.20010909586659e-06
95714.20406721195; 1.22534381722233e-06
95825.52238654814; 1.19596701937843e-06
95936.84070588433; 1.18716675880366e-06
96048.15902522051; 1.19627163346130e-06
96159.47734455670; 1.17274343601377e-06
96270.79566389287; 1.16844100457021e-06
96382.11398322906; 1.18237229716954e-06
96493.43230256524; 1.18781090006099e-06
96604.75062190143; 1.16804252156828e-06
96716.06894123761; 1.17810778368203e-06
96827.38726057380; 1.17762803740984e-06
96938.70557990999; 1.16252778234401e-06
97050.02389924617; 1.16579816440217e-06
97161.34221858236; 1.13709536109544e-06
97272.66053791853; 1.12741856561222e-06
97383.97885725473; 1.15216399169346e-06
97495.29717659090; 1.14037133705469e-06
97606.61549592709; 1.15651420964790e-06
97717.93381526328; 1.15926507121843e-06
97829.25213459946; 1.14337410069757e-06
97940.57045393565; 1.15430481312981e-06
98051.88877327183; 1.15318656679578e-06
98163.20709260802; 1.13559919139394e-06
98274.52541194420; 1.14349648230541e-06
98385.84373128039; 1.14701335460757e-06
98497.16205061656; 1.13237342621021e-06
98608.48036995275; 1.13549409632538e-06
98719.79868928895; 1.15426599324223e-06
98831.11700862512; 1.12404703973901e-06
98942.43532796131; 1.12166258833168e-06
99053.75364729749; 1.13046251026930e-06
99165.07196663368; 1.10016554770682e-06
99276.39028596986; 1.11098889022479e-06
99387.70860530605; 1.13346776509737e-06
99499.02692464222; 1.10283086133906e-06
99610.34524397842; 1.09458042760547e-06
99721.66356331461; 1.12795735121569e-06
99832.98188265078; 1.09677134446001e-06
99944.30020198697; 1.09510645864506e-06
100055.61852132315; 1.10733953608821e-06
100166.93684065934; 1.10581126324224e-06
100278.25515999552; 1.09240331153592e-06
100389.57347933171; 1.10296465640403e-06
100500.89179866789; 1.09921907427360e-06
100612.21011800408; 1.08570545029274e-06
100723.52843734027; 1.09804615571487e-06
100834.84675667644; 1.09454038160616e-06
100946.16507601264; 1.07514305981087e-06
101057.48339534881; 1.05178310699751e-06
101168.80171468500; 1.04389699305680e-06
101280.12003402118; 1.07361541912974e-06
101391.43835335737; 1.10281044083810e-06
101502.75667269355; 1.08830462105874e-06
101614.07499202974; 1.10759086947022e-06
101725.39331136593; 1.10778312037555e-06
101836.71163070211; 1.09126198476488e-06
101948.02995003830; 1.10084734104641e-06
102059.34826937447; 1.10513518674259e-06
102170.66658871066; 1.07863909675436e-06
102281.98490804684; 1.06735025196736e-06
102393.30322738303; 1.10048367729627e-06
102504.62154671922; 1.06966256332143e-06
102615.93986605540; 1.05757193321726e-06
102727.25818539159; 1.08474721020030e-06
102838.57650472777; 1.06227893293789e-06
102949.89482406396; 1.04992710197802e-06
103061.21314340013; 1.07516726881800e-06
103172.53146273633; 1.05325011113666e-06
103283.84978207250; 1.05250458168759e-06
103395.16810140869; 1.06821431099689e-06
103506.48642074488; 1.06218985443299e-06
103617.80474008106; 1.04714201933147e-06
103729.12305941725; 1.06341939101944e-06
103840.44137875343; 1.05707151928289e-06
103951.75969808962; 1.04163666373560e-06
104063.07801742580; 1.05679993614754e-06
104174.39633676199; 1.05190543485005e-06
104285.71465609816; 1.03830547752260e-06
104397.03297543435; 1.04944845123160e-06
104508.35129477055; 1.03295386654031e-06
104619.66961410672; 1.04126856092729e-06
104730.98793344291; 1.04381661473100e-06
104842.30625277909; 1.02500188635478e-06
104953.62457211528; 1.00928855787413e-06
105064.94289145146; 1.00487702554301e-06
105176.26121078765; 1.00233551888781e-06
105287.57953012382; 1.00494869447805e-06
105398.89784946002; 1.02212653883896e-06
105510.21616879621; 1.00094646762962e-06
105621.53448813238; 1.00948249746923e-06
105732.85280746857; 1.03422655406288e-06
105844.17112680475; 1.00153469772745e-06
105955.48944614094; 9.95936391936685e-07
106066.80776547712; 1.02799130209997e-06
106178.12608481331; 9.96307475784911e-07
106289.44440414950; 9.86962679926457e-07
106400.76272348568; 1.02162205898990e-06
106512.08104282187; 9.81243540628580e-07
106623.39936215804; 9.82474463687615e-07
106734.71768149424; 9.92612419161862e-07
106846.03600083041; 9.85349277232978e-07
106957.35432016660; 9.69695393564078e-07
107068.67263950278; 9.92600294764657e-07
107179.99095883897; 9.84100848029311e-07
107291.30927817516; 9.74241849485913e-07
107402.62759751134; 9.84718627628848e-07
107513.94591684753; 9.81979159888313e-07
107625.26423618371; 9.63652860853467e-07
107736.58255551990; 9.84993515710826e-07
107847.90087485607; 9.63977256432104e-07
107959.21919419226; 9.73335866479197e-07
108070.53751352844; 9.77703322465587e-07
108181.85583286463; 9.62643706325568e-07
108293.17415220082; 9.71157341275348e-07
108404.49247153700; 9.71623118453568e-07
108515.81079087319; 9.49320739876932e-07
108627.12911020937; 9.63356236651183e-07
108738.44742954556; 9.44758971427186e-07
108849.76574888173; 9.04909997018537e-07
108961.08406821793; 9.04989690978832e-07
109072.40238755410; 9.52951634004466e-07
109183.72070689029; 9.25533892641263e-07
109295.03902622648; 9.26967132649066e-07
109406.35734556266; 9.58713691888380e-07
109517.67566489885; 9.33448023255651e-07
109628.99398423503; 9.31780507705684e-07
109740.31230357122; 9.59352720336108e-07
109851.63062290740; 9.30327577901816e-07
109962.94894224359; 9.29519130972353e-07
110074.26726157978; 9.39158131687404e-07
110185.58558091595; 9.31293373563063e-07
110296.90390025215; 9.20483844630093e-07
110408.22221958832; 9.40649866551828e-07
110519.54053892451; 9.36647256291630e-07
110630.85885826069; 9.19720831797390e-07
110742.17717759688; 9.32184317114208e-07
110853.49549693306; 9.31020972540402e-07
110964.81381626925; 9.09264408708287e-07
111076.13213560544; 8.86241097145053e-07
111187.45045494162; 8.70376988722433e-07
111298.76877427781; 8.76681208307524e-07
111410.08709361398; 8.82542389235444e-07
111521.40541295017; 8.57179413501721e-07
111632.72373228635; 8.76655438073375e-07
111744.04205162254; 8.84128950556626e-07
111855.36037095872; 8.86887584564313e-07
111966.67869029491; 8.97972848426312e-07
112077.99700963110; 9.11497204016545e-07
112189.31532896728; 8.72577190916359e-07
112300.63364830347; 8.85544856604561e-07
112411.95196763964; 9.13147790040251e-07
112523.27028697584; 8.73891547540397e-07
112634.58860631201; 8.73436955150938e-07
112745.90692564820; 9.01985528479333e-07
112857.22524498438; 8.45127559888062e-07
112968.54356432057; 8.55506714152698e-07
113079.86188365676; 8.93003906321080e-07
113191.18020299294; 8.68504319149352e-07
113302.49852232913; 8.63742289935425e-07
113413.81684166531; 8.86078852210204e-07
113525.13516100150; 8.79662612402220e-07
113636.45348033767; 8.60782522280577e-07
113747.77179967386; 8.81575555700986e-07
113859.09011901006; 8.72281688243433e-07
113970.40843834623; 8.62200343856308e-07
114081.72675768242; 8.81959880357819e-07
114193.04507701860; 8.68896321357654e-07
114304.36339635479; 8.55238110117526e-07
114415.68171569097; 8.63675453688635e-07
114527.00003502716; 8.51024973424817e-07
114638.31835436333; 8.61978944218093e-07
114749.63667369953; 8.65389754925635e-07
114860.95499303572; 8.46846049863682e-07
114972.27331237189; 8.58219912964203e-07
115083.59163170808; 8.61423247120490e-07
115194.90995104426; 8.37053233548799e-07
115306.22827038045; 8.51093972649855e-07
115417.54658971663; 8.60176174866499e-07
115528.86490905282; 8.35787048002041e-07
115640.18322838900; 8.20125785111714e-07
115751.50154772519; 8.59829009945312e-07
115862.81986706138; 8.18582276328792e-07
115974.13818639755; 8.14579972344570e-07
116085.45650573375; 8.46639904253997e-07
116196.77482506992; 8.15449015099689e-07
116308.09314440611; 8.16582110236074e-07
116419.41146374229; 8.49138750909952e-07
116530.72978307848; 8.16546012699847e-07
116642.04810241466; 8.13085589340911e-07
116753.36642175085; 8.08767223397765e-07
116864.68474108704; 8.05441969287568e-07
116976.00306042322; 8.02871228974285e-07
117087.32137975941; 8.22694382730509e-07
117198.63969909558; 8.16163146540138e-07
117309.95801843177; 8.04844100671982e-07
117421.27633776795; 8.17702921164827e-07
117532.59465710414; 7.65277778129255e-07
117643.91297644032; 7.52065286281052e-07
117755.23129577651; 7.71958708910058e-07
117866.54961511270; 7.50579273564438e-07
117977.86793444888; 7.59599660467184e-07
118089.18625378507; 7.62339939948878e-07
118200.50457312124; 7.46338722043222e-07
118311.82289245744; 7.49735386018293e-07
118423.14121179361; 7.63959002476745e-07
118534.45953112980; 7.37857518779537e-07
118645.77785046599; 7.53834406420762e-07
118757.09616980217; 7.61732684102388e-07
118868.41448913836; 7.39259296112788e-07
118979.73280847454; 7.35964004145175e-07
119091.05112781073; 7.65571466017698e-07
119202.36944714691; 7.08717613077455e-07
119313.68776648310; 7.13180293942720e-07
119425.00608581927; 7.46929512969639e-07
119536.32440515546; 7.18818026587228e-07
119647.64272449166; 7.21124118037135e-07
119758.96104382783; 7.55436610408290e-07
119870.27936316402; 7.17947282056037e-07
119981.59768250020; 7.19431103981192e-07
120092.91600183639; 7.41318887974806e-07
120204.23432117257; 7.31038577374646e-07
120315.55264050876; 7.15224362282980e-07
120426.87095984493; 7.33911845162035e-07
120538.18927918113; 7.26537960168368e-07
120649.50759851732; 6.99727143315913e-07
120760.82591785349; 7.10556532320042e-07
120872.14423718968; 7.16225944218430e-07
120983.46255652586; 7.03536195211286e-07
121094.78087586205; 7.26127106690951e-07
121206.09919519823; 7.11475988972913e-07
121317.41751453442; 7.16217327303877e-07
121428.73583387060; 7.27821546653318e-07
121540.05415320679; 7.08773540016141e-07
121651.37247254298; 7.11633866159684e-07
121762.69079187915; 7.25298337380838e-07
121874.00911121535; 6.99684121949622e-07
121985.32743055152; 7.13529808828268e-07
122096.64574988771; 7.22947633033935e-07
122207.96406922389; 6.98908548760735e-07
122319.28238856008; 6.95875765754926e-07
122430.60070789627; 7.20097185161830e-07
122541.91902723245; 6.97821476879948e-07
122653.23734656864; 6.92827242756445e-07
122764.55566590482; 7.19651670996195e-07
122875.87398524101; 6.68079665088846e-07
122987.19230457718; 6.86170281667888e-07
123098.51062391337; 7.17499097203497e-07
123209.82894324955; 6.86219714595084e-07
123321.14726258574; 6.75246602288034e-07
123432.46558192193; 7.14239706923905e-07
123543.78390125811; 6.85373286812024e-07
123655.10222059430; 6.85303578291014e-07
123766.42053993048; 7.00745966523443e-07
123877.73885926667; 6.91481068660950e-07
123989.05717860284; 6.83193817831457e-07
124100.37549793904; 7.06395007521668e-07
124211.69381727521; 6.88056010875030e-07
124323.01213661140; 6.77138279336577e-07
124434.33045594759; 6.95230388643115e-07
124545.64877528377; 6.89193186510787e-07
124656.96709461996; 6.78712094698015e-07
124768.28541395614; 6.97348194241580e-07
124879.60373329233; 6.74377508113525e-07
124990.92205262851; 6.68618644508321e-07
125102.24037196470; 6.78513975967468e-07
125213.55869130087; 6.61032877041058e-07
125324.87701063706; 6.77354837011639e-07
125436.19532997326; 6.91855741883500e-07
125547.51364930943; 6.76063187506864e-07
125658.83196864562; 6.92249241872664e-07
125770.15028798180; 7.07332049656222e-07
125881.46860731799; 6.91400128635273e-07
125992.78692665417; 6.92582346474306e-07
126104.10524599036; 7.16357453807748e-07
126215.42356532655; 6.86945040768883e-07
126326.74188466273; 6.82345283867035e-07
126438.06020399892; 7.22473115562282e-07
126549.37852333509; 6.74928442338929e-07
126660.69684267128; 6.80155196207246e-07
126772.01516200746; 7.07989799326800e-07
126883.33348134365; 6.83339382962944e-07
126994.65180067983; 6.87825243457354e-07
127105.97012001602; 7.02734002275444e-07
127217.28843935221; 6.95303705681801e-07
127328.60675868839; 6.85065997286117e-07
127439.92507802458; 7.05281123568604e-07
127551.24339736075; 6.97650239147795e-07
127662.56171669695; 6.95488669641858e-07
127773.88003603312; 6.96994966202733e-07
127885.19835536931; 6.82227928503521e-07
127996.51667470549; 6.53991946274774e-07
128107.83499404168; 6.83515871459897e-07
128219.15331337787; 6.68711005340676e-07
128330.47163271405; 6.79816911942551e-07
128441.78995205024; 6.98011873657853e-07
128553.10827138642; 6.75337165481132e-07
128664.42659072261; 6.87722985921286e-07
128775.74491005878; 6.87521627709836e-07
128887.06322939497; 6.69056059054296e-07
128998.38154873115; 6.80779432964908e-07
129109.69986806734; 6.94588748277837e-07
129221.01818740353; 6.69454974398335e-07
129332.33650673971; 6.66238627446499e-07
129443.65482607590; 6.90359373771574e-07
129554.97314541208; 6.56104105829046e-07
129666.29146474827; 6.46517571266748e-07
129777.60978408444; 6.85396567366857e-07
129888.92810342064; 6.54995308690731e-07
130000.24642275683; 6.55089651302198e-07
130111.56474209300; 6.87247566052024e-07
130222.88306142919; 6.32999887030182e-07
130334.20138076537; 6.46124705466122e-07
130445.51970010156; 6.57603773068092e-07
130556.83801943774; 6.58984104270652e-07
130668.15633877393; 6.43314753219483e-07
130779.47465811011; 6.67252472489285e-07
130890.79297744630; 6.54248722788037e-07
131002.11129678249; 6.48459689608340e-07
131113.42961611866; 6.72084229525782e-07
131224.74793545483; 6.38056865737364e-07
131336.06625479102; 6.21615154152713e-07
131447.38457412721; 6.53447365650822e-07
131558.70289346337; 6.36911253614711e-07
131670.02121279956; 6.48784251215955e-07
131781.33953213575; 6.60531884498911e-07
131892.65785147194; 6.42045285161597e-07
132003.97617080814; 6.47645002160260e-07
132115.29449014430; 6.88751043439286e-07
132226.61280948049; 6.76673353497908e-07
132337.93112881668; 6.92437688410705e-07
132449.24944815287; 6.99755882983530e-07
132560.56776748903; 6.81291114060691e-07
132671.88608682522; 6.73847099997787e-07
132783.20440616141; 7.03211366607232e-07
132894.52272549761; 6.57184076479891e-07
133005.84104483380; 6.61682212321580e-07
133117.15936416999; 6.92540322143843e-07
133228.47768350615; 6.64330044854358e-07
133339.79600284234; 6.58853760238609e-07
133451.11432217853; 6.95045614166946e-07
133562.43264151472; 6.61150435715560e-07
133673.75096085088; 6.55943283613682e-07
133785.06928018708; 6.69158090472829e-07
133896.38759952327; 6.63535773051366e-07
134007.70591885946; 6.25756173877392e-07
134119.02423819565; 6.67433335134214e-07
134230.34255753181; 6.50093860895998e-07
134341.66087686800; 6.36212504752553e-07
134452.97919620419; 6.49730490868306e-07
134564.29751554038; 6.49375690672602e-07
134675.61583487655; 6.33010265613832e-07
134786.93415421274; 6.53866031349723e-07
134898.25247354893; 6.36184205171601e-07
135009.57079288512; 6.43629183143111e-07
135120.88911222131; 6.45660549062745e-07
135232.20743155747; 6.08153067643570e-07
135343.52575089366; 6.24794555834567e-07
135454.84407022985; 6.35193591978337e-07
135566.16238956605; 6.22718421405575e-07
135677.48070890221; 6.34747115887386e-07
135788.79902823840; 6.43319679170617e-07
135900.11734757459; 6.12733110452223e-07
136011.43566691078; 6.12310053491592e-07
136122.75398624697; 6.42464892063123e-07
136234.07230558313; 6.16753021737155e-07
136345.39062491932; 6.08093824028513e-07
136456.70894425552; 6.39517270774496e-07
136568.02726359171; 6.01257854839158e-07
136679.34558292790; 6.07122364244263e-07
136790.66390226406; 6.31494598259449e-07
136901.98222160025; 6.04242622787225e-07
137013.30054093644; 6.03738656032411e-07
137124.61886027263; 6.25224363966374e-07
137235.93717960879; 6.05917122677631e-07
137347.25549894499; 5.97459480302976e-07
137458.57381828118; 6.10176973429577e-07
137569.89213761737; 5.88343032889019e-07
137681.21045695356; 5.90716846942239e-07
137792.52877628972; 6.17844138390445e-07
137903.84709562591; 6.00450462182077e-07
138015.16541496210; 5.88158751875407e-07
138126.48373429829; 6.13896376820015e-07
138237.80205363446; 5.93603943630308e-07
138349.12037297065; 5.94481339778617e-07
138460.43869230684; 6.06205035087676e-07
138571.75701164303; 5.86004712565100e-07
138683.07533097922; 5.91568479150656e-07
138794.39365031538; 6.05242407093172e-07
138905.71196965157; 5.86504757135514e-07
139017.03028898776; 5.93669042864840e-07
139128.34860832395; 5.94027825043456e-07
139239.66692766012; 5.59529224233135e-07
139350.98524699631; 5.63216112730665e-07
139462.30356633250; 6.08950301898345e-07
139573.62188566869; 5.78589107671013e-07
139684.94020500488; 5.69125537772443e-07
139796.25852434104; 6.03608844046280e-07
139907.57684367723; 5.78143518314856e-07
140018.89516301343; 5.67083881115409e-07
140130.21348234962; 6.01724372651524e-07
140241.53180168578; 5.72900106309271e-07
140352.85012102197; 5.73600747801415e-07
140464.16844035816; 5.96306095337867e-07
140575.48675969435; 5.86338847018066e-07
140686.80507903054; 5.67430743797899e-07
140798.12339836670; 5.92250339840858e-07
140909.44171770290; 5.74175408992536e-07
141020.76003703909; 5.62375447357048e-07
141132.07835637528; 5.92587229005136e-07
141243.39667571144; 6.12524165168371e-07
141354.71499504763; 6.00097234214384e-07
141466.03331438382; 6.29902761736409e-07
141577.35163372001; 6.06820391960015e-07
141688.66995305620; 6.09978091905999e-07
141799.98827239237; 6.14678957040223e-07
141911.30659172856; 6.06415720487682e-07
142022.62491106475; 6.07427254674504e-07
142133.94323040094; 6.22180674205312e-07
142245.26154973710; 6.01335954383122e-07
142356.57986907329; 6.14347301231371e-07
142467.89818840948; 5.97202884952161e-07
142579.21650774567; 5.81057387450400e-07
142690.53482708186; 5.81949867975860e-07
142801.85314641803; 6.21471624927553e-07
142913.17146575422; 5.83529958252583e-07
143024.48978509041; 5.84998949332737e-07
143135.80810442660; 6.14225818246435e-07
143247.12642376276; 5.79191273571477e-07
143358.44474309895; 5.71017611498466e-07
143469.76306243514; 6.13430337474676e-07
143581.08138177134; 5.80282792179429e-07
143692.39970110753; 6.56121878197482e-07
143803.71802044369; 7.18374269961428e-07
143915.03633977988; 6.81799406691028e-07
144026.35465911607; 6.85016459049988e-07
144137.67297845226; 7.03401612845916e-07
144248.99129778845; 6.94278112416504e-07
144360.30961712461; 6.85752862107247e-07
144471.62793646081; 7.12881966029813e-07
144582.94625579700; 6.72148321429707e-07
144694.26457513319; 6.80705629206884e-07
144805.58289446935; 7.03983666617094e-07
144916.90121380554; 6.88871391859214e-07
145028.21953314173; 6.83024508474990e-07
145139.53785247792; 7.06189508369304e-07
145250.85617181411; 6.75171945821902e-07
145362.17449115028; 6.75390293187603e-07
145473.49281048647; 7.02947231073988e-07
145584.81112982266; 6.85320729908631e-07
145696.12944915885; 6.72180664287053e-07
145807.44776849501; 6.99086228832332e-07
145918.76608783120; 6.62357860154654e-07
146030.08440716739; 6.60527179312967e-07
146141.40272650358; 6.92279727647705e-07
146252.72104583977; 6.75813559106226e-07
146364.03936517594; 6.60685554874295e-07
146475.35768451213; 6.88313375539859e-07
146586.67600384832; 6.67536239341619e-07
146697.99432318451; 6.57129767648539e-07
146809.31264252067; 6.74729588007491e-07
146920.63096185686; 6.64627243053513e-07
147031.94928119305; 6.58857157720249e-07
147143.26760052925; 6.91202214968552e-07
147254.58591986544; 6.44165836105977e-07
147365.90423920160; 6.30674839593891e-07
147477.22255853779; 6.60401374752640e-07
147588.54087787398; 6.54838766648698e-07
147699.85919721017; 6.46114349814641e-07
147811.17751654633; 6.76115599434906e-07
147922.49583588252; 6.34928957956165e-07
148033.81415521872; 6.46376945802919e-07
148145.13247455491; 6.61008997099362e-07
148256.45079389110; 6.52994940694649e-07
148367.76911322726; 6.45361750789282e-07
148479.08743256345; 6.76916075512847e-07
148590.40575189964; 6.28412530248723e-07
148701.72407123583; 6.38034473398677e-07
148813.04239057199; 6.70828321811982e-07
148924.36070990819; 6.28568910779452e-07
149035.67902924438; 6.40916639312132e-07
149146.99734858057; 6.54496829993112e-07
149258.31566791676; 6.30838940840473e-07
149369.63398725292; 6.24763583016203e-07
149480.95230658911; 6.57464719194868e-07
149592.27062592530; 6.18486796604129e-07
149703.58894526149; 6.10622834911223e-07
149814.90726459766; 6.27201287622736e-07
149926.22558393385; 6.05332480605721e-07
150037.54390327004; 6.12546300527097e-07
150148.86222260623; 6.48308984069553e-07
150260.18054194242; 6.15732972944221e-07
150371.49886127858; 6.17558883110757e-07
150482.81718061477; 6.34408981436425e-07
150594.13549995096; 6.06574409966589e-07
150705.45381928716; 5.86890839395013e-07
150816.77213862332; 6.35877521861817e-07
150928.09045795951; 6.03153656701534e-07
151039.40877729570; 6.02828462756475e-07
151150.72709663189; 6.26815281197957e-07
151262.04541596808; 5.98918315605004e-07
151373.36373530424; 6.01230822906926e-07
151484.68205464043; 6.38004707034933e-07
151596.00037397663; 6.06007945784149e-07
151707.31869331282; 6.12890057952342e-07
151818.63701264898; 6.22817121031485e-07
151929.95533198517; 6.08694953589180e-07
152041.27365132136; 5.94000018754485e-07
152152.59197065755; 6.31864574544968e-07
152263.91028999374; 6.00263434487678e-07
152375.22860932990; 6.04894634824884e-07
152486.54692866610; 6.14418382717836e-07
152597.86524800229; 6.00155174026887e-07
152709.18356733848; 5.87991701075183e-07
152820.50188667467; 6.26835281371699e-07
152931.82020601083; 5.95389096669691e-07
153043.13852534702; 5.98787758727877e-07
153154.45684468321; 6.09706912386026e-07
153265.77516401940; 5.86926258183656e-07
153377.09348335557; 5.84272688457150e-07
153488.41180269176; 6.09461771928537e-07
153599.73012202795; 5.90177333003469e-07
153711.04844136414; 5.83672869243641e-07
153822.36676070033; 3.15738427901418e-07
153933.68508003649; 3.03237356337294e-07
154045.00339937268; 2.87490489918540e-07
154156.32171870887; 3.01774496244304e-07
154267.64003804507; 3.02566475446743e-07
154378.95835738123; 2.75850119907566e-07
154490.27667671742; 2.90601099207126e-07
154601.59499605361; 2.95722777072069e-07
154712.91331538980; 2.81813533997515e-07
154824.23163472599; 2.84667693489686e-07
154935.54995406215; 2.91927177868478e-07
155046.86827339834; 2.96373720119251e-07
155158.18659273454; 2.93887586065516e-07
155269.50491207073; 2.94693624419973e-07
155380.82323140689; 2.90106615993872e-07
155492.14155074308; 2.81600926602874e-07
155603.45987007927; 2.83652889963491e-07
155714.77818941546; 2.81161470773693e-07
155826.09650875165; 2.84610801173466e-07
155937.41482808781; 2.92147404507178e-07
156048.73314742401; 2.87513521333813e-07
156160.05146676020; 2.80121685399699e-07
156271.36978609639; 2.79940404810536e-07
156382.68810543255; 2.86484185278253e-07
156494.00642476874; 2.86970708031100e-07
156605.32474410493; 2.85577850053163e-07
156716.64306344112; 2.79942830620207e-07
156827.96138277731; 2.79411068099142e-07
156939.27970211348; 2.71205475232330e-07
157050.59802144967; 2.76631024141105e-07
157161.91634078586; 2.74794590224438e-07
157273.23466012205; 2.77176907745515e-07
157384.55297945821; 2.73495826754021e-07
157495.87129879440; 2.64922826064413e-07
157607.18961813059; 2.59618587904832e-07
157718.50793746678; 2.61023536152518e-07
157829.82625680297; 2.59071560789496e-07
157941.14457613914; 2.64210863463850e-07
158052.46289547533; 2.68986339774761e-07
158163.78121481152; 2.59202501664619e-07
158275.09953414771; 2.58208317426978e-07
158386.41785348387; 2.59846153525154e-07
158497.73617282006; 2.65233406842733e-07
158609.05449215625; 2.58443071927513e-07
158720.37281149245; 2.61651391890887e-07
158831.69113082864; 2.59134157803583e-07
158943.00945016480; 2.53577407239600e-07
159054.32776950099; 2.44593847548321e-07
159165.64608883718; 2.61335656134063e-07
159276.96440817337; 2.55225432045987e-07
159388.28272750953; 2.58395973546982e-07
159499.60104684572; 2.57231677710274e-07
159610.91936618192; 2.57741511140374e-07
159722.23768551811; 2.46176619447429e-07
159833.55600485430; 2.41304045595092e-07
159944.87432419046; 2.45857613897418e-07
160056.19264352665; 2.49252649795395e-07
160167.51096286284; 2.42473033809786e-07
160278.82928219903; 2.48812358196468e-07
160390.14760153519; 2.46563811041189e-07
160501.46592087139; 2.39688719906210e-07
160612.78424020758; 2.38859874023566e-07
160724.10255954377; 2.42284043559762e-07
160835.42087887996; 2.41344091399144e-07
160946.73919821612; 2.44825069432666e-07
161058.05751755231; 2.38713561422067e-07
161169.37583688850; 2.31925835654582e-07
161280.69415622469; 2.27892610251992e-07
161392.01247556088; 2.33053087150832e-07
161503.33079489705; 2.06055329685312e-07
161614.64911423324; 2.22194878594142e-07
161725.96743356943; 2.18340626204567e-07
161837.28575290562; 2.26285487752772e-07
161948.60407224178; 2.07191216396965e-07
162059.92239157797; 2.32022043632430e-07
162171.24071091416; 2.21691492235992e-07
162282.55903025036; 2.27175745875364e-07
162393.87734958655; 2.27268224417948e-07
162505.19566892271; 2.21549538805666e-07
162616.51398825890; 2.14306590068290e-07
162727.83230759509; 2.14661630608225e-07
162839.15062693128; 2.23439899822534e-07
162950.46894626744; 2.15368576465614e-07
163061.78726560363; 2.22753374682902e-07
163173.10558493983; 2.23637007147145e-07
163284.42390427602; 2.09809588455043e-07
163395.74222361221; 2.05190109742592e-07
163507.06054294837; 2.16654105632424e-07
163618.37886228456; 2.16017295113653e-07
163729.69718162075; 2.16008952144591e-07
163841.01550095694; 2.17255411660838e-07
163952.33382029310; 2.14817629013746e-07
164063.65213962930; 2.01332224088683e-07
164174.97045896549; 2.24760152926893e-07
164286.28877830168; 3.05417023766062e-07
164397.60709763787; 3.09716837190473e-07
164508.92541697403; 3.00594158136574e-07
164620.24373631022; 2.99057266152480e-07
164731.56205564641; 2.89995427095766e-07
164842.88037498260; 2.80637700817439e-07
164954.19869431877; 2.85485417960776e-07
165065.51701365496; 2.97684460959103e-07
165176.83533299115; 2.97694142668591e-07
165288.15365232734; 3.00163312510064e-07
165399.47197166353; 3.00154962965669e-07
165510.79029099969; 2.72426893126101e-07
165622.10861033588; 2.57067704693972e-07
165733.42692967207; 2.81447913483620e-07
165844.74524900827; 2.87986974431032e-07
165956.06356834443; 2.86618349567827e-07
166067.38188768062; 2.85692640718902e-07
166178.70020701681; 2.85593348410785e-07
166290.01852635300; 2.87060948438622e-07
166401.33684568919; 2.61849757099055e-07
166512.65516502535; 2.78744172036011e-07
166623.97348436154; 2.79644295691665e-07
166735.29180369774; 2.85875772241633e-07
166846.61012303393; 2.85906619347087e-07
166957.92844237009; 2.86785667212900e-07
167069.24676170628; 2.78530599360331e-07
167180.56508104247; 2.74339425065004e-07
167291.88340037866; 2.81133315288530e-07
167403.20171971485; 2.89072804037005e-07
167514.52003905101; 2.87385072627291e-07
167625.83835838721; 2.83503953912292e-07
167737.15667772340; 2.79696558808742e-07
167848.47499705959; 2.59729353249878e-07
167959.79331639575; 2.71013326836699e-07
168071.11163573194; 2.73130784730879e-07
168182.42995506813; 2.78617605222891e-07
168293.74827440432; 2.76479383326023e-07
168405.06659374051; 2.83471229552857e-07
168516.38491307668; 2.70314895316571e-07
168627.70323241287; 2.62910931233525e-07
168739.02155174906; 2.73877688477479e-07
168850.33987108525; 2.78063993547113e-07
168961.65819042144; 2.76513852825509e-07
169072.97650975760; 2.78147788231035e-07
169184.29482909379; 2.72716833759909e-07
169295.61314842998; 2.57175693231924e-07
169406.93146776618; 2.62776862896776e-07
169518.24978710234; 2.69451173472422e-07
169629.56810643853; 2.22938055116315e-07
169740.88642577472; 2.57925346383251e-07
169852.20474511091; 2.59528484539982e-07
169963.52306444710; 2.50224711406826e-07
170074.84138378326; 2.49162830368549e-07
170186.15970311945; 2.60463248259760e-07
170297.47802245565; 2.61793708298939e-07
170408.79634179184; 2.64932050183743e-07
170520.11466112800; 2.62848102797702e-07
170631.43298046419; 2.63222015587227e-07
170742.75129980038; 2.45668415341249e-07
170854.06961913657; 2.44678805668673e-07
170965.38793847276; 2.59634862796049e-07
171076.70625780892; 2.61943411852388e-07
171188.02457714512; 2.57973756452456e-07
171299.34289648131; 2.61077905052179e-07
171410.66121581750; 2.57213545583994e-07
171521.97953515366; 2.44089842202262e-07
171633.29785448985; 2.52267703824986e-07
171744.61617382604; 2.57539745306407e-07
171855.93449316223; 2.59124266694613e-07
171967.25281249842; 2.57686545084119e-07
172078.57113183459; 2.57433403755556e-07
172189.88945117078; 2.50853792941143e-07
172301.20777050697; 2.32446996779063e-07
172412.52608984316; 2.51084467630576e-07
172523.84440917932; 2.54557726173339e-07
172635.16272851551; 2.50228025786159e-07
172746.48104785170; 2.49264211956938e-07
172857.79936718789; 2.51610605581486e-07
172969.11768652409; 2.37466993688870e-07
173080.43600586025; 2.40330312510552e-07
173191.75432519644; 2.51457677173707e-07
173303.07264453263; 2.50995091884508e-07
173414.39096386882; 2.50604175286923e-07
173525.70928320498; 2.50517007107875e-07
173637.02760254117; 2.37669318814700e-07
173748.34592187736; 1.89271787603736e-07
173859.66424121356; 2.20191350424653e-07
173970.98256054975; 2.27977977107890e-07
174082.30087988591; 2.34265631959766e-07
174193.61919922210; 2.32706755419229e-07
174304.93751855829; 2.32433131749725e-07
174416.25583789448; 2.23231031430506e-07
174527.57415723064; 2.19461340215239e-07
174638.89247656683; 2.32318679201477e-07
174750.21079590303; 2.37186004261679e-07
174861.52911523922; 2.37194687404545e-07
174972.84743457541; 2.37164115792541e-07
175084.16575391157; 2.39134307146389e-07
175195.48407324776; 2.24535580179741e-07
175306.80239258395; 2.24743927046453e-07
175418.12071192014; 2.30862279990416e-07
175529.43903125630; 2.28281449832897e-07
175640.75735059250; 2.32335904540958e-07
175752.07566992869; 2.29366402289279e-07
175863.39398926488; 2.23502541822383e-07
175974.71230860107; 2.16364630657109e-07
176086.03062793723; 2.17964189690916e-07
176197.34894727342; 2.30553008465114e-07
176308.66726660961; 2.35707005887232e-07
176419.98558594580; 2.30834139600582e-07
176531.30390528197; 2.26423187768400e-07
176642.62222461816; 2.26184889303161e-07
176753.94054395435; 2.12266593686180e-07
176865.25886329054; 2.23525084264936e-07
176976.57718262673; 2.24483490144934e-07
177087.89550196289; 2.19965079686016e-07
177199.21382129908; 2.25162177418858e-07
177310.53214063527; 2.23421391859406e-07
177421.85045997147; 2.12264714565901e-07
177533.16877930766; 2.08128752750216e-07
177644.48709864382; 2.25791891150878e-07
177755.80541798001; 1.78821443064645e-07
177867.12373731620; 2.08121250042380e-07
177978.44205665239; 2.07750365907353e-07
178089.76037598855; 2.12993977135284e-07
178201.07869532474; 2.02916282533366e-07
178312.39701466094; 2.02721696425883e-07
178423.71533399713; 2.14284621790929e-07
178535.03365333332; 2.15250759707521e-07
178646.35197266948; 2.06033139337216e-07
178757.67029200567; 2.14184894730121e-07
178868.98861134186; 2.13810088729429e-07
178980.30693067805; 1.98587956389091e-07
179091.62525001421; 2.05107699639334e-07
179202.94356935041; 2.13496969048925e-07
179314.26188868660; 2.16710971739146e-07
179425.58020802279; 2.11954993214743e-07
179536.89852735898; 2.54796454376962e-07
179648.21684669514; 2.40786565490863e-07
179759.53516603133; 2.25300174056151e-07
179870.85348536752; 2.41865312589929e-07
179982.17180470371; 2.54260503657353e-07
180093.49012403988; 2.51031141858521e-07
180204.80844337607; 2.43636607654161e-07
180316.12676271226; 2.46253353238058e-07
180427.44508204845; 2.28830078223733e-07
180538.76340138464; 2.13161270976515e-07
180650.08172072080; 2.42275494450527e-07
180761.40004005699; 2.42876348275800e-07
180872.71835939318; 2.45444863627201e-07
180984.03667872938; 2.47883507032880e-07
181095.35499806554; 2.42279172702497e-07
181206.67331740173; 2.18547137246863e-07
181317.99163673792; 2.14387057549194e-07
181429.30995607411; 2.36403892794446e-07
181540.62827541030; 2.37677791585196e-07
181651.94659474646; 2.47078361612485e-07
181763.26491408265; 2.39551223268939e-07
181874.58323341885; 2.34075653462153e-07
181985.90155275504; 2.09513082952616e-07
182097.21987209120; 2.25919071527294e-07
182208.53819142739; 2.34045589944680e-07
182319.85651076358; 2.40571198507478e-07
182431.17483009977; 2.36452747031524e-07
182542.49314943596; 2.40231738863568e-07
182653.81146877212; 2.28037049047015e-07
182765.12978810832; 2.04009116833829e-07
182876.44810744451; 2.20341384157665e-07
182987.76642678070; 2.38509128420622e-07
183099.08474611686; 2.35816944844108e-07
183210.40306545305; 2.36380665268034e-07
183321.72138478924; 2.25253170174775e-07
183433.03970412543; 2.35597129026140e-07
183544.35802346162; 2.06599636450343e-07
183655.67634279779; 2.15478375390905e-07
183766.99466213398; 2.26027033452044e-07
183878.31298147017; 2.30466110719244e-07
183989.63130080636; 2.30401706158124e-07
184100.94962014252; 2.34766902970599e-07
184212.26793947871; 2.34540074591695e-07
184323.58625881490; 2.02685961414472e-07
184434.90457815109; 2.11329026512286e-07
184546.22289748729; 2.28140443656552e-07
184657.54121682345; 2.28981973903579e-07
184768.85953615964; 2.33368822496138e-07
184880.17785549583; 2.28014722964948e-07
184991.49617483202; 2.34990770840836e-07
185102.81449416821; 1.91868127791588e-07
185214.13281350437; 2.15414559604866e-07
185325.45113284056; 2.25004655242062e-07
185436.76945217676; 2.32610483145096e-07
185548.08777151295; 2.28637780995231e-07
185659.40609084911; 2.30227845999032e-07
185770.72441018530; 2.27046044476205e-07
185882.04272952149; 1.89183456224379e-07
185993.36104885768; 2.22058215092725e-07
186104.67936819387; 2.26221948485125e-07
186215.99768753003; 2.31770064744317e-07
186327.31600686623; 2.30955493515340e-07
186438.63432620242; 2.34341845596869e-07
186549.95264553861; 2.25239141654144e-07
186661.27096487477; 1.87931965144883e-07
186772.58928421096; 2.14004803698488e-07
186883.90760354715; 2.31363567748861e-07
186995.22592288334; 2.24820915732189e-07
187106.54424221953; 2.30944771000027e-07
187217.86256155570; 2.28137946408761e-07
187329.18088089189; 2.21855744974465e-07
187440.49920022808; 1.92940180023846e-07
187551.81751956427; 2.15526512337488e-07
187663.13583890043; 2.17265724329545e-07
187774.45415823662; 2.22770872000983e-07
187885.77247757281; 2.22160840096361e-07
187997.09079690900; 2.26668433874445e-07
188108.40911624520; 2.11751529963477e-07
188219.72743558136; 1.92566925021543e-07
188331.04575491755; 2.07645413555902e-07
188442.36407425374; 2.17693094942024e-07
188553.68239358993; 2.17857935486981e-07
188665.00071292609; 2.21091759572872e-07
188776.31903226228; 2.17042686782297e-07
188887.63735159847; 2.03073359075598e-07
188998.95567093467; 1.85658580252677e-07
189110.27399027086; 2.09913408152195e-07
189221.59230960702; 2.15173553855381e-07
189332.91062894321; 2.21039036726670e-07
189444.22894827940; 2.15963068436179e-07
189555.54726761559; 2.26112333290786e-07
189666.86558695175; 1.87005529125344e-07
189778.18390628794; 1.93952996823379e-07
189889.50222562414; 2.05283443792400e-07
190000.82054496033; 2.17799789776502e-07
190112.13886429652; 2.13073466410964e-07
190223.45718363268; 2.13812308047147e-07
190334.77550296887; 2.18422713010594e-07
190446.09382230506; 1.79431925175024e-07
190557.41214164125; 1.92602609608846e-07
190668.73046097741; 2.03252839355910e-07
190780.04878031361; 2.11886360776042e-07
190891.36709964980; 2.13640629459538e-07
191002.68541898599; 2.14881854136912e-07
191114.00373832218; 2.09349562409258e-07
191225.32205765834; 1.70798824962132e-07
191336.64037699453; 1.90204965653335e-07
191447.95869633072; 2.05119207977386e-07
191559.27701566691; 2.05037458506790e-07
191670.59533500308; 2.10884540360786e-07
191781.91365433927; 2.06642825010558e-07
191893.23197367546; 2.08743899520493e-07
192004.55029301165; 1.65829754548004e-07
192115.86861234784; 1.91195876810843e-07
192227.18693168400; 2.02557168439724e-07
192338.50525102019; 2.07938237481917e-07
192449.82357035638; 2.03110132017791e-07
192561.14188969258; 2.09317848577841e-07
192672.46020902874; 2.03326433435638e-07
192783.77852836493; 1.65862393660858e-07
192895.09684770112; 1.91103060709311e-07
193006.41516703731; 2.01443348224326e-07
193117.73348637350; 2.02322646602342e-07
193229.05180570966; 2.06787583308472e-07
193340.37012504585; 2.00706241714083e-07
193451.68844438205; 2.01197546046505e-07
193563.00676371824; 1.64200429106938e-07
193674.32508305443; 1.94288033365993e-07
193785.64340239059; 1.94557482619325e-07
193896.96172172678; 2.03877787344519e-07
194008.28004106297; 1.97661905455045e-07
194119.59836039916; 2.03726679104534e-07
194230.91667973532; 1.88000095802736e-07
194342.23499907152; 1.63723598638932e-07
194453.55331840771; 1.88072056516570e-07
194564.87163774390; 2.00620743416343e-07
194676.18995708009; 1.97035287868535e-07
194787.50827641625; 1.97536455390635e-07
194898.82659575244; 2.06686132994804e-07
195010.14491508863; 1.78117688702158e-07
195121.46323442482; 1.69996122030633e-07
195232.78155376099; 1.86564025829763e-07
195344.09987309718; 1.96538154062984e-07
195455.41819243337; 1.94149079266095e-07
195566.73651176956; 1.98208584517291e-07
195678.05483110575; 1.94744433205449e-07
195789.37315044191; 1.76931412336756e-07
195900.69146977810; 1.60360706099232e-07
196012.00978911429; 1.89240855398691e-07
196123.32810845049; 1.87807270074307e-07
196234.64642778665; 1.96619112910604e-07
196345.96474712284; 1.90630018786376e-07
196457.28306645903; 1.95463712938113e-07
196568.60138579522; 1.64662626137005e-07
196679.91970513141; 1.68208363919888e-07
196791.23802446757; 1.81577782966912e-07
196902.55634380376; 1.88614381252581e-07
197013.87466313996; 1.86960811879605e-07
197125.19298247615; 1.91371944535837e-07
197236.51130181231; 1.91906260580776e-07
197347.82962114850; 1.67131688648719e-07
197459.14794048469; 1.69984946556088e-07
197570.46625982088; 1.89113188980805e-07
197681.78457915707; 1.89450557705387e-07
197793.10289849323; 1.94958490558765e-07
197904.42121782943; 1.90549538495384e-07
198015.73953716562; 1.94294627744622e-07
198127.05785650181; 1.52916637426993e-07
198238.37617583797; 1.69483271560227e-07
198349.69449517416; 1.79558538861670e-07
198461.01281451035; 1.86281022378373e-07
198572.33113384654; 1.82806983123969e-07
198683.64945318273; 1.85872776845269e-07
198794.96777251890; 1.83209422723418e-07
198906.28609185509; 1.50213061224796e-07
199017.60441119128; 1.64607664256565e-07
199128.92273052747; 1.80722928490722e-07
199240.24104986363; 1.79607836445538e-07
199351.55936919982; 1.79278796599966e-07
199462.87768853601; 1.76295707054495e-07
199574.19600787220; 1.59521726029146e-07
199685.51432720840; 1.43218209991660e-07
199796.83264654456; 1.51801333162647e-07
199908.15096588075; 1.70506958761073e-07
200019.46928521694; 1.65430839188089e-07
200130.78760455313; 1.76474911934572e-07
200242.10592388929; 1.67777046825313e-07
200353.42424322548; 1.64645008713762e-07
200464.74256256167; 1.35799791470335e-07
200576.06088189787; 1.57534937707326e-07
200687.37920123406; 1.63013339008658e-07
200798.69752057022; 1.71280936235330e-07
200910.01583990641; 1.66223970431142e-07
201021.33415924260; 1.73769299206568e-07
201132.65247857879; 1.61518363261309e-07
201243.97079791495; 1.44109629011538e-07
201355.28911725114; 1.51264620788641e-07
201466.60743658734; 1.69776875320741e-07
201577.92575592353; 1.64027146699310e-07
201689.24407525972; 1.69971363098538e-07
201800.56239459588; 1.63158945916511e-07
201911.88071393207; 1.63205167013074e-07
202023.19903326826; 1.38041220803323e-07
202134.51735260445; 1.54731936737268e-07
202245.83567194064; 1.59368454036486e-07
202357.15399127681; 1.65978094563791e-07
202468.47231061300; 1.60371873132263e-07
202579.79062994919; 1.63352940076395e-07
202691.10894928538; 1.58062277528325e-07
202802.42726862154; 1.44975066998142e-07
202913.74558795773; 1.50458330382345e-07
203025.06390729392; 1.63288521499262e-07
203136.38222663011; 1.63180075842337e-07
203247.70054596631; 1.65206693360449e-07
203359.01886530247; 1.56301985337973e-07
203470.33718463866; 1.61203671200570e-07
203581.65550397485; 1.37155377868525e-07
203692.97382331104; 1.51274015201893e-07
203804.29214264720; 1.56110063117516e-07
203915.61046198339; 1.65708123796008e-07
204026.92878131958; 1.62187786183590e-07
204138.24710065578; 1.58506519742537e-07
204249.56541999197; 1.62814889156066e-07
204360.88373932813; 1.35335434921241e-07
204472.20205866432; 1.50065469782112e-07
204583.52037800051; 1.56043629499072e-07
204694.83869733670; 1.63273809181212e-07
204806.15701667286; 1.56540706812494e-07
204917.47533600905; 1.54451749185148e-07
205028.79365534525; 1.55961551762153e-07
205140.11197468144; 1.38919880930459e-07
205251.43029401763; 1.39400140295325e-07
205362.74861335379; 1.56644227769583e-07
205474.06693268998; 1.60144456569542e-07
205585.38525202617; 1.59164267487341e-07
205696.70357136236; 1.46625129067164e-07
205808.02189069852; 1.59409742041439e-07
205919.34021003472; 1.34058975343166e-07
206030.65852937091; 1.46085746097185e-07
206141.97684870710; 1.50254921219332e-07
206253.29516804329; 1.57670028465166e-07
206364.61348737945; 1.49933617706868e-07
206475.93180671564; 1.49174587277826e-07
206587.25012605183; 1.49619466317254e-07
206698.56844538802; 1.41780096549152e-07
206809.88676472419; 1.34806138497746e-07
206921.20508406038; 1.52033140013650e-07
207032.52340339657; 1.48309960247366e-07
207143.84172273276; 1.50133547662070e-07
207255.16004206895; 1.47318709497671e-07
207366.47836140511; 1.56933298466945e-07
207477.79668074130; 1.36094170274571e-07
207589.11500007749; 1.37259334224062e-07
207700.43331941369; 1.37968220996148e-07
207811.75163874985; 1.50975743813772e-07
207923.06995808604; 1.53538106753290e-07
208034.38827742223; 1.64394234847425e-07
208145.70659675842; 1.54859250243588e-07
208257.02491609461; 1.44068433450449e-07
208368.34323543077; 1.36490870180233e-07
208479.66155476696; 1.45513340578749e-07
208590.97987410316; 1.50224396533436e-07
208702.29819343935; 1.52592422763358e-07
208813.61651277551; 1.59265323990205e-07
208924.93483211170; 1.57120820569939e-07
209036.25315144789; 1.45421039357571e-07
209147.57147078408; 1.30094063331858e-07
209258.88979012027; 1.43619047823787e-07
209370.20810945643; 1.51395114325741e-07
209481.52642879263; 1.54157171513602e-07
209592.84474812882; 1.48549594959219e-07
209704.16306746501; 1.55739349205144e-07
209815.48138680120; 1.43889114273467e-07
209926.79970613736; 1.40012023945660e-07
210038.11802547355; 1.41388512460649e-07
210149.43634480974; 1.47640228418940e-07
210260.75466414593; 1.46393293425478e-07
210372.07298348210; 1.51348912150215e-07
210483.39130281829; 1.48478032290929e-07
210594.70962215448; 1.46655885129757e-07
210706.02794149067; 1.23273659038208e-07
210817.34626082686; 1.39336995575209e-07
210928.66458016302; 1.40889182195425e-07
211039.98289949921; 1.48393434886362e-07
211151.30121883540; 1.44483799499089e-07
211262.61953817160; 1.48987712213586e-07
211373.93785750776; 1.35901255493847e-07
211485.25617684395; 1.12610591945641e-07
211596.57449618014; 1.31926859715986e-07
211707.89281551633; 1.42770922628983e-07
211819.21113485252; 1.40166715250855e-07
211930.52945418868; 1.43372014077758e-07
212041.84777352487; 1.46639723140056e-07
212153.16609286107; 1.36373562008088e-07
212264.48441219726; 1.07334625774482e-07
212375.80273153342; 1.33899674319445e-07
212487.12105086961; 1.34888764167860e-07
212598.43937020580; 1.40557858741300e-07
212709.75768954199; 1.38102265246720e-07
212821.07600887818; 1.42801910446254e-07
212932.39432821434; 1.31098440447596e-07
213043.71264755054; 1.08252948321720e-07
213155.03096688673; 1.27004992195739e-07
213266.34928622292; 1.33388697893559e-07
213377.66760555908; 1.41618070178604e-07
213488.98592489527; 1.37776674554696e-07
213600.30424423146; 1.35870168378050e-07
213711.62256356765; 1.24248125094011e-07
213822.94088290384; 1.09404118197282e-07
213934.25920224001; 1.27302525733840e-07
214045.57752157620; 1.33938401817214e-07
214156.89584091239; 1.31621787462946e-07
214268.21416024858; 1.38381520169770e-07
214379.53247958474; 1.25991279023284e-07
214490.85079892093; 1.31271316687639e-07
214602.16911825712; 1.12278020761295e-07
214713.48743759331; 1.34658468545456e-07
214824.80575692951; 1.28162086352492e-07
214936.12407626567; 1.33598752934509e-07
215047.44239560186; 1.28552467754805e-07
215158.76071493805; 1.25531669582314e-07
215270.07903427424; 1.24344673223867e-07
215381.39735361040; 1.03662604687642e-07
215492.71567294659; 1.22147225312466e-07
215604.03399228278; 1.29266760683610e-07
215715.35231161898; 1.26591131918039e-07
215826.67063095517; 1.30481027150167e-07
215937.98895029133; 1.23299809599030e-07
216049.30726962752; 1.32442821975795e-07
216160.62558896371; 1.01274908279531e-07
216271.94390829990; 1.26596996871466e-07
216383.26222763606; 1.26799302086488e-07
216494.58054697225; 1.31272249455094e-07
216605.89886630845; 1.23210056442240e-07
216717.21718564464; 1.27003036704003e-07
216828.53550498083; 1.26415765643376e-07
216939.85382431699; 1.00490992034610e-07
217051.17214365318; 1.14430109236282e-07
217162.49046298937; 1.26328794954870e-07
217273.80878232556; 1.24415925419283e-07
217385.12710166172; 1.26302334556516e-07
217496.44542099792; 1.21241645386088e-07
217607.76374033411; 1.28571959285929e-07
217719.08205967030; 9.64695955903209e-08
217830.40037900649; 1.14126243152269e-07
217941.71869834265; 1.21959407644037e-07
218053.03701767884; 1.22429811606154e-07
218164.35533701503; 1.20033124401552e-07
218275.67365635122; 1.20586062029662e-07
218386.99197568742; 1.27233470998943e-07
218498.31029502358; 1.00233659480765e-07
218609.62861435977; 1.11757979486486e-07
218720.94693369596; 1.22079965534313e-07
218832.26525303215; 1.21503550571582e-07
218943.58357236831; 1.12779252777239e-07
219054.90189170450; 1.23086994704195e-07
219166.22021104069; 1.20905805887077e-07
219277.53853037689; 1.01051336062107e-07
219388.85684971308; 1.07387086537631e-07
219500.17516904924; 1.19086376027850e-07
219611.49348838543; 1.07726230021293e-07
219722.81180772162; 1.10252991721520e-07
219834.13012705781; 1.11194740615610e-07
219945.44844639397; 1.22587098523474e-07
220056.76676573016; 9.22261486338973e-08
220168.08508506636; 1.03952961679001e-07
220279.40340440255; 1.08046695616909e-07
220390.72172373874; 1.06998550150845e-07
220502.04004307490; 1.05905869079111e-07
220613.35836241109; 1.14538321767722e-07
220724.67668174728; 1.13137938580706e-07
220835.99500108347; 9.75646039799981e-08
220947.31332041963; 9.59692154492019e-08
221058.63163975583; 1.10075415724226e-07
221169.94995909202; 1.01428091634286e-07
221281.26827842821; 1.14626655505475e-07
221392.58659776440; 1.09876438415105e-07
221503.90491710056; 1.15768550642692e-07
221615.22323643675; 9.57995947963973e-08
221726.54155577294; 9.54517916122100e-08
221837.85987510913; 1.03323653021189e-07
221949.17819444530; 1.03180428418218e-07
222060.49651378149; 1.04674104188950e-07
222171.81483311768; 1.12080930485100e-07
222283.13315245387; 1.08873038970910e-07
222394.45147179006; 1.00558640760790e-07
222505.76979112622; 9.22313556767700e-08
222617.08811046241; 1.02086422728183e-07
222728.40642979860; 1.07525081442108e-07
222839.72474913480; 1.04990973495340e-07
222951.04306847096; 1.12766089302552e-07
223062.36138780715; 1.10455304379752e-07
223173.67970714334; 1.07160282139390e-07
223284.99802647953; 9.12791312140082e-08
223396.31634581572; 1.01549009055889e-07
223507.63466515188; 9.95114764513591e-08
223618.95298448807; 1.08842595829104e-07
223730.27130382427; 1.05394764197005e-07
223841.58962316046; 1.10116147774383e-07
223952.90794249662; 1.02812156466103e-07
224064.22626183281; 9.00627660599260e-08
224175.54458116900; 9.25238323166928e-08
224286.86290050519; 9.88031844919520e-08
224398.18121984138; 9.97979641760828e-08
224509.49953917754; 1.04381271412126e-07
224620.81785851374; 1.00794379226886e-07
224732.13617784993; 1.01415997917377e-07
224843.45449718612; 7.46527599396573e-08
224954.77281652228; 8.43342417754320e-08
225066.09113585847; 8.93179551588783e-08
225177.40945519466; 9.95459803876530e-08
225288.72777453085; 1.00317195985830e-07
225400.04609386704; 1.03784607535058e-07
225511.36441320321; 9.81097241593546e-08
225622.68273253940; 7.44108897735930e-08
225734.00105187559; 9.19481325439664e-08
225845.31937121178; 9.88191785095700e-08
225956.63769054797; 9.68851408608428e-08
226067.95600988413; 1.01952579517255e-07
226179.27432922032; 9.84644350511110e-08
226290.59264855651; 9.52145319304031e-08
226401.91096789271; 6.54191194673682e-08
226513.22928722887; 8.55937531925190e-08
226624.54760656506; 9.24780925628925e-08
226735.86592590125; 9.42754987891160e-08
226847.18424523744; 8.16501877711991e-08
226958.50256457363; 9.32994620484390e-08
227069.82088390979; 9.40810521184891e-08
227181.13920324598; 6.85825500359791e-08
227292.45752258218; 8.43053133707450e-08
227403.77584191837; 8.94258506876546e-08
227515.09416125453; 9.22658943853941e-08
227626.41248059072; 8.38851727915319e-08
227737.73079992691; 9.40946007739381e-08
227849.04911926310; 9.30966442484564e-08
227960.36743859929; 7.73994010282918e-08
228071.68575793545; 7.84674139235346e-08
228183.00407727165; 9.15232026127840e-08
228294.32239660784; 8.55751785250446e-08
228405.64071594403; 8.29165298718101e-08
228516.95903528019; 8.52762106776191e-08
228628.27735461638; 9.11826413144651e-08
228739.59567395257; 7.48774843631601e-08
228850.91399328876; 7.12635666696140e-08
228962.23231262495; 8.31107838264828e-08
229073.55063196112; 8.84811380755751e-08
229184.86895129731; 7.65964164814264e-08
229296.18727063350; 9.04565829718073e-08
229407.50558996969; 8.69165719706464e-08
229518.82390930585; 8.00044360288470e-08
229630.14222864204; 6.91529827810855e-08
229741.46054797823; 8.65930101287910e-08
229852.77886731442; 8.53624230150728e-08
229964.09718665062; 7.83166209851540e-08
230075.41550598678; 7.89807317786273e-08
230186.73382532297; 8.77913939546770e-08
230298.05214465916; 8.38118808670346e-08
230409.37046399535; 5.98007403684500e-08
230520.68878333151; 8.40150996493384e-08
230632.00710266770; 8.48257808598510e-08
230743.32542200389; 7.35582969431446e-08
230854.64374134009; 8.02550969614890e-08
230965.96206067628; 7.99224049739092e-08
231077.28038001244; 8.34672628921261e-08
231188.59869934863; 5.31844887391318e-08
231299.91701868482; 7.20824546037360e-08
231411.23533802101; 7.53882616223628e-08
231522.55365735717; 7.33777061311510e-08
231633.87197669336; 6.92264375253719e-08
231745.19029602956; 7.38830669884001e-08
231856.50861536575; 8.44961001033328e-08
231967.82693470194; 5.57068461693237e-08
232079.14525403810; 7.18596490890100e-08
232190.46357337429; 7.23698802216864e-08
232301.78189271048; 7.57230298414021e-08
232413.10021204667; 6.50679863210982e-08
232524.41853138283; 7.83535048216941e-08
232635.73685071903; 7.45268322858555e-08
232747.05517005522; 5.69331364531271e-08
232858.37348939141; 6.34088511051991e-08
232969.69180872760; 7.51831908578760e-08
233081.01012806376; 7.39180433641991e-08
233192.32844739995; 8.46147176131546e-08
233303.64676673614; 7.45306376081100e-08
233414.96508607233; 8.24916750184720e-08
233526.28340540850; 5.88139224573618e-08
233637.60172474469; 6.17569247443990e-08
233748.92004408088; 6.34389651244437e-08
233860.23836341707; 7.37082290275750e-08
233971.55668275326; 7.41879096961355e-08
234082.87500208942; 7.73355156566810e-08
234194.19332142561; 6.82757394127810e-08
234305.51164076180; 6.29353702685971e-08
234416.82996009800; 4.72723865098946e-08
234528.14827943419; 7.04851464629009e-08
234639.46659877035; 6.75024053039273e-08
234750.78491810654; 7.25796673717970e-08
234862.10323744273; 7.12481549471028e-08
234973.42155677892; 6.91072399340991e-08
235084.73987611508; 6.11674373321401e-08
235196.05819545127; 4.85992355341320e-08
235307.37651478747; 6.40043256006046e-08
235418.69483412366; 7.21073158674550e-08
235530.01315345985; 7.12196261003910e-08
235641.33147279601; 7.63265072980530e-08
235752.64979213220; 6.81094140224037e-08
235863.96811146839; 7.08539668310300e-08
235975.28643080458; 4.33042196275400e-08
236086.60475014074; 6.32122031712241e-08
236197.92306947694; 6.75841535984764e-08
236309.24138881313; 6.81989271034500e-08
236420.55970814932; 7.34791314772771e-08
236531.87802748551; 6.91554701650028e-08
236643.19634682167; 6.78642719042701e-08
236754.51466615786; 4.90612344507846e-08
236865.83298549405; 5.95670309336110e-08
236977.15130483024; 6.30734431904109e-08
237088.46962416641; 6.95187079136150e-08
237199.78794350260; 7.06314872470651e-08
237311.10626283879; 6.97546541706301e-08
237422.42458217498; 6.01425120033701e-08
237533.74290151117; 4.76848844087280e-08
237645.06122084733; 5.02839897272964e-08
237756.37954018352; 6.34552657723681e-08
237867.69785951971; 6.33451724166773e-08
237979.01617885591; 6.99891417055571e-08
238090.33449819207; 6.30925989077519e-08
238201.65281752826; 5.99414951642921e-08
238312.97113686445; 5.22831388920110e-08
238424.28945620064; 3.91665554785360e-08
238535.60777553683; 5.78813099854292e-08
238646.92609487299; 6.30154602891241e-08
238758.24441420918; 6.23460440397410e-08
238869.56273354538; 6.57227978074260e-08
238980.88105288157; 8.10485923751638e-08
239092.19937221773; 1.03769167605618e-07
239203.51769155392; 5.26003574845739e-08
239314.83601089011; 9.10981647518620e-08
239426.15433022630; 1.01727141151374e-07
239537.47264956249; 1.00463421669396e-07
239648.79096889865; 1.02181059730230e-07
239760.10928823485; 1.07247314729406e-07
239871.42760757104; 1.02884958399193e-07
239982.74592690723; 4.38031264086920e-08
240094.06424624339; 8.51030285308740e-08
240205.38256557958; 9.55561539977459e-08
240316.70088491577; 9.66944346632300e-08
240428.01920425196; 9.87707181791700e-08
240539.33752358815; 1.00058219770162e-07
240650.65584292432; 1.03704709446098e-07
240761.97416226051; 5.93498377480300e-08
240873.29248159670; 7.67763880107839e-08
240984.61080093289; 9.45488133004059e-08
241095.92912026905; 1.00243710525573e-07
241207.24743960524; 1.01829508417130e-07
241318.56575894143; 1.07183611797576e-07
241429.88407827762; 1.08467706659724e-07
241541.20239761382; 6.48005197049440e-08
241652.52071694998; 6.63025318942760e-08
241763.83903628617; 8.80561143283459e-08
241875.15735562236; 9.47223523839960e-08
241986.47567495855; 1.00652084461568e-07
242097.79399429474; 1.00614357290468e-07
242209.11231363090; 1.02929369873060e-07
242320.43063296709; 8.51983949749200e-08
242431.74895230329; 6.32669206742799e-08
242543.06727163948; 9.53078817376380e-08
242654.38559097564; 1.00201604981912e-07
242765.70391031183; 1.02247412143116e-07
242877.02222964802; 1.02739050954588e-07
242988.34054898421; 1.06104022485002e-07
243099.65886832040; 1.00111009131922e-07
243210.97718765656; 5.72895869730600e-08
243322.29550699276; 9.20930950461200e-08
243433.61382632895; 1.03863543827584e-07
243544.93214566514; 1.04490140364504e-07
243656.25046500130; 1.08061588261668e-07
243767.56878433749; 1.07883692290815e-07
243878.88710367368; 1.05717840366072e-07
243990.20542300987; 4.79042181912779e-08
244101.52374234606; 8.77774495228880e-08
244212.84206168223; 9.92316757703120e-08
244324.16038101842; 1.03265499975814e-07
244435.47870035461; 1.01516325431612e-07
244546.79701969080; 1.06759256868958e-07
244658.11533902696; 1.10752408095722e-07
244769.43365836315; 7.12388702642240e-08
244880.75197769934; 7.88306061252019e-08
244992.07029703553; 1.00209535919724e-07
245103.38861637173; 1.02403337331865e-07
245214.70693570789; 1.06489517796320e-07
245326.02525504408; 1.06126923307246e-07
245437.34357438027; 1.11660024181872e-07
245548.66189371646; 7.97828508949900e-08
245659.98021305262; 6.50779834680499e-08
245771.29853238881; 9.18713181934520e-08
245882.61685172500; 1.03813664932186e-07
245993.93517106120; 1.00707189513890e-07
246105.25349039739; 1.03827460852908e-07
246216.57180973355; 1.05245114832188e-07
246327.89012906974; 1.02625734088304e-07
246439.20844840593; 5.28541557516333e-08
246550.52676774212; 8.64736044812420e-08
246661.84508707828; 9.52840165588880e-08
246773.16340641447; 9.98320419710840e-08
246884.48172575067; 9.75834704464779e-08
246995.80004508686; 1.05053514334022e-07
247107.11836442305; 9.96265832803860e-08
247218.43668375921; 3.77479514829220e-08
247329.75500309540; 7.71474903935019e-08
247441.07332243159; 9.04140122553560e-08
247552.39164176778; 9.55250220782080e-08
247663.70996110394; 1.00396646011012e-07
247775.02828044014; 1.02656568604950e-07
247886.34659977633; 1.00863108454622e-07
247997.66491911252; 5.63173042865880e-08
248108.98323844871; 7.77294653523120e-08
248220.30155778487; 9.74656775637520e-08
248331.61987712106; 9.78469681572600e-08
248442.93819645725; 1.00426910929376e-07
248554.25651579344; 1.03926660300024e-07
248665.57483512961; 1.03388577985638e-07
248776.89315446580; 7.74731704641740e-08
248888.21147380199; 4.53515829067620e-08
248999.52979313818; 8.50534938274200e-08
249110.84811247437; 9.59352697020500e-08
249222.16643181053; 9.67472538037639e-08
249333.48475114672; 1.00737627511800e-07
249444.80307048291; 1.02444971096472e-07
249556.12138981911; 9.13620586914040e-08
249667.43970915527; 4.69311864125300e-08
249778.75802849146; 8.48627667763379e-08
249890.07634782765; 9.10182092345820e-08
250001.39466716384; 9.86068378067439e-08
250112.71298650003; 9.94947652855060e-08
250224.03130583619; 9.65182815924899e-08
250335.34962517238; 1.05484472153892e-07
250446.66794450858; 5.03413547412300e-08
250557.98626384477; 8.17411452453759e-08
250669.30458318096; 9.07345141077940e-08
250780.62290251712; 9.55993427098079e-08
250891.94122185331; 9.59421732301939e-08
251003.25954118950; 9.50748363977379e-08
251114.57786052569; 9.54193231062080e-08
251225.89617986185; 5.35413856597139e-08
251337.21449919805; 6.29839282513480e-08
251448.53281853424; 8.31037776232599e-08
251559.85113787043; 9.08001997913079e-08
251671.16945720662; 9.20426240438550e-08
251782.48777654278; 8.90178574048219e-08
251893.80609587897; 9.81028811287779e-08
252005.12441521516; 6.42993434580620e-08
252116.44273455135; 5.23866598549379e-08
252227.76105388752; 8.48884342232899e-08
252339.07937322371; 8.46691602235539e-08
252450.39769255990; 9.51281128942080e-08
252561.71601189609; 9.04932753856819e-08
252673.03433123228; 9.15536649715740e-08
252784.35265056844; 8.77697281091499e-08
252895.67096990463; 3.99994744715940e-08
253006.98928924082; 7.87835846352650e-08
253118.30760857702; 8.68698995817400e-08
253229.62592791318; 8.90333974973620e-08
253340.94424724937; 8.95966483067520e-08
253452.26256658556; 8.64971582437940e-08
253563.58088592175; 9.37727196063440e-08
253674.89920525794; 3.48346661124440e-08
253786.21752459410; 7.29956921495140e-08
253897.53584393029; 8.20885454106199e-08
254008.85416326649; 8.82263720619420e-08
254120.17248260268; 8.81069185931699e-08
254231.49080193884; 8.77282876317480e-08
254342.80912127503; 9.62664350120550e-08
254454.12744061122; 4.59089191075600e-08
254565.44575994741; 6.11080400514160e-08
254676.76407928360; 7.78900080876520e-08
254788.08239861976; 8.57398161556639e-08
254899.40071795596; 9.02259088980219e-08
255010.71903729215; 8.26862339197180e-08
255122.03735662834; 8.68474658182540e-08
255233.35567596450; 7.54190535709219e-08
255344.67399530069; 4.06968673421099e-08
255455.99231463688; 7.33794614513399e-08
255567.31063397307; 8.09136161038640e-08
255678.62895330926; 7.91252714506800e-08
255789.94727264543; 8.29031045911859e-08
255901.26559198162; 8.06546407046620e-08
256012.58391131781; 7.78127068153660e-08
256123.90223065400; 2.47897246478479e-08
256235.22054999016; 6.65264187326200e-08
256346.53886932635; 7.60506456526719e-08
256457.85718866254; 8.10196410429540e-08
256569.17550799873; 8.32223155915060e-08
256680.49382733493; 8.49252654365920e-08
