Time, s; Heat flow, Watt
2174.12916751661; 3.38918041716972e-05
2500.73385751123; 3.38306968081936e-05
2827.33854750585; 3.39990073546336e-05
3153.94323750046; 3.44770330962674e-05
3480.54792749508; 3.49732812056029e-05
3807.15261748970; 3.51791874244411e-05
4133.75730748432; 3.56739446874077e-05
4460.36199747894; 3.56843400742712e-05
4786.96668747356; 3.60141814684337e-05
5113.57137746817; 3.60542230950573e-05
5440.17606746279; 3.62983331934111e-05
5766.78075745741; 3.62851661307436e-05
6093.38544745203; 3.68293694839928e-05
6419.99013744665; 3.64726669507354e-05
6746.59482744127; 3.66156079541308e-05
7073.19951743588; 3.65208904158643e-05
7399.80420743050; 3.67064721535308e-05
7726.40889742512; 3.66049514501301e-05
8053.01358741974; 3.69289159515371e-05
8379.61827741436; 3.67698194022929e-05
8706.22296740898; 3.69128603365713e-05
9032.82765740360; 3.67392891452823e-05
9359.43234739821; 3.67304475319475e-05
9686.03703739283; 3.64290064331249e-05
10012.64172738745; 3.64715861818882e-05
10339.24641738207; 3.60361882865703e-05
10665.85110737669; 3.58478774775587e-05
10992.45579737131; 3.53956592552124e-05
11319.06048736592; 3.51144019278016e-05
11645.66517736054; 3.46103658969267e-05
11972.26986735516; 3.43483412199103e-05
12298.87455734978; 3.37398550502891e-05
12625.47924734440; 3.33720688038395e-05
12952.08393733902; 3.28239383394047e-05
13278.68862733364; 3.24168141314784e-05
13605.29331732825; 3.18390742565827e-05
13931.89800732287; 3.14406390729477e-05
14258.50269731749; 3.07437488135878e-05
14585.10738731211; 3.01608180501912e-05
14911.71207730673; 2.94526294685533e-05
15238.31676730135; 2.87841475926492e-05
15564.92145729596; 2.80023450703241e-05
15891.52614729058; 2.71943450082609e-05
16218.13083728520; 2.63649446997420e-05
16544.73552727982; 2.55484349134032e-05
16871.34021727444; 2.47748909517687e-05
17197.94490726905; 2.39658664859550e-05
17524.54959726367; 2.32361379673493e-05
17851.15428725829; 2.22500559742066e-05
18177.75897725291; 2.16167176550611e-05
18504.36366724753; 2.07514820211160e-05
18830.96835724215; 2.01118939693917e-05
19157.57304723676; 1.92860494156155e-05
19484.17773723138; 1.86675704171980e-05
19810.78242722600; 1.76962908506182e-05
20137.38711722062; 1.73196716368155e-05
20463.99180721524; 1.65665749069840e-05
20790.59649720986; 1.60334770082326e-05
21117.20118720447; 1.52488236763863e-05
21443.80587719909; 1.47174441484631e-05
21770.41056719371; 1.38490146588938e-05
22097.01525718833; 1.34726217505828e-05
22423.61994718295; 1.27933260466789e-05
22750.22463717757; 1.23518810743871e-05
23076.82932717219; 1.17025578269306e-05
23403.43401716680; 1.12564593731575e-05
23730.03870716142; 1.05370108029308e-05
24056.64339715604; 1.02749879520032e-05
24383.24808715066; 9.77836679175150e-06
24709.85277714528; 9.40182142513459e-06
25036.45746713990; 8.86708472807234e-06
25363.06215713451; 8.46547193134071e-06
25689.66684712913; 8.06710425102990e-06
26016.27153712375; 7.68460002491280e-06
26342.87622711837; 7.45965256422763e-06
26669.48091711299; 7.07713218923985e-06
26996.08560710761; 6.81325625348564e-06
27322.69029710222; 6.42863348466264e-06
27649.29498709684; 6.14158233013971e-06
27975.89967709146; 5.86816827664333e-06
28302.50436708608; 5.70052224970079e-06
28629.10905708070; 5.39777359836442e-06
28955.71374707532; 5.23354797507599e-06
29282.31843706993; 4.97326214909415e-06
29608.92312706455; 4.75660741687473e-06
29935.52781705917; 4.54583232269137e-06
30262.13250705379; 4.40544346531292e-06
30588.73719704841; 4.23846491532241e-06
30915.34188704303; 4.12836540877832e-06
31241.94657703764; 3.92992547816903e-06
31568.55126703226; 3.77667824927487e-06
31895.15595702688; 3.61995932795721e-06
32221.76064702150; 3.51716773682934e-06
32548.36533701612; 3.34422154390248e-06
32874.97002701074; 3.25231185131848e-06
33201.57471700536; 3.08509826864992e-06
33528.17940699998; 2.95625879712675e-06
33854.78409699460; 2.84437569982221e-06
34181.38878698921; 2.78459383484119e-06
34507.99347698384; 2.63067193114795e-06
34834.59816697845; 2.57643367136964e-06
35161.20285697308; 2.44837508043900e-06
35487.80754696769; 2.36145446817904e-06
35814.41223696231; 2.28130935827477e-06
36141.01692695693; 2.23512866413571e-06
36467.62161695155; 2.11938803471104e-06
36794.22630694616; 2.08726149615592e-06
37120.83099694079; 1.97168557837890e-06
37447.43568693540; 1.91672738049073e-06
37774.04037693002; 1.85697065046736e-06
38100.64506692464; 1.83083142898190e-06
38427.24975691926; 1.75719700333986e-06
38753.85444691387; 1.75626414706306e-06
39080.45913690850; 1.67003005982175e-06
39407.06382690311; 1.63055527233393e-06
39733.66851689773; 1.60559278509493e-06
40060.27320689235; 1.57782156526362e-06
40386.87789688697; 1.50419494149644e-06
40713.48258688159; 1.51006335578817e-06
41040.08727687621; 1.42661625425677e-06
41366.69196687082; 1.39565127819893e-06
41693.29665686544; 1.39339871267601e-06
42019.90134686006; 1.38275525049666e-06
42346.50603685468; 1.30127211276666e-06
42673.11072684930; 1.29957957063842e-06
42999.71541684392; 1.26377273454612e-06
43326.32010683853; 1.22966485346136e-06
43652.92479683315; 1.23420028262733e-06
43979.52948682777; 1.27330265752973e-06
44306.13417682239; 1.22653271347481e-06
44632.73886681701; 1.21615296448374e-06
44959.34355681163; 1.17163372555327e-06
45285.94824680624; 1.14909726276526e-06
45612.55293680086; 1.13150254384462e-06
45939.15762679548; 1.13469406382901e-06
46265.76231679010; 1.08845628194919e-06
46592.36700678472; 1.09609435618529e-06
46918.97169677934; 1.06859647549014e-06
47245.57638677395; 1.04164312955618e-06
47572.18107676857; 1.01638962417399e-06
47898.78576676319; 1.02058021902167e-06
48225.39045675781; 9.78616999341944e-07
48551.99514675243; 9.85441498465646e-07
48878.59983674705; 9.50061969431214e-07
49205.20452674167; 9.25377045977244e-07
49531.80921673628; 9.10268099112470e-07
49858.41390673090; 9.17732508899403e-07
50185.01859672552; 8.80691202050117e-07
50511.62328672014; 8.87311002516110e-07
50838.22797671476; 8.50379161104813e-07
51164.83266670938; 8.16233584260736e-07
51491.43735670399; 8.48745211155500e-07
51818.04204669861; 8.15333940911250e-07
52144.64673669323; 8.28254815010636e-07
52471.25142668785; 7.96689934465720e-07
52797.85611668247; 8.06172659234623e-07
53124.46080667709; 7.52943787091388e-07
53451.06549667170; 7.87656538275671e-07
53777.67018666632; 7.59433577279583e-07
54104.27487666094; 7.76972123844300e-07
54430.87956665556; 7.48120199641717e-07
54757.48425665018; 7.62869598863120e-07
55084.08894664480; 7.09835872439204e-07
55410.69363663941; 7.48794619893362e-07
55737.29832663403; 7.24370194054620e-07
56063.90301662865; 7.40388011892652e-07
56390.50770662327; 7.11231547243680e-07
56717.11239661789; 7.24501230275571e-07
57043.71708661251; 6.75404671362894e-07
57370.32177660712; 7.15933004363559e-07
57696.92646660174; 6.89006693427784e-07
58023.53115659636; 7.05586911886171e-07
58350.13584659098; 6.79201437918344e-07
58676.74053658560; 6.92710101826810e-07
59003.34522658022; 6.41326517257255e-07
59329.94991657483; 6.79944561871581e-07
59656.55460656945; 6.60566729229720e-07
59983.15929656407; 6.74179924178623e-07
60309.76398655869; 6.49785035280657e-07
60636.36867655331; 6.67352821147019e-07
60962.97336654793; 6.24414367024955e-07
61289.57805654254; 6.64351173220471e-07
61616.18274653717; 6.41245610966450e-07
61942.78743653178; 6.58026295655397e-07
62269.39212652640; 6.36200348805520e-07
62595.99681652102; 6.57395312435368e-07
62922.60150651564; 6.16220805076236e-07
63249.20619651025; 6.53033943634629e-07
63575.81088650488; 6.31937604697214e-07
63902.41557649949; 6.48314911232071e-07
64229.02026649411; 6.27573878691714e-07
64555.62495648873; 6.46734239253916e-07
64882.22964648335; 6.07835160492161e-07
65208.83433647796; 6.45626071055694e-07
65535.43902647259; 6.24190161399840e-07
65862.04371646720; 6.39087762452439e-07
66188.64840646181; 6.19382020117214e-07
66515.25309645644; 6.38449746237277e-07
66841.85778645106; 5.98050039457097e-07
67168.46247644567; 6.33525952766629e-07
67495.06716644029; 6.16139006585200e-07
67821.67185643491; 6.31748701397149e-07
68148.27654642954; 6.09110979085824e-07
68474.88123642415; 6.25525066773723e-07
68801.48592641877; 5.89336402418800e-07
69128.09061641339; 6.23922137587236e-07
69454.69530640800; 6.08784574370574e-07
69781.29999640262; 6.25233159462345e-07
70107.90468639725; 6.07762197708530e-07
70434.50937639186; 6.27134708814546e-07
70761.11406638648; 5.88329735705110e-07
71087.71875638110; 6.25118027862223e-07
71414.32344637571; 6.07948913040254e-07
71740.92813637033; 6.25257206773745e-07
72067.53282636496; 6.07249167142080e-07
72394.13751635957; 6.25029253814465e-07
72720.74220635419; 5.87816520193620e-07
73047.34689634881; 6.21104215925997e-07
73373.95158634342; 6.04637163021734e-07
73700.55627633804; 6.21410161633739e-07
74027.16096633267; 5.94885950342580e-07
74353.76565632728; 6.15256647318868e-07
74680.37034632190; 5.84086006069294e-07
75006.97503631652; 6.02581040096860e-07
75333.57972631113; 6.19041191356552e-07
75660.18441630575; 6.05161014067964e-07
75986.78910630038; 6.21474498424142e-07
76313.39379629500; 6.06007385781937e-07
76639.99848628961; 6.06462505422394e-07
76966.60317628423; 6.08234415670404e-07
77293.20786627886; 6.22802949791294e-07
77619.81255627346; 6.07996816425644e-07
77946.41724626809; 6.24978435192674e-07
78273.02193626271; 6.09093951163830e-07
78599.62662625732; 6.13591976064156e-07
78926.23131625194; 6.12766354309730e-07
79252.83600624657; 6.24082224935361e-07
79579.44069624117; 6.08499680006280e-07
79906.04538623580; 6.26568214898523e-07
80232.65007623042; 6.14638935137630e-07
80559.25476622503; 6.15713475489903e-07
80885.85945621965; 6.18904944792607e-07
81212.46414621428; 6.34886246444442e-07
81539.06883620888; 6.22901225501354e-07
81865.67352620351; 6.37775930149078e-07
82192.27821619813; 6.20517222001620e-07
82518.88290619274; 6.11831397366316e-07
82845.48759618736; 6.15519837911063e-07
83172.09228618199; 6.36383213383700e-07
83498.69697617659; 6.22569585969090e-07
83825.30166617122; 6.34592342049910e-07
84151.90635616584; 6.21739953326980e-07
84478.51104616045; 6.20908195142813e-07
84805.11573615507; 6.19486235910457e-07
85131.72042614970; 6.29231936171159e-07
85458.32511614430; 6.16275208294794e-07
85784.92980613893; 6.29937575616016e-07
86111.53449613355; 6.18985805474977e-07
86438.13918612816; 6.13115384647381e-07
86764.74387612278; 6.13253463762153e-07
87091.34856611741; 6.26996334289629e-07
87417.95325611201; 6.12487211624707e-07
87744.55794610664; 6.29544441842565e-07
88071.16263610126; 6.18815794650081e-07
88397.76732609587; 6.20905791833191e-07
88724.37201609049; 6.23654420242090e-07
89050.97670608512; 6.41190473021946e-07
89377.58139607972; 6.18947191781227e-07
89704.18608607435; 6.20037079230258e-07
90030.79077606897; 6.14005626251730e-07
90357.39546606358; 6.23605812218663e-07
90684.00015605820; 6.33277780286337e-07
91010.60484605283; 6.46075014663549e-07
91337.20953604743; 6.32174354771684e-07
91663.81422604206; 6.43961803092190e-07
91990.41891603668; 6.33906155446340e-07
92317.02360603129; 6.34837050501225e-07
92643.62829602591; 6.36932742289410e-07
92970.23298602054; 6.50184508421681e-07
93296.83767601514; 6.40006366272920e-07
93623.44236600977; 6.48093062756300e-07
93950.04705600439; 6.34983450549307e-07
94276.65174599900; 6.29553950469316e-07
94603.25643599362; 6.32723749476753e-07
94929.86112598825; 6.50646843255948e-07
95256.46581598285; 6.37256875787920e-07
95583.07050597748; 6.46812788161829e-07
95909.67519597210; 6.38188846556643e-07
96236.27988596672; 6.39132232414503e-07
96562.88457596133; 6.44544406962566e-07
96889.48926595596; 6.56619420381545e-07
97216.09395595058; 6.49631376422674e-07
97542.69864594519; 6.56139901235010e-07
97869.30333593981; 6.41625553098363e-07
98195.90802593443; 6.40497280731897e-07
98522.51271592904; 6.47835175517233e-07
98849.11740592367; 6.50082039514833e-07
99175.72209591829; 6.59358344373013e-07
99502.32678591290; 6.43998789628280e-07
99828.93147590752; 6.56398040401335e-07
100155.53616590214; 6.37806090069362e-07
100482.14085589675; 6.58056400198026e-07
100808.74554589138; 6.43377146697127e-07
101135.35023588600; 6.61495870350155e-07
101461.95492588061; 6.52502466702890e-07
101788.55961587523; 6.66720163132287e-07
102115.16430586985; 6.50381801163674e-07
102441.76899586446; 6.73778020662235e-07
102768.37368585909; 6.65382351961603e-07
103094.97837585371; 6.76617253810303e-07
103421.58306584832; 6.66818806698130e-07
103748.18775584294; 6.69438038873200e-07
104074.79244583756; 6.47562822707461e-07
104401.39713583217; 6.64251331731423e-07
104728.00182582680; 6.53887972865446e-07
105054.60651582142; 6.60365651692397e-07
105381.21120581603; 6.50951851040900e-07
105707.81589581065; 6.63976757193158e-07
106034.42058580527; 6.49415397659997e-07
106361.02527579988; 6.66024169213477e-07
106687.62996579451; 6.61346710409690e-07
107014.23465578913; 6.73590995348352e-07
107340.83934578374; 6.62064496945360e-07
107667.44403577836; 6.73127609992923e-07
107994.04872577298; 6.56783091164997e-07
108320.65341576759; 6.73967346150226e-07
108647.25810576222; 6.64875058081717e-07
108973.86279575684; 6.74152050321377e-07
109300.46748575145; 6.69514011385184e-07
109627.07217574607; 6.75778213728426e-07
109953.67686574069; 6.57605503273839e-07
110280.28155573530; 6.73599644130842e-07
110606.88624572993; 6.67104798564864e-07
110933.49093572455; 6.77705806771394e-07
111260.09562571916; 6.72706957547287e-07
111586.70031571378; 6.81407556971584e-07
111913.30500570840; 6.66566570761713e-07
112239.90969570301; 6.80892757112816e-07
112566.51438569764; 6.73289594713287e-07
112893.11907569226; 6.76380998338274e-07
113219.72376568687; 6.73709024648930e-07
113546.32845568149; 6.82014145831339e-07
113872.93314567611; 6.57271912238539e-07
114199.53783567072; 4.94542153838855e-07
114526.14252566535; 5.00695547986897e-07
114852.74721565997; 5.36701310877655e-07
115179.35190565458; 5.54255669674480e-07
115505.95659564920; 5.63434277335229e-07
115832.56128564382; 5.64163267754168e-07
116159.16597563843; 5.80593824382045e-07
116485.77066563306; 5.87046103109987e-07
116812.37535562768; 5.96042510917932e-07
117138.98004562229; 5.89864744610710e-07
117465.58473561691; 6.00606698298200e-07
117792.18942561153; 5.96408760641216e-07
118118.79411560616; 6.06233966264868e-07
118445.39880560077; 6.04423936140517e-07
118772.00349559539; 6.13624630794258e-07
119098.60818559001; 6.08864459599970e-07
119425.21287558462; 6.07795802091648e-07
119751.81756557924; 6.01658246415391e-07
120078.42225557387; 6.06780145922181e-07
120405.02694556848; 5.97145572817580e-07
120731.63163556310; 5.96063262908332e-07
121058.23632555772; 5.94246289111103e-07
121384.84101555233; 6.00509102002752e-07
121711.44570554695; 5.94728947263145e-07
122038.05039554158; 6.05557080161936e-07
122364.65508553619; 5.74178941431967e-07
122691.25977553081; 4.85739418803090e-07
123017.86446552543; 4.95526579699700e-07
123344.46915552004; 5.05863896918097e-07
123671.07384551466; 5.15831914800429e-07
123997.67853550929; 5.22193883664926e-07
124324.28322550390; 5.30652951866270e-07
124650.88791549852; 5.35225171343055e-07
124977.49260549314; 5.26192637461237e-07
125304.09729548775; 5.33632539633794e-07
125630.70198548237; 5.42623960657332e-07
125957.30667547700; 5.48058304802387e-07
126283.91136547161; 5.48289790655710e-07
126610.51605546623; 5.52866111561584e-07
126937.12074546085; 5.49918852825687e-07
127263.72543545546; 5.47770558481454e-07
127590.33012545008; 5.47148851191716e-07
127916.93481544471; 5.45768714075223e-07
128243.53950543932; 5.50520525097381e-07
128570.14419543394; 5.51770173853677e-07
128896.74888542856; 5.52879204968103e-07
129223.35357542317; 5.53730214621003e-07
129549.95826541779; 5.51720430239925e-07
129876.56295541242; 5.53169140936424e-07
130203.16764540703; 5.56589111209532e-07
130529.77233540165; 5.57422412280350e-07
130856.37702539627; 5.57391866758794e-07
131182.98171539087; 5.57348728914317e-07
131509.58640538549; 5.59978559365747e-07
131836.19109538011; 5.59126668176127e-07
132162.79578537471; 5.64544846353229e-07
132489.40047536933; 5.64981400666274e-07
132816.00516536395; 5.63568159617419e-07
133142.60985535858; 5.52998732744793e-07
133469.21454535320; 5.59322505760881e-07
133795.81923534782; 5.64045371742577e-07
134122.42392534245; 5.69668135378390e-07
134449.02861533707; 5.73384266856917e-07
134775.63330533166; 5.75463935828232e-07
135102.23799532629; 5.76651602165527e-07
135428.84268532091; 5.71979277507766e-07
135755.44737531553; 5.66421845009670e-07
136082.05206531016; 5.63789747433297e-07
136408.65675530478; 5.65591171742113e-07
136735.26144529937; 5.69360097647371e-07
137061.86613529400; 5.70264331474557e-07
137388.47082528862; 5.68585255771584e-07
137715.07551528324; 5.63230353959640e-07
138041.68020527787; 5.66582026411700e-07
138368.28489527249; 5.56965110061233e-07
138694.88958526708; 5.55108177898164e-07
139021.49427526171; 5.60058033413704e-07
139348.09896525633; 5.68049626167900e-07
139674.70365525095; 5.68288275825533e-07
140001.30834524558; 5.65739412395478e-07
140327.91303524020; 5.59758141171970e-07
140654.51772523479; 5.58407917098790e-07
140981.12241522942; 5.61880304967334e-07
141307.72710522404; 5.63791063034706e-07
141634.33179521866; 5.63882812153080e-07
141960.93648521329; 5.63660647841684e-07
142287.54117520791; 5.68493245713813e-07
142614.14586520250; 5.73700789181229e-07
142940.75055519713; 5.77824919982907e-07
143267.35524519175; 5.79391531559816e-07
143593.95993518637; 5.77500615605214e-07
143920.56462518100; 5.63562261161674e-07
144247.16931517562; 5.64618913960937e-07
144573.77400517021; 5.69970424161442e-07
144900.37869516484; 5.67836264046243e-07
145226.98338515946; 5.59983101248350e-07
145553.58807515408; 5.61628780151670e-07
145880.19276514871; 5.63327191485671e-07
146206.79745514333; 5.69114915865903e-07
146533.40214513792; 5.74958830979345e-07
146860.00683513255; 5.79696318450840e-07
147186.61152512717; 5.79646193625369e-07
147513.21621512179; 5.81123265912243e-07
147839.82090511642; 5.79487881842297e-07
148166.42559511104; 5.76334450443510e-07
148493.03028510563; 5.72492840505410e-07
148819.63497510026; 5.72821192416183e-07
149146.23966509488; 5.74499090215022e-07
149472.84435508950; 5.72605611940757e-07
149799.44904508413; 5.74651087561971e-07
150126.05373507875; 5.75409714511363e-07
150452.65842507337; 5.72894072404864e-07
150779.26311506797; 5.77822088488060e-07
151105.86780506259; 5.68225907521732e-07
151432.47249505721; 5.74310193065558e-07
151759.07718505184; 5.71879531743845e-07
152085.68187504646; 5.77682394136240e-07
152412.28656504108; 5.74059434382816e-07
152738.89125503568; 5.73154673979744e-07
153065.49594503030; 5.72331666460145e-07
153392.10063502492; 5.83749099172184e-07
153718.70532501955; 5.74004856285432e-07
154045.31001501417; 5.72484326104463e-07
154371.91470500879; 5.75091610545548e-07
154698.51939500339; 5.80896433396787e-07
155025.12408499801; 5.76074072676129e-07
155351.72877499263; 5.88840477136168e-07
155678.33346498726; 5.80727039864226e-07
156004.93815498188; 5.72433379615307e-07
156331.54284497650; 5.59928055634868e-07
156658.14753497110; 5.71911052185027e-07
156984.75222496572; 5.73060467054143e-07
157311.35691496034; 5.76166572294872e-07
157637.96160495497; 5.79889086835920e-07
157964.56629494959; 5.75150566306791e-07
158291.17098494421; 5.75975059172193e-07
158617.77567493881; 5.74672719472155e-07
158944.38036493343; 5.76085148949060e-07
159270.98505492805; 5.78226430618600e-07
159597.58974492268; 5.87040936869910e-07
159924.19443491730; 5.86631823304313e-07
160250.79912491192; 5.86483374882500e-07
160577.40381490652; 5.83260403050116e-07
160904.00850490114; 5.89623086218900e-07
161230.61319489576; 5.89573247830325e-07
161557.21788489039; 5.89058220528003e-07
161883.82257488501; 5.85908626328903e-07
162210.42726487963; 5.86680777108927e-07
162537.03195487423; 5.82024599250329e-07
162863.63664486885; 5.80287568676736e-07
163190.24133486347; 5.75625933092737e-07
163516.84602485810; 5.74519375478173e-07
163843.45071485272; 5.75382082176190e-07
164170.05540484734; 5.68575135488654e-07
164496.66009484194; 5.62759000688629e-07
164823.26478483656; 4.95860448444640e-07
165149.86947483118; 4.72938239824653e-07
165476.47416482581; 4.96571336731437e-07
165803.07885482043; 5.06090562884790e-07
166129.68354481505; 5.21677946730917e-07
166456.28823480965; 5.18367214391119e-07
166782.89292480427; 5.33973367903600e-07
167109.49761479889; 5.28802889000709e-07
167436.10230479352; 5.31056093375780e-07
167762.70699478814; 5.26128132056707e-07
168089.31168478276; 5.40229796972397e-07
168415.91637477736; 5.33686493723652e-07
168742.52106477198; 5.38845856993087e-07
169069.12575476660; 5.41168654085341e-07
169395.73044476123; 5.61039327214517e-07
169722.33513475585; 5.40067488171926e-07
170048.93982475047; 5.45411419404190e-07
170375.54451474510; 5.45881695721661e-07
170702.14920473969; 5.51773904067020e-07
171028.75389473431; 5.49210528045713e-07
171355.35858472894; 5.49443453756213e-07
171681.96327472356; 5.43241192072123e-07
172008.56796471818; 5.48972751021370e-07
172335.17265471281; 5.47043905717136e-07
172661.77734470740; 5.56366187589470e-07
172988.38203470202; 5.55135221157634e-07
173314.98672469665; 5.57565581211927e-07
173641.59141469127; 5.41130995059545e-07
173968.19610468589; 5.51621284351037e-07
174294.80079468052; 5.46336991415752e-07
174621.40548467511; 5.50250989960800e-07
174948.01017466973; 5.41301916528859e-07
175274.61486466436; 5.46931265168227e-07
175601.21955465898; 5.38154700235681e-07
175927.82424465360; 5.40398857527507e-07
176254.42893464823; 5.31923790081245e-07
176581.03362464282; 5.46922604810924e-07
176907.63831463744; 5.49374391301050e-07
177234.24300463207; 5.39382378357260e-07
177560.84769462669; 5.35229334571403e-07
177887.45238462131; 5.45849109596550e-07
178214.05707461594; 5.41055501437629e-07
178540.66176461053; 5.49276771613307e-07
178867.26645460515; 5.57629477430184e-07
179193.87114459978; 5.54064896998430e-07
179520.47583459440; 5.46275613164555e-07
179847.08052458902; 5.53204027364627e-07
180173.68521458365; 5.47660662619519e-07
180500.28990457824; 5.50292728840770e-07
180826.89459457286; 5.48866299295191e-07
181153.49928456749; 5.51906262044880e-07
181480.10397456211; 5.46541116941929e-07
181806.70866455673; 5.56825203688690e-07
182133.31335455136; 5.45999158875636e-07
182459.91804454595; 5.48666219989264e-07
182786.52273454057; 5.45588634646881e-07
183113.12742453520; 5.52436228153310e-07
183439.73211452982; 5.42439965331936e-07
183766.33680452444; 5.56954779111650e-07
184092.94149451907; 5.51420702527116e-07
184419.54618451366; 5.53369260427440e-07
184746.15087450828; 5.55197507675138e-07
185072.75556450291; 5.53476809786990e-07
185399.36025449753; 5.44903042982913e-07
185725.96494449215; 5.54137059974457e-07
186052.56963448678; 5.45405812799926e-07
186379.17432448137; 5.56383038747780e-07
186705.77901447599; 5.68055334615032e-07
187032.38370447062; 5.53430600287123e-07
187358.98839446524; 5.56723926481830e-07
187685.59308445986; 5.45884380943765e-07
188012.19777445449; 5.51602175997537e-07
188338.80246444908; 5.39377621568800e-07
188665.40715444370; 5.58694632253319e-07
188992.01184443833; 5.40556177234632e-07
189318.61653443295; 5.47462537602153e-07
189645.22122442757; 5.39891582754713e-07
189971.82591442220; 5.52979602839047e-07
190298.43060441682; 5.41211883754565e-07
190625.03529441141; 5.55539746220352e-07
190951.63998440604; 5.40273883201536e-07
191278.24467440066; 5.54193899183573e-07
191604.84936439528; 5.44238300012158e-07
191931.45405438991; 5.53921763542407e-07
192258.05874438453; 5.43224267598294e-07
192584.66343437912; 5.65120335027907e-07
192911.26812437375; 5.43841297088894e-07
193237.87281436837; 5.56184589461820e-07
193564.47750436299; 5.39814714083468e-07
193891.08219435762; 5.51167885454193e-07
194217.68688435224; 5.43252682313213e-07
194544.29157434683; 5.70413398421861e-07
194870.89626434146; 5.48040403783477e-07
195197.50095433608; 5.62605658980130e-07
195524.10564433070; 5.42629726837323e-07
195850.71033432533; 5.52181648818600e-07
196177.31502431995; 5.44390715029678e-07
196503.91971431454; 5.67083026903106e-07
196830.52440430917; 5.44826939070755e-07
197157.12909430379; 5.56077955509533e-07
197483.73378429841; 5.47619845496800e-07
197810.33847429304; 5.70185990913367e-07
198136.94316428766; 5.56033034304136e-07
198463.54785428225; 5.77183334020110e-07
198790.15254427688; 5.46587672652249e-07
199116.75723427150; 5.57517566689853e-07
199443.36192426612; 5.47443749861961e-07
199769.96661426075; 5.59055991246290e-07
200096.57130425537; 5.50862585500258e-07
200423.17599424996; 5.65380908681107e-07
200749.78068424459; 5.38479726418016e-07
201076.38537423921; 5.44329537546284e-07
201402.99006423383; 5.37979869858361e-07
201729.59475422846; 5.48510125114897e-07
202056.19944422308; 5.35769094084245e-07
202382.80413421767; 5.60801312438313e-07
202709.40882421230; 5.31942081560368e-07
203036.01351420692; 5.38156705477467e-07
203362.61820420154; 5.32464637396345e-07
203689.22289419617; 5.42854035703537e-07
204015.82758419079; 5.31325141471723e-07
204342.43227418538; 5.56158513835049e-07
204669.03696418001; 5.31634237565232e-07
204995.64165417463; 5.47255788689864e-07
205322.24634416925; 5.38633479184748e-07
205648.85103416388; 5.59826698247614e-07
205975.45572415850; 5.48479407520332e-07
206302.06041415309; 5.67381864118781e-07
206628.66510414772; 5.51987259363413e-07
206955.26979414234; 5.32880854920133e-07
207281.87448413696; 5.16316682913355e-07
207608.47917413159; 5.35643098397003e-07
207935.08386412621; 5.25426425509100e-07
208261.68855412080; 5.47262836822242e-07
208588.29324411543; 5.28144881737252e-07
208914.89793411005; 5.38670426679090e-07
209241.50262410467; 5.32040029309235e-07
209568.10731409930; 5.45759528521190e-07
209894.71200409392; 5.36554384869523e-07
210221.31669408851; 5.52577593464390e-07
210547.92138408314; 5.35037080839910e-07
210874.52607407776; 5.59725197332563e-07
211201.13076407238; 5.46482853712316e-07
211527.73545406701; 5.39128936369103e-07
211854.34014406163; 5.30466304889016e-07
212180.94483405625; 5.63444583876032e-07
212507.54952405085; 5.29894713015361e-07
212834.15421404547; 5.38759799819617e-07
213160.75890404009; 5.33101038152152e-07
213487.36359403472; 5.54672608387373e-07
213813.96828402934; 5.25505445188826e-07
214140.57297402396; 5.53419881200510e-07
214467.17766401856; 5.38194429871871e-07
214793.78235401318; 5.42129952252003e-07
215120.38704400780; 5.29177884930926e-07
215446.99173400243; 5.45239904471020e-07
215773.59642399705; 5.47059207751645e-07
216100.20111399167; 5.55685017385281e-07
216426.80580398627; 5.46854428788190e-07
216753.41049398089; 5.30586391708519e-07
217080.01518397551; 5.44711879373380e-07
217406.61987397014; 5.32586945780610e-07
217733.22456396476; 5.56281507282017e-07
218059.82925395938; 5.46429583167628e-07
218386.43394395398; 5.49218964771600e-07
218713.03863394860; 5.43115078507874e-07
219039.64332394322; 5.90231909208050e-07
219366.24801393785; 5.14386989390500e-07
219692.85270393247; 5.26363435389553e-07
220019.45739392709; 5.33822590513581e-07
220346.06208392169; 5.38972837144240e-07
220672.66677391631; 5.27749297996532e-07
220999.27146391093; 5.39214300134587e-07
221325.87615390556; 5.13582273410410e-07
221652.48084390018; 5.19966881179437e-07
221979.08553389480; 5.24898774139759e-07
222305.69022388940; 5.24750841184637e-07
222632.29491388402; 5.11109751960361e-07
222958.89960387864; 5.23022946289997e-07
223285.50429387327; 5.14071687486916e-07
223612.10898386789; 5.34350860551190e-07
223938.71367386251; 5.34634432264313e-07
224265.31836385711; 5.33762933692350e-07
224591.92305385173; 5.22383428546577e-07
224918.52774384635; 5.42852468197840e-07
225245.13243384098; 5.31918940496923e-07
225571.73712383560; 5.34559455574163e-07
225898.34181383022; 5.49983942369309e-07
226224.94650382482; 5.28978940254827e-07
226551.55119381944; 5.12930964674349e-07
226878.15588381406; 5.30016721000610e-07
227204.76057380869; 5.13752724367961e-07
227531.36526380331; 5.30074882536040e-07
227857.96995379793; 5.32929658024016e-07
228184.57464379253; 5.37390035177520e-07
228511.17933378715; 5.23373422234652e-07
228837.78402378177; 5.34906399478463e-07
229164.38871377640; 5.17618646925703e-07
229490.99340377102; 5.27855829479687e-07
229817.59809376564; 5.40096799146972e-07
230144.20278376024; 5.40597771556223e-07
230470.80747375486; 5.25736590548000e-07
230797.41216374948; 5.50340252862587e-07
231124.01685374411; 5.23320499338349e-07
231450.62154373873; 5.18738877320747e-07
231777.22623373335; 5.25087138326947e-07
232103.83092372795; 5.39998965315247e-07
232430.43561372257; 5.27178222400361e-07
232757.04030371719; 5.28992802797070e-07
233083.64499371182; 5.16546355509994e-07
233410.24968370644; 5.27461332695860e-07
233736.85437370106; 5.28441570061909e-07
234063.45906369569; 5.30288722505573e-07
234390.06375369028; 5.16300337091900e-07
234716.66844368490; 5.35137059757313e-07
235043.27313367953; 5.18422440712806e-07
235369.87782367415; 5.33921374841630e-07
235696.48251366877; 5.40300194441190e-07
236023.08720366340; 5.41102196105056e-07
236349.69189365799; 5.19400028041148e-07
236676.29658365261; 5.16656671264003e-07
237002.90127364724; 5.09627963220816e-07
237329.50596364186; 5.30103954539893e-07
237656.11065363648; 5.29998936832381e-07
237982.71534363111; 5.32216718897266e-07
238309.32003362570; 5.19858773488816e-07
238635.92472362032; 5.36317550475930e-07
238962.52941361495; 5.19987162850477e-07
239289.13410360957; 5.36482714960207e-07
239615.73879360419; 5.46367187848181e-07
239942.34348359882; 5.46444391926813e-07
240268.94817359341; 5.34684165287577e-07
240595.55286358803; 5.81708688900100e-07
240922.15755358266; 5.13464482558026e-07
241248.76224357728; 5.24981919012623e-07
241575.36693357190; 5.19252641119200e-07
241901.97162356653; 5.26173174917053e-07
242228.57631356112; 8.72689089975845e-07
242555.18100355574; 1.04696730765097e-06
242881.78569355037; 1.03853623200991e-06
243208.39038354499; 1.03388702615293e-06
243534.99507353961; 1.04286558916563e-06
243861.59976353424; 1.04449460058616e-06
244188.20445352883; 1.03693679557993e-06
244514.80914352345; 1.03748874668176e-06
244841.41383351808; 1.03668594176371e-06
245168.01852351270; 1.03596313336088e-06
245494.62321350732; 1.03920370084354e-06
245821.22790350195; 1.04814184678335e-06
246147.83259349654; 1.05096294984636e-06
246474.43728349116; 1.05082777516757e-06
246801.04197348579; 1.05511004323972e-06
247127.64666348041; 1.05239112542944e-06
247454.25135347503; 1.06040991113366e-06
247780.85604346966; 1.05929361113978e-06
248107.46073346425; 1.05143346458029e-06
248434.06542345887; 1.03792893752023e-06
248760.67011345350; 1.04923036894252e-06
249087.27480344812; 1.04448483062931e-06
249413.87949344274; 1.03829241932760e-06
249740.48418343737; 1.04552941285542e-06
250067.08887343196; 1.05022289444833e-06
250393.69356342658; 1.05509184084955e-06
250720.29825342121; 1.06226115972540e-06
251046.90294341583; 1.05669568245449e-06
251373.50763341045; 1.05637164930904e-06
251700.11232340508; 1.05970440675037e-06
252026.71701339967; 1.06198538411475e-06
