Time, s; Heat flow, Watt
2326.08559523819; -6.08483709371880e-06
2710.89101288345; -3.46977396083140e-06
3140.44252286322; -1.09772942152147e-05
3525.24794050847; -1.27087109363684e-05
3954.79945048823; -1.26651736254251e-05
4384.35096046798; -1.30063015326723e-05
4769.15637811324; -1.27260773434984e-05
5198.70788809301; -1.27743502774231e-05
5583.51330573826; -1.24180820196234e-05
6013.06481571802; -1.25277411065595e-05
6442.61632569778; -1.20613010554782e-05
6827.42174334303; -1.16126023421198e-05
7256.97325332280; -1.09373881614124e-05
7641.77867096805; -1.01416359758085e-05
8071.33018094781; -9.36535766582030e-06
8500.88169092757; -8.62621511697300e-06
8885.68710857283; -8.42475577530140e-06
9315.23861855259; -7.52006596138540e-06
9700.04403619784; -7.09489707648349e-06
10129.59554617761; -6.37448221589440e-06
10559.14705615737; -5.53463614593600e-06
10943.95247380262; -5.02634585906350e-06
11373.50398378238; -4.24726839119550e-06
11758.30940142764; -3.66974816881480e-06
12187.86091140740; -2.96160847079849e-06
12617.41242138716; -2.40649329000630e-06
13002.21783903241; -1.79159324032480e-06
13431.76934901217; -1.05557338936900e-06
13816.57476665742; -8.34267971388198e-07
14246.12627663719; 1.85457623872999e-07
14675.67778661695; 5.95477734015101e-07
15060.48320426220; 9.33706622105900e-07
15490.03471424197; 1.36791182159630e-06
15874.84013188722; 1.92484246261220e-06
16304.39164186698; 2.03123907157710e-06
16733.94315184674; 2.61018343039800e-06
17118.74856949200; 2.99031196306440e-06
17548.30007947176; 3.21426438842800e-06
17933.10549711702; 3.70968572887450e-06
18362.65700709678; 3.72204475196840e-06
18792.20851707653; 4.09323360919920e-06
19177.01393472179; 4.15998845391270e-06
19606.56544470155; 4.22410895786370e-06
19991.37086234680; 4.28530255561480e-06
20420.92237232657; 3.98197701917850e-06
20850.47388230632; 3.50589603028330e-06
21235.27929995158; 3.64305858252440e-06
21664.83080993134; 2.83205751481640e-06
22049.63622757660; 3.16236306195890e-06
22479.18773755636; 2.43749662711910e-06
22908.73924753612; 2.09684344932430e-06
23293.54466518138; 1.79134401852830e-06
23723.09617516114; 1.93045001905910e-06
24107.90159280639; 9.36477953919200e-07
24537.45310278615; 9.91350185670300e-07
24967.00461276591; 1.08387743625640e-06
25351.81003041117; 5.98491405617600e-07
25781.36154039093; 2.84952991067300e-07
26166.16695803618; -2.48036503317099e-07
26595.71846801594; -3.23580645363769e-07
27025.26997799570; -4.06068211142461e-07
27410.07539564096; -1.02963628133381e-06
27839.62690562072; -1.08725096475798e-06
28224.43232326597; -1.14935570102684e-06
28653.98383324574; -1.19459482953335e-06
29083.53534322550; -1.24252408531277e-06
29468.34076087075; -1.51883525330081e-06
29897.89227085051; -1.57260222221323e-06
30282.69768849577; -1.91389850179045e-06
30712.24919847553; -1.91576297281134e-06
31141.80070845529; -2.45741372706938e-06
31526.60612610055; -2.33192891078653e-06
31956.15763608030; -2.74522112078822e-06
32340.96305372556; -2.56587026978404e-06
32770.51456370532; -3.05164935530499e-06
33200.06607368508; -2.62466631201411e-06
33584.87149133033; -3.19134457407986e-06
34014.42300131010; -2.80646999867808e-06
34399.22841895535; -3.47337498214078e-06
34828.77992893511; -2.89604533216670e-06
35258.33143891487; -2.96754394738163e-06
35643.13685656013; -3.03264710485818e-06
36072.68836653989; -3.05639078119631e-06
36457.49378418514; -2.82794386848895e-06
36887.04529416491; -2.91324179030985e-06
37316.59680414466; -2.97743810091119e-06
37701.40222178992; -3.00096318741028e-06
38130.95373176967; -3.01545895711232e-06
38515.75914941494; -3.07158684915852e-06
38945.31065939469; -3.07002816304940e-06
39374.86216937446; -3.10617396506098e-06
39759.66758701971; -3.12766696424442e-06
40189.21909699947; -3.12268904170881e-06
40574.02451464473; -3.09630483395055e-06
41003.57602462449; -3.05548511736439e-06
41433.12753460425; -3.39631370595288e-06
41817.93295224950; -3.20480388084008e-06
42247.48446222926; -3.47052476102676e-06
42632.28987987452; -3.45536839060481e-06
43061.84138985428; -3.43213689956517e-06
43491.39289983404; -3.12747319766108e-06
43876.19831747930; -3.33446808112663e-06
44305.74982745906; -2.97155614609076e-06
44690.55524510430; -3.22861144834825e-06
45120.10675508407; -2.83081623716811e-06
45549.65826506384; -2.90739254553517e-06
45934.46368270909; -2.82303504031463e-06
46364.01519268884; -2.81904033937737e-06
46748.82061033411; -2.67830789208567e-06
47178.37212031386; -2.67614621578413e-06
47607.92363029363; -2.66594755690421e-06
47992.72904793888; -2.52578709189899e-06
48422.28055791864; -2.56447759051204e-06
48807.08597556390; -2.42835611586667e-06
49236.63748554366; -2.42798717003691e-06
49666.18899552342; -2.39536802458072e-06
50050.99441316868; -2.25787258385864e-06
50480.54592314843; -2.31700086950486e-06
50865.35134079368; -2.17871813926070e-06
51294.90285077345; -2.19156859294152e-06
51724.45436075321; -2.29939431520200e-06
52109.25977839847; -2.11931155574455e-06
52538.81128837822; -2.24131839464505e-06
52923.61670602348; -1.90767639127771e-06
53353.16821600324; -1.75041995407351e-06
53782.71972598301; -1.68959017254735e-06
54167.52514362826; -1.84099415182541e-06
54597.07665360802; -1.59464795076929e-06
54981.88207125327; -1.57509898858855e-06
55411.43358123304; -1.55045976709125e-06
55840.98509121279; -1.51027912168832e-06
56225.79050885805; -1.48332695236283e-06
56655.34201883781; -1.44811671916834e-06
57040.14743648306; -1.43665407047124e-06
57469.69894646283; -1.37044463537305e-06
57899.25045644259; -1.35202372113821e-06
58284.05587408785; -1.46831863552625e-06
58713.60738406760; -1.46275239605948e-06
59098.41280171286; -1.40347088260393e-06
59527.96431169262; -1.33708304883556e-06
59957.51582167238; -1.27347949821614e-06
60342.32123931764; -1.32472907833775e-06
60771.87274929739; -1.19683023086026e-06
61156.67816694265; -1.20663557229958e-06
61586.22967692241; -1.19370670004294e-06
62015.78118690217; -1.18549650203592e-06
62400.58660454742; -1.19578655569503e-06
62830.13811452719; -1.11436948865205e-06
63214.94353217244; -1.14146992011911e-06
63644.49504215221; -1.06289002250935e-06
64074.04655213196; -9.66643062735144e-07
64458.85196977723; -1.17215962253744e-06
64888.40347975698; -1.05915850051936e-06
65273.20889740223; -9.45932526095286e-07
65702.76040738200; -9.21508659035405e-07
66132.31191736176; -8.95858609060512e-07
66517.11733500702; -8.44052499714158e-07
66946.66884498677; -8.43049020790695e-07
67331.47426263202; -8.52565940307608e-07
67761.02577261179; -8.24632312745566e-07
68190.57728259155; -8.29055138642630e-07
68575.38270023681; -7.86401705018041e-07
69004.93421021657; -7.97502788845372e-07
69389.73962786183; -7.96819109971561e-07
69819.29113784159; -7.69617071408402e-07
70248.84264782134; -4.59420940309669e-07
70633.64806546659; -5.24837842300675e-07
71063.19957544636; -5.92353581574549e-07
71448.00499309161; -5.91674883811316e-07
71877.55650307136; -6.49792174532034e-07
72307.10801305113; -7.31292703699036e-07
72691.91343069638; -6.67593807364809e-07
73121.46494067615; -5.82922639414757e-07
73506.27035832140; -6.93856634120199e-07
73935.82186830117; -6.18323260595030e-07
74365.37337828093; -6.29916495163819e-07
74750.17879592619; -6.26640522618409e-07
75179.73030590595; -1.03377620822127e-06
75564.53572355121; -9.80919807216261e-07
75994.08723353095; -1.02721576640325e-06
76423.63874351072; -1.00321056691716e-06
76808.44416115597; -9.84219748878088e-07
77237.99567113574; -9.69801529201311e-07
77622.80108878099; -9.81586008947004e-07
78052.35259876074; -9.60882582629983e-07
78481.90410874051; -1.03137840017354e-06
78866.70952638576; -9.31289372067987e-07
79296.26103636553; -1.05064431550961e-06
79681.06645401078; -9.93046942838075e-07
80110.61796399055; -9.81470663282564e-07
80540.16947397031; -1.13368737226148e-06
80924.97489161557; -9.97451523287909e-07
81354.52640159533; -1.16645315275223e-06
81739.33181924059; -1.89858487401623e-06
82168.88332922033; -2.13871336849680e-06
82598.43483920008; -1.95773979375046e-06
82983.24025684534; -2.15758541693385e-06
83412.79176682510; -1.88733669563629e-06
83797.59718447036; -2.17220016752746e-06
84227.14869445012; -2.01410744642829e-06
84656.70020442989; -2.04898043321151e-06
85041.50562207514; -1.94805491841618e-06
85471.05713205491; -1.91611834991806e-06
85855.86254970016; -1.93642057129788e-06
86285.41405967993; -2.03435409498416e-06
86714.96556965967; -1.87844255474626e-06
87099.77098730493; -1.99808528913193e-06
87529.32249728469; -2.05774876625829e-06
87914.12791492995; -1.95557751675194e-06
88343.67942490970; -1.85443932794281e-06
88773.23093488946; -1.96346057034285e-06
89158.03635253472; -1.91943656459223e-06
89587.58786251448; -2.03718198811588e-06
89972.39328015974; -1.86673411129048e-06
90401.94479013950; -1.88638342529619e-06
90831.49630011927; -1.99709006959310e-06
91216.30171776452; -2.03825629311034e-06
91645.85322774429; -2.08945295625074e-06
92030.65864538954; -1.91041645287512e-06
92460.21015536929; -1.89891811460040e-06
92889.76166534905; -1.77266676570188e-06
93274.56708299431; -1.89582978748590e-06
93704.11859297407; -1.63581448698718e-06
94088.92401061933; -1.68676949476237e-06
94518.47552059908; -1.62140970479449e-06
94948.02703057884; -1.68472130665108e-06
95332.83244822410; -1.65901579056303e-06
95762.38395820386; -1.63865946638868e-06
96147.18937584912; -1.66203971713776e-06
96576.74088582888; -1.59541717015133e-06
97006.29239580865; -1.54403564171758e-06
97391.09781345390; -1.52326953400441e-06
97820.64932343367; -1.52807972989371e-06
98205.45474107892; -1.49694018205535e-06
98635.00625105867; -1.46026815401390e-06
99064.55776103842; -1.41952481869643e-06
99449.36317868368; -1.39124431260464e-06
99878.91468866344; -1.42555255369608e-06
100263.72010630870; -1.37155822278028e-06
100693.27161628846; -1.46945062105395e-06
101122.82312626822; -1.11004087469311e-06
101507.62854391348; -1.13672862111062e-06
101937.18005389324; -1.03343932176468e-06
102321.98547153850; -1.05170534545878e-06
102751.53698151826; -1.02277274304115e-06
103181.08849149803; -9.32789450573378e-07
103565.89390914327; -9.05264922111303e-07
103995.44541912303; -8.64642605115559e-07
104380.25083676829; -9.09785298151103e-07
104809.80234674804; -8.53420001266033e-07
105239.35385672780; -8.78202089597775e-07
105624.15927437306; -8.40528206586980e-07
106053.71078435282; -8.30780636202585e-07
106438.51620199808; -8.27515184040673e-07
106868.06771197784; -7.47030346417634e-07
107297.61922195760; -7.91190599129180e-07
107682.42463960286; -7.69436160728850e-07
108111.97614958262; -7.24008741761670e-07
108496.78156722788; -7.41104386177950e-07
108926.33307720763; -7.76820430530311e-07
109355.88458718739; -8.25301388737677e-07
109740.69000483265; -5.98440273357137e-07
110170.24151481241; -7.06800658258390e-07
110555.04693245767; -5.97756125376415e-07
110984.59844243742; -6.16055285144310e-07
111414.14995241718; -5.03077816432540e-07
111798.95537006244; -5.25679987978402e-07
112228.50688004220; -5.11538747865557e-07
112613.31229768746; -5.18943119702879e-07
113042.86380766722; -4.35667746736770e-07
113472.41531764698; -3.19717916551594e-07
113857.22073529224; -2.57191903096811e-07
114286.77224527200; -2.45371168083891e-07
114671.57766291726; -2.21596833496025e-07
115101.12917289701; -1.77930559921317e-07
115530.68068287677; -1.58250423551492e-07
115915.48610052202; -1.44079372565917e-07
116345.03761050178; -6.86462240097190e-08
116729.84302814704; -3.47366405631240e-08
117159.39453812680; -3.12039475943420e-08
117588.94604810656; -7.39833984895960e-08
117973.75146575182; -3.11879170360700e-08
118403.30297573158; -2.67364490111760e-08
118788.10839337684; 1.09258872305860e-08
119217.65990335660; 4.03668877119560e-08
119647.21141333636; 3.15916758706730e-08
120032.01683098161; 8.17796535980800e-08
120461.56834096137; 5.76794051686950e-08
120846.37375860663; 6.62903512221670e-08
121275.92526858638; 8.41120144425650e-08
121705.47677856614; 9.49488877973500e-08
122090.28219621140; 9.67606503600670e-08
122519.83370619116; 8.74567933723300e-08
122904.63912383642; 1.03774001572165e-07
123334.19063381618; 1.31083371481423e-07
123763.74214379594; 8.62140176336470e-08
124148.54756144120; 9.88004806769340e-08
124578.09907142096; 9.37878862877980e-08
124962.90448906622; 7.98546791621160e-08
125392.45599904597; 9.61732314734780e-08
125822.00750902573; 4.68773386370410e-08
126206.81292667099; 2.88814518533302e-09
126636.36443665075; 3.41505918661500e-09
127021.16985429601; -6.51686757360303e-09
127450.72136427576; 1.45374511938060e-08
127880.27287425552; -3.35232321525970e-08
128265.07829190078; -4.76683130576680e-08
128694.62980188054; -5.70582113661400e-08
129079.43521952580; -7.85462573758460e-08
129508.98672950556; -9.28555867396240e-08
129938.53823948532; -1.51855502180636e-07
130323.34365713058; -1.59160555194874e-07
130752.89516711034; -1.83258698096195e-07
131137.70058475560; -2.24631740379346e-07
131567.25209473536; -2.18369135808828e-07
131996.80360471513; -2.47465642101505e-07
132381.60902236035; -2.64415556918039e-07
132811.16053234012; -2.98902788424472e-07
133195.96594998537; -3.23081643581642e-07
133625.51745996514; -3.21287726842555e-07
134055.06896994490; -3.62000427388812e-07
134439.87438759016; -3.40162813366132e-07
134869.42589756992; -3.56288873002086e-07
135254.23131521518; -3.99295177592982e-07
135683.78282519494; -4.03336927694043e-07
136113.33433517470; -4.41936536266422e-07
136498.13975281996; -4.21060440043075e-07
136927.69126279972; -4.56643151142687e-07
137312.49668044498; -4.65000969813068e-07
137742.04819042474; -5.01518715356735e-07
138171.59970040451; -5.15201829049912e-07
138556.40511804976; -5.28762673454677e-07
138985.95662802950; -5.98951756387978e-07
139370.76204567475; -5.41161146265248e-07
139800.31355565452; -6.44278032183166e-07
140229.86506563428; -6.59882905647888e-07
140614.67048327954; -7.10709667831958e-07
141044.22199325927; -6.70279234702161e-07
141429.02741090453; -7.45048815575798e-07
141858.57892088429; -7.05240582312979e-07
142288.13043086405; -6.73818365134886e-07
142672.93584850931; -7.38125057705003e-07
143102.48735848907; -7.66140238581347e-07
143487.29277613433; -7.56793407413076e-07
143916.84428611409; -7.45506912788879e-07
144346.39579609386; -7.83602919941926e-07
144731.20121373911; -7.57957520501389e-07
145160.75272371888; -8.12665367923070e-07
145545.55814136413; -7.86068753900852e-07
145975.10965134390; -8.54611388146340e-07
146404.66116132366; -8.65683235438741e-07
146789.46657896892; -8.28780812494719e-07
147219.01808894868; -7.79651747965357e-07
147603.82350659394; -8.35042714205083e-07
148033.37501657370; -8.55000781220940e-07
148462.92652655346; -1.00916858069237e-06
148847.73194419872; -7.91500539091793e-07
149277.28345417845; -9.53663074360862e-07
149662.08887182371; -8.22793502494077e-07
150091.64038180347; -9.28053197401815e-07
150521.19189178324; -8.99021007167356e-07
150905.99730942849; -1.01462517464509e-06
151335.54881940826; -8.73753628783500e-07
151720.35423705351; -1.04161158832777e-06
152149.90574703328; -9.75396723599212e-07
152579.45725701304; -9.28824201978330e-07
152964.26267465830; -9.19683180385747e-07
153393.81418463803; -9.82999486539493e-07
153778.61960228329; -9.99261691899522e-07
154208.17111226305; -9.86286668369830e-07
154637.72262224281; -8.81398286762786e-07
155022.52803988807; -1.01023139056941e-06
155452.07954986783; -9.95036046786335e-07
155836.88496751309; -1.01139270107335e-06
156266.43647749285; -9.31918480223790e-07
156695.98798747262; -9.47772090032668e-07
157080.79340511787; -1.01029933169332e-06
157510.34491509764; -1.00127487970604e-06
157895.15033274289; -9.32422199379953e-07
158324.70184272266; -1.02041298300519e-06
158754.25335270242; -1.13785530920315e-06
159139.05877034768; -1.14887755562194e-06
159568.61028032744; -1.04466857938402e-06
159953.41569797270; -1.05650233423298e-06
160382.96720795246; -1.07472291445962e-06
160812.51871793222; -9.92619877773440e-07
161197.32413557748; -9.09912682457185e-07
161626.87564555721; -9.45072381382936e-07
162011.68106320247; -9.62987078186115e-07
162441.23257318223; -9.44121845744883e-07
162870.78408316200; -9.29048004534745e-07
163255.58950080725; -9.45937122770816e-07
163685.14101078699; -9.29573197728323e-07
164069.94642843225; -9.03524261516242e-07
164499.49793841201; -8.49992489450523e-07
164929.04944839177; -9.21635226772183e-07
165313.85486603703; -8.43202643211940e-07
165743.40637601679; -9.11188346324152e-07
166128.21179366205; -8.54973587347100e-07
166557.76330364181; -8.18351468499581e-07
166987.31481362158; -7.78086220782755e-07
167372.12023126683; -7.44251260934273e-07
167801.67174124660; -7.12078159902367e-07
168186.47715889185; -7.12978758679281e-07
168616.02866887162; -7.32586900102882e-07
169045.58017885138; -6.09730636585393e-07
169430.38559649664; -6.07802252954923e-07
169859.93710647640; -5.84791272304218e-07
170244.74252412166; -5.65783966732682e-07
170674.29403410142; -4.85803276070768e-07
171103.84554408118; -4.22728826859706e-07
171488.65096172644; -3.34234614032476e-07
171918.20247170620; -3.23821887318466e-07
172303.00788935143; 2.45977525786699e-09
172732.55939933119; 7.66003950574010e-08
173072.61872464194; -1.58766274582390e-08
173278.43977294918; -9.73799150889599e-09
173484.26082125638; -4.38880095291401e-09
